ECP,N,2,2,0
6;                                     !Vd
 1 , 23.49694292 , 5.00000000 ;
 2 , 12.76459121 , -14991.57691792 ;
 2 , 12.72992744 , 15368.46798754 ;
 2 , 10.27452266 , -629.06167914 ;
 2 , 9.20254645 , 237.45353547 ;
 3 , 12.03990359 , 117.48471460 ;
6;                                     !Vs-Vd
 2 , 14.24092129 , 11210.49815501 ;
 2 , 15.53111097 , -5670.94784286 ;
 2 , 13.22615045 , -26135.00808883 ;
 2 , 13.84213902 , 16409.77714864 ;
 2 , 9.24728646 , -1559.92270791 ;
 2 , 10.65240878 , 5761.37137715 ;
6;                                     !Vp-Vd
 2 , 13.36198159 , 691.00253458 ;
 2 , 6.66842359 , -1604.10117812 ;
 2 , 21.42124695 , 104.27836150 ;
 2 , 17.19456089 , -424.68029693 ;
 2 , 9.84743052 , -597.86844789 ;
 2 , 6.79781675 , 1826.99095087 ;
