!pp_gamess_Mn_r32
ECP,Mn,10,3,0
6;                                     !Vf
 1 , 18.43432023 , 15.00000000 ;
 2 , 12.74175213 , 31301.57607431 ;
 2 , 11.67410914 , -4576.35625926 ;
 2 , 12.90376156 , -26766.74459267 ;
 2 , 4.97171650 , -4.09340052 ;
 3 , 8.79264820 , 276.51480338 ;
6;                                     !Vs-Vf
 2 , 13.56448995 , 2155.19270153 ;
 2 , 9.44703713 , 9743.42855701 ;
 2 , 10.76216078 , 1464.41628926 ;
 2 , 11.65353852 , -7187.48900350 ;
 2 , 8.48306373 , -6941.76041946 ;
 2 , 6.93377998 , 808.53031575 ;
6;                                     !Vp-Vf
 2 , 12.71339900 , -22364.37958339 ;
 2 , 18.03177410 , 107640.71351772 ;
 2 , 16.68272567 , -40903.95323395 ;
 2 , 13.18873404 , 15460.39192402 ;
 2 , 18.42856698 , -73573.94650741 ;
 2 , 12.90934747 , 13767.00762629 ;
6;                                     !Vd-Vf
 2 , 8.12663805 , -402.73648858 ;
 2 , 14.28696656 , 5964.69418001 ;
 2 , 11.14405996 , 37128.92982731 ;
 2 , 11.37675639 , -40851.91640412 ;
 2 , 18.25843950 , 3730.60409264 ;
 2 , 17.73131484 , -5586.96418493 ;
