!pp_gamess_Cr_r32
ECP,Cr,10,3,0
6;                                     !Vf
 1 , 13.55855069 , 14.00000000 ;
 2 , 15.16019581 , 1266.32913962 ;
 2 , 4.61309519 , -99.30044148 ;
 2 , 15.41094948 , -6598.34038197 ;
 2 , 15.38741463 , 5390.57254965 ;
 3 , 5.25205821 , 189.81970964 ;
6;                                     !Vs-Vf
 2 , 9.77684638 , -84439.08265124 ;
 2 , 9.95976855 , 88499.46736201 ;
 2 , 8.62121459 , 3609.35554605 ;
 2 , 12.29283900 , -10086.30021282 ;
 2 , 18.41002887 , -1600.19516241 ;
 2 , 16.38636920 , 4054.93143066 ;
6;                                     !Vp-Vf
 2 , 12.00085415 , -19875.23765246 ;
 2 , 11.46536744 , 19331.31173570 ;
 2 , 16.24029745 , 3322.29668257 ;
 2 , 18.43303194 , -1277.49474118 ;
 2 , 8.88929100 , -1762.54677004 ;
 2 , 7.51414391 , 284.80188786 ;
6;                                     !Vd-Vf
 2 , 11.10617488 , -4507.59373689 ;
 2 , 8.49980384 , 6094.00071464 ;
 2 , 12.28053937 , 2026.00395710 ;
 2 , 8.18577519 , -4478.26653318 ;
 2 , 14.34195259 , 3217.68478954 ;
 2 , 15.24985048 , -2367.62369444 ;
