CEPP Pseudopotential in real space for Li
Atomic number and pseudo-charge
 3  1.00
Energy units (rydberg/hartree/ev)
rydberg
Angular momentum of local component (0=s,1=p,2=d..)
2
NLRULE override (1) VMC/DMC (2) config gen (0 ==> input/default value)
0 0
Number of grid points
 909
R(i) in atomic units
    0.000000000000000E+00
    0.335725664191122E-05
    0.676281830736384E-05
    0.102173800207626E-04
    0.137216468066923E-04
    0.172763338338024E-04
    0.208821665607625E-04
    0.245398808843178E-04
    0.282502232894744E-04
    0.320139510018459E-04
    0.358318321421918E-04
    0.397046458831797E-04
    0.436331826084025E-04
    0.476182440736842E-04
    0.516606435707063E-04
    0.557612060929882E-04
    0.599207685042566E-04
    0.641401797092364E-04
    0.684203008269000E-04
    0.727620053662084E-04
    0.771661794043817E-04
    0.816337217677341E-04
    0.861655442151110E-04
    0.907625716239654E-04
    0.954257421791116E-04
    0.100156007564195E-03
    0.104954333155915E-03
    0.109821698221048E-03
    0.114759096116296E-03
    0.119767534491020E-03
    0.124848035492882E-03
    0.130001635976457E-03
    0.135229387714830E-03
    0.140532357614258E-03
    0.145911627931901E-03
    0.151368296496697E-03
    0.156903476933415E-03
    0.162518298889928E-03
    0.168213908267754E-03
    0.173991467455925E-03
    0.179852155568203E-03
    0.185797168683729E-03
    0.191827720091119E-03
    0.197945040536081E-03
    0.204150378472592E-03
    0.210445000317685E-03
    0.216830190709911E-03
    0.223307252771513E-03
    0.229877508374370E-03
    0.236542298409778E-03
    0.243302983062100E-03
    0.250160942086363E-03
    0.257117575089843E-03
    0.264174301817708E-03
    0.271332562442761E-03
    0.278593817859363E-03
    0.285959549981576E-03
    0.293431262045602E-03
    0.301010478916572E-03
    0.308698747399744E-03
    0.316497636556187E-03
    0.324408738023002E-03
    0.332433666338149E-03
    0.340574059269955E-03
    0.348831578151352E-03
    0.357207908218936E-03
    0.365704758956896E-03
    0.374323864445892E-03
    0.383066983716961E-03
    0.391935901110504E-03
    0.400932426640444E-03
    0.410058396363625E-03
    0.419315672754521E-03
    0.428706145085343E-03
    0.438231729811609E-03
    0.447894370963261E-03
    0.457696040541420E-03
    0.467638738920834E-03
    0.477724495258133E-03
    0.487955367905940E-03
    0.498333444832959E-03
    0.508860844050092E-03
    0.519539714042700E-03
    0.530372234209067E-03
    0.541360615305194E-03
    0.552507099895974E-03
    0.563813962812866E-03
    0.575283511618159E-03
    0.586918087075907E-03
    0.598720063629648E-03
    0.610691849886985E-03
    0.622835889111157E-03
    0.635154659719664E-03
    0.647650675790082E-03
    0.660326487573141E-03
    0.673184682013201E-03
    0.686227883276206E-03
    0.699458753285233E-03
    0.712879992263757E-03
    0.726494339286725E-03
    0.740304572839556E-03
    0.754313511385194E-03
    0.768524013939310E-03
    0.782938980653790E-03
    0.797561353408606E-03
    0.812394116412215E-03
    0.827440296810589E-03
    0.842702965305010E-03
    0.858185236778758E-03
    0.873890270932807E-03
    0.889821272930679E-03
    0.905981494052563E-03
    0.922374232358860E-03
    0.939002833363262E-03
    0.955870690715526E-03
    0.972981246894064E-03
    0.990337993908505E-03
    0.100794447401236E-02
    0.102580428042594E-02
    0.104392105806968E-02
    0.106229850430803E-02
    0.108094036970400E-02
    0.109985045878462E-02
    0.111903263081738E-02
    0.113849080059783E-02
    0.115822893924858E-02
    0.117825107502969E-02
    0.119856129416081E-02
    0.121916374165512E-02
    0.124006262216524E-02
    0.126126220084136E-02
    0.128276680420170E-02
    0.130458082101545E-02
    0.132670870319850E-02
    0.134915496672196E-02
    0.137192419253384E-02
    0.139502102749397E-02
    0.141845018532228E-02
    0.144221644756088E-02
    0.146632466454985E-02
    0.149077975641715E-02
    0.151558671408274E-02
    0.154075060027714E-02
    0.156627655057466E-02
    0.159216977444151E-02
    0.161843555629897E-02
    0.164507925660184E-02
    0.167210631293245E-02
    0.169952224111040E-02
    0.172733263631821E-02
    0.175554317424327E-02
    0.178415961223614E-02
    0.181318779048552E-02
    0.184263363321018E-02
    0.187250314986796E-02
    0.190280243638228E-02
    0.193353767638614E-02
    0.196471514248419E-02
    0.199634119753283E-02
    0.202842229593876E-02
    0.206096498497627E-02
    0.209397590612343E-02
    0.212746179641750E-02
    0.216142948982984E-02
    0.219588591866070E-02
    0.223083811495391E-02
    0.226629321193207E-02
    0.230225844545231E-02
    0.233874115548304E-02
    0.237574878760191E-02
    0.241328889451534E-02
    0.245136913759995E-02
    0.248999728846608E-02
    0.252918123054389E-02
    0.256892896069226E-02
    0.260924859083081E-02
    0.265014834959543E-02
    0.269163658401761E-02
    0.273372176122796E-02
    0.277641247018425E-02
    0.281971742342420E-02
    0.286364545884370E-02
    0.290820554150039E-02
    0.295340676544336E-02
    0.299925835556905E-02
    0.304576966950400E-02
    0.309295019951452E-02
    0.314080957444395E-02
    0.318935756167777E-02
    0.323860406913699E-02
    0.328855914730018E-02
    0.333923299125463E-02
    0.339063594277702E-02
    0.344277849244403E-02
    0.349567128177332E-02
    0.354932510539525E-02
    0.360375091325598E-02
    0.365895981285213E-02
    0.371496307149769E-02
    0.377177211862348E-02
    0.382939854810979E-02
    0.388785412065241E-02
    0.394715076616293E-02
    0.400730058620338E-02
    0.406831585645600E-02
    0.413020902922854E-02
    0.419299273599556E-02
    0.425667978997636E-02
    0.432128318874993E-02
    0.438681611690760E-02
    0.445329194874379E-02
    0.452072425098551E-02
    0.458912678556115E-02
    0.465851351240906E-02
    0.472889859232655E-02
    0.480029638985994E-02
    0.487272147623614E-02
    0.494618863233638E-02
    0.502071285171282E-02
    0.509630934364849E-02
    0.517299353626125E-02
    0.525078107965249E-02
    0.532968784910105E-02
    0.540972994830314E-02
    0.549092371265885E-02
    0.557328571260598E-02
    0.565683275700182E-02
    0.574158189655355E-02
    0.582755042729810E-02
    0.591475589413195E-02
    0.600321609439182E-02
    0.609294908148684E-02
    0.618397316858296E-02
    0.627630693234041E-02
    0.636996921670492E-02
    0.646497913675349E-02
    0.656135608259547E-02
    0.665911972332983E-02
    0.675829001105930E-02
    0.685888718496232E-02
    0.696093177542352E-02
    0.706444460822371E-02
    0.716944680879008E-02
    0.727595980650759E-02
    0.738400533909240E-02
    0.749360545702821E-02
    0.760478252806642E-02
    0.771755924179108E-02
    0.783195861424947E-02
    0.794800399264937E-02
    0.806571906012382E-02
    0.818512784056455E-02
    0.830625470352486E-02
    0.842912436919313E-02
    0.855376191343776E-02
    0.868019277292489E-02
    0.880844275030953E-02
    0.893853801950161E-02
    0.907050513100758E-02
    0.920437101734906E-02
    0.934016299855930E-02
    0.947790878775884E-02
    0.961763649681132E-02
    0.975937464206069E-02
    0.990315215015099E-02
    0.100489983639298E-01
    0.101969430484369E-01
    0.103470163969783E-01
    0.104992490372890E-01
    0.106536720377831E-01
    0.108103169138947E-01
    0.109692156345095E-01
    0.111304006284893E-01
    0.112939047912904E-01
    0.114597614916766E-01
    0.116280045785299E-01
    0.117986683877580E-01
    0.119717877493021E-01
    0.121473979942449E-01
    0.123255349620216E-01
    0.125062350077337E-01
    0.126895350095685E-01
    0.128754723763260E-01
    0.130640850550529E-01
    0.132554115387873E-01
    0.134494908744143E-01
    0.136463626706353E-01
    0.138460671060511E-01
    0.140486449373622E-01
    0.142541375076862E-01
    0.144625867549955E-01
    0.146740352206764E-01
    0.148885260582108E-01
    0.151061030419835E-01
    0.153268105762159E-01
    0.155506937040277E-01
    0.157777981166304E-01
    0.160081701626514E-01
    0.162418568575936E-01
    0.164789058934303E-01
    0.167193656483386E-01
    0.169632851965724E-01
    0.172107143184778E-01
    0.174617035106529E-01
    0.177163039962529E-01
    0.179745677354443E-01
    0.182365474360089E-01
    0.185022965641011E-01
    0.187718693551592E-01
    0.190453208249741E-01
    0.193227067809174E-01
    0.196040838333304E-01
    0.198895094070782E-01
    0.201790417532684E-01
    0.204727399611399E-01
    0.207706639701218E-01
    0.210728745820662E-01
    0.213794334736573E-01
    0.216904032089981E-01
    0.220058472523792E-01
    0.223258299812308E-01
    0.226504166992613E-01
    0.229796736497846E-01
    0.233136680292394E-01
    0.236524680009034E-01
    0.239961427088037E-01
    0.243447622918287E-01
    0.246983978980420E-01
    0.250571216992029E-01
    0.254210069054955E-01
    0.257901277804697E-01
    0.261645596561976E-01
    0.265443789486472E-01
    0.269296631732780E-01
    0.273204909608610E-01
    0.277169420735256E-01
    0.281190974210381E-01
    0.285270390773143E-01
    0.289408502971693E-01
    0.293606155333086E-01
    0.297864204535639E-01
    0.302183519583765E-01
    0.306564981985322E-01
    0.311009485931516E-01
    0.315517938479397E-01
    0.320091259736968E-01
    0.324730383050971E-01
    0.329436255197368E-01
    0.334209836574563E-01
    0.339052101399405E-01
    0.343964037906012E-01
    0.348946648547454E-01
    0.354000950200338E-01
    0.359127974372341E-01
    0.364328767412722E-01
    0.369604390725865E-01
    0.374955920987902E-01
    0.380384450366437E-01
    0.385891086743453E-01
    0.391476953941402E-01
    0.397143191952571E-01
    0.402890957171730E-01
    0.408721422632138E-01
    0.414635778244942E-01
    0.420635231042019E-01
    0.426721005422314E-01
    0.432894343401721E-01
    0.439156504866560E-01
    0.445508767830701E-01
    0.451952428696388E-01
    0.458488802518817E-01
    0.465119223274514E-01
    0.471845044133586E-01
    0.478667637735878E-01
    0.485588396471112E-01
    0.492608732763049E-01
    0.499730079357749E-01
    0.506953889615968E-01
    0.514281637809770E-01
    0.521714819423403E-01
    0.529254951458505E-01
    0.536903572743703E-01
    0.544662244248664E-01
    0.552532549402663E-01
    0.560516094417743E-01
    0.568614508616514E-01
    0.576829444764676E-01
    0.585162579408321E-01
    0.593615613216097E-01
    0.602190271326281E-01
    0.610888303698863E-01
    0.619711485472677E-01
    0.628661617327689E-01
    0.637740525852486E-01
    0.646950063917052E-01
    0.656292111050915E-01
    0.665768573826733E-01
    0.675381386249390E-01
    0.685132510150705E-01
    0.695023935589807E-01
    0.705057681259281E-01
    0.715235794897150E-01
    0.725560353704788E-01
    0.736033464770848E-01
    0.746657265501285E-01
    0.757433924055571E-01
    0.768365639789180E-01
    0.779454643702450E-01
    0.790703198895892E-01
    0.802113601032056E-01
    0.813688178804041E-01
    0.825429294410751E-01
    0.837339344038978E-01
    0.849420758352434E-01
    0.861676002987807E-01
    0.874107579057968E-01
    0.886718023662404E-01
    0.899509910405007E-01
    0.912485849919307E-01
    0.925648490401262E-01
    0.939000518149715E-01
    0.952544658114632E-01
    0.966283674453219E-01
    0.980220371094046E-01
    0.994357592309288E-01
    0.100869822329520E+00
    0.102324519076094E+00
    0.103800146352587E+00
    0.105297005312545E+00
    0.106815401442582E+00
    0.108355644624730E+00
    0.109918049199679E+00
    0.111502934030928E+00
    0.113110622569861E+00
    0.114741442921760E+00
    0.116395727912766E+00
    0.118073815157801E+00
    0.119776047129476E+00
    0.121502771227978E+00
    0.123254339851973E+00
    0.125031110470525E+00
    0.126833445696050E+00
    0.128661713358319E+00
    0.130516286579526E+00
    0.132397543850439E+00
    0.134305869107644E+00
    0.136241651811897E+00
    0.138205287027612E+00
    0.140197175503486E+00
    0.142217723754283E+00
    0.144267344143803E+00
    0.146346454969035E+00
    0.148455480545527E+00
    0.150594851293981E+00
    0.152765003828099E+00
    0.154966381043684E+00
    0.157199432209034E+00
    0.159464613056627E+00
    0.161762385876129E+00
    0.164093219608746E+00
    0.166457589942919E+00
    0.168855979411414E+00
    0.171288877489794E+00
    0.173756780696313E+00
    0.176260192693254E+00
    0.178799624389713E+00
    0.181375594045871E+00
    0.183988627378760E+00
    0.186639257669560E+00
    0.189328025872427E+00
    0.192055480724898E+00
    0.194822178859879E+00
    0.197628684919245E+00
    0.200475571669075E+00
    0.203363420116547E+00
    0.206292819628509E+00
    0.209264368051764E+00
    0.212278671835079E+00
    0.215336346152955E+00
    0.218438015031169E+00
    0.221584311474136E+00
    0.224775877594092E+00
    0.228013364742138E+00
    0.231297433641173E+00
    0.234628754520738E+00
    0.238008007253801E+00
    0.241435881495503E+00
    0.244913076823916E+00
    0.248440302882806E+00
    0.252018279526470E+00
    0.255647736966640E+00
    0.259329415921514E+00
    0.263064067766923E+00
    0.266852454689673E+00
    0.270695349843103E+00
    0.274593537504867E+00
    0.278547813236998E+00
    0.282558984048268E+00
    0.286627868558886E+00
    0.290755297167568E+00
    0.294942112221011E+00
    0.299189168185795E+00
    0.303497331822778E+00
    0.307867482363982E+00
    0.312300511692031E+00
    0.316797324522174E+00
    0.321358838586924E+00
    0.325985984823349E+00
    0.330679707563069E+00
    0.335440964724974E+00
    0.340270728010724E+00
    0.345169983103061E+00
    0.350139729866964E+00
    0.355180982553719E+00
    0.360294770007899E+00
    0.365482135877348E+00
    0.370744138826165E+00
    0.376081852750766E+00
    0.381496366999050E+00
    0.386988786592717E+00
    0.392560232452788E+00
    0.398211841628369E+00
    0.403944767528701E+00
    0.409760180158562E+00
    0.415659266357039E+00
    0.421643230039748E+00
    0.427713292444538E+00
    0.433870692380722E+00
    0.440116686481903E+00
    0.446452549462433E+00
    0.452879574377565E+00
    0.459399072887343E+00
    0.466012375524294E+00
    0.472720831964972E+00
    0.479525811305404E+00
    0.486428702340501E+00
    0.493430913847495E+00
    0.500533874873446E+00
    0.507739035026890E+00
    0.515047864773682E+00
    0.522461855737097E+00
    0.529982521002247E+00
    0.537611395424882E+00
    0.545350035944626E+00
    0.553200021902732E+00
    0.561162955364396E+00
    0.569240461445716E+00
    0.577434188645358E+00
    0.585745809180984E+00
    0.594177019330531E+00
    0.602729539778395E+00
    0.611405115966596E+00
    0.620205518450998E+00
    0.629132543262652E+00
    0.638188012274341E+00
    0.647373773572395E+00
    0.656691701833859E+00
    0.666143698709085E+00
    0.675731693209835E+00
    0.685457642102956E+00
    0.695323530309737E+00
    0.705331371310991E+00
    0.715483207557985E+00
    0.725781110889270E+00
    0.736227182953512E+00
    0.746823555638409E+00
    0.757572391505777E+00
    0.768475884232896E+00
    0.779536259060207E+00
    0.790755773245452E+00
    0.802136716524342E+00
    0.813681411577865E+00
    0.825392214506304E+00
    0.837271515310088E+00
    0.849321738377549E+00
    0.861545342979710E+00
    0.873944823772179E+00
    0.886522711304277E+00
    0.899281572535482E+00
    0.912224011359309E+00
    0.925352669134723E+00
    0.938670225225206E+00
    0.952179397545569E+00
    0.965882943116643E+00
    0.979783658627944E+00
    0.993884381008435E+00
    0.100818798800550E+01
    0.102269739877226E+01
    0.103741557446330E+01
    0.105234551883904E+01
    0.106749027887871E+01
    0.108285294540225E+01
    0.109843665370102E+01
    0.111424458417776E+01
    0.113027996299560E+01
    0.114654606273646E+01
    0.116304620306902E+01
    0.117978375142610E+01
    0.119676212369200E+01
    0.121398478489959E+01
    0.123145524993744E+01
    0.124917708426724E+01
    0.126715390465136E+01
    0.128538937989107E+01
    0.130388723157520E+01
    0.132265123483974E+01
    0.134168521913823E+01
    0.136099306902332E+01
    0.138057872493957E+01
    0.140044618402757E+01
    0.142059950093978E+01
    0.144104278866796E+01
    0.146178021938261E+01
    0.148281602528441E+01
    0.150415449946798E+01
    0.152579999679805E+01
    0.154775693479817E+01
    0.157002979455231E+01
    0.159262312161935E+01
    0.161554152696078E+01
    0.163878968788173E+01
    0.166237234898553E+01
    0.168629432314201E+01
    0.171056049246973E+01
    0.173517580933238E+01
    0.176014529734944E+01
    0.178547405242146E+01
    0.181116724377004E+01
    0.183723011499280E+01
    0.186366798513349E+01
    0.189048624976759E+01
    0.191769038210341E+01
    0.194528593409910E+01
    0.197327853759576E+01
    0.200167390546676E+01
    0.203047783278370E+01
    0.205969619799906E+01
    0.208933496414592E+01
    0.211940018005495E+01
    0.214989798158883E+01
    0.218083459289456E+01
    0.221221632767366E+01
    0.224404959047070E+01
    0.227634087798042E+01
    0.230909678037358E+01
    0.234232398264190E+01
    0.237602926596240E+01
    0.241021950908130E+01
    0.244490168971792E+01
    0.248008288598867E+01
    0.251577027785163E+01
    0.255197114857188E+01
    0.258869288620784E+01
    0.262594298511915E+01
    0.266372904749610E+01
    0.270205878491114E+01
    0.274094001989268E+01
    0.278038068752160E+01
    0.282038883705063E+01
    0.286097263354710E+01
    0.290214035955933E+01
    0.294390041680692E+01
    0.298626132789549E+01
    0.302923173805596E+01
    0.307282041690893E+01
    0.311703626025444E+01
    0.316188829188744E+01
    0.320738566543945E+01
    0.325353766624667E+01
    0.330035371324495E+01
    0.334784336089208E+01
    0.339601630111772E+01
    0.344488236530136E+01
    0.349445152627877E+01
    0.354473390037728E+01
    0.359573974948042E+01
    0.364747948312218E+01
    0.369996366061145E+01
    0.375320299318702E+01
    0.380720834620360E+01
    0.386199074134924E+01
    0.391756135889471E+01
    0.397393153997526E+01
    0.403111278890511E+01
    0.408911677552537E+01
    0.414795533758566E+01
    0.420764048315999E+01
    0.426818439309747E+01
    0.432959942350823E+01
    0.439189810828511E+01
    0.445509316166163E+01
    0.451919748080679E+01
    0.458422414845721E+01
    0.465018643558707E+01
    0.471709780411657E+01
    0.478497190965927E+01
    0.485382260430904E+01
    0.492366393946701E+01
    0.499451016870928E+01
    0.506637575069589E+01
    0.513927535212157E+01
    0.521322385070901E+01
    0.528823633824521E+01
    0.536432812366144E+01
    0.544151473615759E+01
    0.551981192837148E+01
    0.559923567959366E+01
    0.567980219902862E+01
    0.576152792910283E+01
    0.584442954882034E+01
    0.592852397716681E+01
    0.601382837656234E+01
    0.610036015636410E+01
    0.618813697641933E+01
    0.627717675066943E+01
    0.636749765080594E+01
    0.645911810997911E+01
    0.655205682655982E+01
    0.664633276795567E+01
    0.674196517448190E+01
    0.683897356328810E+01
    0.693737773234133E+01
    0.703719776446661E+01
    0.713845403144554E+01
    0.724116719817381E+01
    0.734535822687871E+01
    0.745104838139709E+01
    0.755825923151508E+01
    0.766701265737011E+01
    0.777733085391635E+01
    0.788923633545435E+01
    0.800275194022590E+01
    0.811790083507494E+01
    0.823470652017557E+01
    0.835319283382814E+01
    0.847338395732422E+01
    0.859530441988167E+01
    0.871897910365073E+01
    0.884443324879202E+01
    0.897169245862772E+01
    0.910078270486684E+01
    0.923173033290565E+01
    0.936456206720435E+01
    0.949930501674119E+01
    0.963598668054495E+01
    0.977463495330714E+01
    0.991527813107484E+01
    0.100579449170255E+02
    0.102026644273250E+02
    0.103494661970695E+02
    0.104983801863133E+02
    0.106494367861835E+02
    0.108026668250816E+02
    0.109581015749763E+02
    0.111157727577843E+02
    0.112757125518454E+02
    0.114379535984891E+02
    0.116025290086960E+02
    0.117694723698558E+02
    0.119388177526217E+02
    0.121105997178636E+02
    0.122848533237216E+02
    0.124616141327610E+02
    0.126409182192297E+02
    0.128228021764208E+02
    0.130073031241404E+02
    0.131944587162837E+02
    0.133843071485189E+02
    0.135768871660830E+02
    0.137722380716888E+02
    0.139703997335462E+02
    0.141714125934982E+02
    0.143753176752754E+02
    0.145821565928673E+02
    0.147919715590159E+02
    0.150048053938303E+02
    0.152207015335256E+02
    0.154397040392879E+02
    0.156618576062661E+02
    0.158872075726941E+02
    0.161157999291429E+02
    0.163476813279074E+02
    0.165828990925268E+02
    0.168215012274428E+02
    0.170635364277969E+02
    0.173090540893681E+02
    0.175581043186536E+02
    0.178107379430952E+02
    0.180670065214524E+02
    0.183269623543245E+02
    0.185906584948245E+02
    0.188581487594065E+02
    0.191294877388489E+02
    0.194047308093953E+02
    0.196839341440562E+02
    0.199671547240732E+02
    0.202544503505475E+02
    0.205458796562369E+02
    0.208415021175213E+02
    0.211413780665413E+02
    0.214455687035110E+02
    0.217541361092081E+02
    0.220671432576433E+02
    0.223846540289131E+02
    0.227067332222360E+02
    0.230334465691774E+02
    0.233648607470647E+02
    0.237010433925946E+02
    0.240420631156370E+02
    0.243879895132374E+02
    0.247388931838205E+02
    0.250948457415982E+02
    0.254559198311851E+02
    0.258221891424241E+02
    0.261937284254254E+02
    0.265706135058221E+02
    0.269529213002448E+02
    0.273407298320192E+02
    0.277341182470898E+02
    0.281331668301718E+02
    0.285379570211367E+02
    0.289485714316324E+02
    0.293650938619435E+02
    0.297876093180931E+02
    0.302162040291918E+02
    0.306509654650357E+02
    0.310919823539572E+02
    0.315393447009339E+02
    0.319931438059566E+02
    0.324534722826625E+02
    0.329204240772365E+02
    0.333940944875839E+02
    0.338745801827793E+02
    0.343619792227956E+02
    0.348563910785163E+02
    0.353579166520361E+02
    0.358666582972536E+02
    0.363827198407600E+02
    0.369062066030289E+02
    0.374372254199102E+02
    0.379758846644342E+02
    0.385222942689286E+02
    0.390765657474539E+02
    0.396388122185622E+02
    0.402091484283827E+02
    0.407876907740398E+02
    0.413745573274080E+02
    0.419698678592086E+02
    0.425737438634529E+02
    0.431863085822379E+02
    0.438076870308974E+02
    0.444380060235166E+02
    0.450773941988121E+02
    0.457259820463859E+02
    0.463839019333561E+02
    0.470512881313706E+02
    0.477282768440109E+02
    0.484150062345884E+02
    0.491116164543419E+02
    0.498182496710399E+02
    0.505350500979958E+02
    0.512621640234988E+02
    0.519997398406696E+02
    0.527479280777451E+02
    0.535068814287992E+02
    0.542767547849050E+02
    0.550577052657459E+02
    0.558498922516818E+02
    0.566534774162755E+02
    0.574686247592885E+02
    0.582955006401507E+02
    0.591342738119117E+02
    0.599851154556811E+02
    0.608481992155637E+02
    0.617237012340980E+02
    0.626118001882040E+02
    0.635126773256487E+02
    0.644265165020357E+02
    0.653535042183281E+02
    0.662938296589097E+02
    0.672476847301953E+02
    0.682152640997960E+02
    0.691967652362473E+02
    0.701923884493104E+02
    0.712023369308516E+02
    0.722268167963112E+02
    0.732660371267687E+02
    0.743202100116126E+02
    0.753895505918252E+02
    0.764742771038894E+02
    0.775746109243277E+02
    0.786907766148817E+02
    0.798230019683418E+02
    0.809715180550363E+02
    0.821365592699897E+02
    0.833183633807588E+02
    0.845171715759578E+02
    0.857332285144813E+02
    0.869667823754354E+02
    0.882180849087874E+02
    0.894873914867443E+02
    0.907749611558702E+02
    0.920810566899545E+02
    0.934059446436392E+02
    0.947498954068195E+02
    0.961131832598259E+02
    0.974960864294009E+02
    0.988988871454809E+02
    0.100321871698795E+03
r*potential (L=0) in Ry
    0.000000000000000E+00
    0.532520843867205E-05
    0.107270372690596E-04
    0.162065889239585E-04
    0.217649816982349E-04
    0.274033499770532E-04
    0.331228444673870E-04
    0.389246324328609E-04
    0.448098979319721E-04
    0.507798420597388E-04
    0.568356831928259E-04
    0.629786572381973E-04
    0.692100178853468E-04
    0.755310368621564E-04
    0.819430041944379E-04
    0.884472284692076E-04
    0.950450371017493E-04
    0.101737776606520E-03
    0.108526812871955E-03
    0.115413531439221E-03
    0.122399337784990E-03
    0.129485657608272E-03
    0.136673937121381E-03
    0.143965643345086E-03
    0.151362264408005E-03
    0.158865309850311E-03
    0.166476310931812E-03
    0.174196820944448E-03
    0.182028415529304E-03
    0.189972692998172E-03
    0.198031274659738E-03
    0.206205805150475E-03
    0.214497952770283E-03
    0.222909409822967E-03
    0.231441892961607E-03
    0.240097143538907E-03
    0.248876927962577E-03
    0.257783038055826E-03
    0.266817291423054E-03
    0.275981531820793E-03
    0.285277629533991E-03
    0.294707481757709E-03
    0.304273012984313E-03
    0.313976175396231E-03
    0.323818949264367E-03
    0.333803343352240E-03
    0.343931395325949E-03
    0.354205172170026E-03
    0.364626770609280E-03
    0.375198317536702E-03
    0.385921970447538E-03
    0.396799917879599E-03
    0.407834379859907E-03
    0.419027608357774E-03
    0.430381887744392E-03
    0.441899535259039E-03
    0.453582901481995E-03
    0.465434370814259E-03
    0.477456361964171E-03
    0.489651328441031E-03
    0.502021759055828E-03
    0.514570178429167E-03
    0.527299147506507E-03
    0.540211264080810E-03
    0.553309163322715E-03
    0.566595518318333E-03
    0.580073040614789E-03
    0.593744480773604E-03
    0.607612628932046E-03
    0.621680315372553E-03
    0.635950411100355E-03
    0.650425828429400E-03
    0.665109521576717E-03
    0.680004487265324E-03
    0.695113765335816E-03
    0.710440439366753E-03
    0.725987637303970E-03
    0.741758532098945E-03
    0.757756342356350E-03
    0.773984332990921E-03
    0.790445815893781E-03
    0.807144150608340E-03
    0.824082745015938E-03
    0.841265056031332E-03
    0.858694590308211E-03
    0.876374904954841E-03
    0.894309608260029E-03
    0.912502360429510E-03
    0.930956874332947E-03
    0.949676916261672E-03
    0.968666306697326E-03
    0.987928921091566E-03
    0.100746869065698E-02
    0.102728960316941E-02
    0.104739570378176E-02
    0.106779109584958E-02
    0.108847994176850E-02
    0.110946646382369E-02
    0.113075494505160E-02
    0.115234973011402E-02
    0.117425522618480E-02
    0.119647590384926E-02
    0.121901629801659E-02
    0.124188100884535E-02
    0.126507470268229E-02
    0.128860211301467E-02
    0.131246804143632E-02
    0.133667735862755E-02
    0.136123500534921E-02
    0.138614599345099E-02
    0.141141540689429E-02
    0.143704840278976E-02
    0.146305021244981E-02
    0.148942614245624E-02
    0.151618157574320E-02
    0.154332197269580E-02
    0.157085287226450E-02
    0.159877989309550E-02
    0.162710873467741E-02
    0.165584517850447E-02
    0.168499508925645E-02
    0.171456441599553E-02
    0.174455919338041E-02
    0.177498554289793E-02
    0.180584967411231E-02
    0.183715788593251E-02
    0.186891656789765E-02
    0.190113220148110E-02
    0.193381136141319E-02
    0.196696071702306E-02
    0.200058703359972E-02
    0.203469717377278E-02
    0.206929809891300E-02
    0.210439687055298E-02
    0.214000065182834E-02
    0.217611670893959E-02
    0.221275241263505E-02
    0.224991523971510E-02
    0.228761277455809E-02
    0.232585271066821E-02
    0.236464285224558E-02
    0.240399111577900E-02
    0.244390553166156E-02
    0.248439424582952E-02
    0.252546552142479E-02
    0.256712774048128E-02
    0.260938940563559E-02
    0.265225914186219E-02
    0.269574569823372E-02
    0.273985794970647E-02
    0.278460489893169E-02
    0.282999567809284E-02
    0.287603955076931E-02
    0.292274591382703E-02
    0.297012429933618E-02
    0.301818437651653E-02
    0.306693595371080E-02
    0.311638898038636E-02
    0.316655354916578E-02
    0.321743989788653E-02
    0.326905841169043E-02
    0.332141962514301E-02
    0.337453422438349E-02
    0.342841304930564E-02
    0.348306709577001E-02
    0.353850751784802E-02
    0.359474563009832E-02
    0.365179290987588E-02
    0.370966099967437E-02
    0.376836170950214E-02
    0.382790701929251E-02
    0.388830908134861E-02
    0.394958022282350E-02
    0.401173294823593E-02
    0.407477994202224E-02
    0.413873407112513E-02
    0.420360838761948E-02
    0.426941613137612E-02
    0.433617073276383E-02
    0.440388581539021E-02
    0.447257519888208E-02
    0.454225290170576E-02
    0.461293314402799E-02
    0.468463035061803E-02
    0.475735915379149E-02
    0.483113439639647E-02
    0.490597113484276E-02
    0.498188464217452E-02
    0.505889041118727E-02
    0.513700415758960E-02
    0.521624182321050E-02
    0.529661957925275E-02
    0.537815382959312E-02
    0.546086121413012E-02
    0.554475861217980E-02
    0.562986314592052E-02
    0.571619218388721E-02
    0.580376334451592E-02
    0.589259449973937E-02
    0.598270377863421E-02
    0.607410957112078E-02
    0.616683053171607E-02
    0.626088558334071E-02
    0.635629392118067E-02
    0.645307501660456E-02
    0.655124862113728E-02
    0.665083477049083E-02
    0.675185378865312E-02
    0.685432629203554E-02
    0.695827319368032E-02
    0.706371570752828E-02
    0.717067535274808E-02
    0.727917395812768E-02
    0.738923366652900E-02
    0.750087693940670E-02
    0.761412656139187E-02
    0.772900564494175E-02
    0.784553763505630E-02
    0.796374631406261E-02
    0.808365580646811E-02
    0.820529058388369E-02
    0.832867547001749E-02
    0.845383564574066E-02
    0.858079665422590E-02
    0.870958440615992E-02
    0.884022518503095E-02
    0.897274565249219E-02
    0.910717285380249E-02
    0.924353422334524E-02
    0.938185759022668E-02
    0.952217118395467E-02
    0.966450364019920E-02
    0.980888400663570E-02
    0.995534174887241E-02
    0.101039067564630E-01
    0.102546093490056E-01
    0.104074802823296E-01
    0.105625507547717E-01
    0.107198524135414E-01
    0.108794173611790E-01
    0.110412781621058E-01
    0.112054678492688E-01
    0.113720199308808E-01
    0.115409683972576E-01
    0.117123477277533E-01
    0.118861928977953E-01
    0.120625393860208E-01
    0.122414231815152E-01
    0.124228807911558E-01
    0.126069492470593E-01
    0.127936661141382E-01
    0.129830694977646E-01
    0.131751980515445E-01
    0.133700909852041E-01
    0.135677880725890E-01
    0.137683296597791E-01
    0.139717566733190E-01
    0.141781106285679E-01
    0.143874336381688E-01
    0.145997684206393E-01
    0.148151583090865E-01
    0.150336472600463E-01
    0.152552798624508E-01
    0.154801013467229E-01
    0.157081575940036E-01
    0.159394951455098E-01
    0.161741612120285E-01
    0.164122036835455E-01
    0.166536711390139E-01
    0.168986128562620E-01
    0.171470788220439E-01
    0.173991197422342E-01
    0.176547870521693E-01
    0.179141329271371E-01
    0.181772102930171E-01
    0.184440728370735E-01
    0.187147750189033E-01
    0.189893720815411E-01
    0.192679200627236E-01
    0.195504758063159E-01
    0.198370969739011E-01
    0.201278420565373E-01
    0.204227703866818E-01
    0.207219421502877E-01
    0.210254183990732E-01
    0.213332610629668E-01
    0.216455329627316E-01
    0.219622978227700E-01
    0.222836202841122E-01
    0.226095659175906E-01
    0.229402012372034E-01
    0.232755937136695E-01
    0.236158117881775E-01
    0.239609248863317E-01
    0.243110034322977E-01
    0.246661188631510E-01
    0.250263436434306E-01
    0.253917512799010E-01
    0.257624163365255E-01
    0.261384144496539E-01
    0.265198223434272E-01
    0.269067178454028E-01
    0.272991799024033E-01
    0.276972885965913E-01
    0.281011251617750E-01
    0.285107719999455E-01
    0.289263126980515E-01
    0.293478320450131E-01
    0.297754160489785E-01
    0.302091519548274E-01
    0.306491282619238E-01
    0.310954347421224E-01
    0.315481624580319E-01
    0.320074037815382E-01
    0.324732524125929E-01
    0.329458033982681E-01
    0.334251531520834E-01
    0.339113994736088E-01
    0.344046415683455E-01
    0.349049800678905E-01
    0.354125170503880E-01
    0.359273560612714E-01
    0.364496021343011E-01
    0.369793618129000E-01
    0.375167431717935E-01
    0.380618558389561E-01
    0.386148110178699E-01
    0.391757215100992E-01
    0.397447017381848E-01
    0.403218677688640E-01
    0.409073373366188E-01
    0.415012298675585E-01
    0.421036665036406E-01
    0.427147701272345E-01
    0.433346653860327E-01
    0.439634787183152E-01
    0.446013383785708E-01
    0.452483744634807E-01
    0.459047189382694E-01
    0.465705056634278E-01
    0.472458704218144E-01
    0.479309509461380E-01
    0.486258869468293E-01
    0.493308201403049E-01
    0.500458942776311E-01
    0.507712551735903E-01
    0.515070507361587E-01
    0.522534309963981E-01
    0.530105481387699E-01
    0.537785565318752E-01
    0.545576127596287E-01
    0.553478756528706E-01
    0.561495063214244E-01
    0.569626681866056E-01
    0.577875270141881E-01
    0.586242509478350E-01
    0.594730105429997E-01
    0.603339788013044E-01
    0.612073312054034E-01
    0.620932457543368E-01
    0.629919029993827E-01
    0.639034860804155E-01
    0.648281807627762E-01
    0.657661754746636E-01
    0.667176613450544E-01
    0.676828322421579E-01
    0.686618848124170E-01
    0.696550185200597E-01
    0.706624356872137E-01
    0.716843415345897E-01
    0.727209442227442E-01
    0.737724548939304E-01
    0.748390877145470E-01
    0.759210599181950E-01
    0.770185918493517E-01
    0.781319070076740E-01
    0.792612320929406E-01
    0.804067970506443E-01
    0.815688351182475E-01
    0.827475828721117E-01
    0.839432802751135E-01
    0.851561707249615E-01
    0.863865011032265E-01
    0.876345218250992E-01
    0.889004868898917E-01
    0.901846539322960E-01
    0.914872842744182E-01
    0.928086429786025E-01
    0.941489989010657E-01
    0.955086247463589E-01
    0.968877971226757E-01
    0.982867965980294E-01
    0.997059077573186E-01
    0.101145419260305E+00
    0.102605623900527E+00
    0.104086818665176E+00
    0.105589304795955E+00
    0.107113387850963E+00
    0.108659377767611E+00
    0.110227588926627E+00
    0.111818340217166E+00
    0.113431955103059E+00
    0.115068761690254E+00
    0.116729092795468E+00
    0.118413286016107E+00
    0.120121683801490E+00
    0.121854633525423E+00
    0.123612487560177E+00
    0.125395603351923E+00
    0.127204343497663E+00
    0.129039075823742E+00
    0.130900173465984E+00
    0.132788014951515E+00
    0.134702984282360E+00
    0.136645471020873E+00
    0.138615870377078E+00
    0.140614583298011E+00
    0.142642016559143E+00
    0.144698582857980E+00
    0.146784700909933E+00
    0.148900795546561E+00
    0.151047297816302E+00
    0.153224645087793E+00
    0.155433281155907E+00
    0.157673656350638E+00
    0.159946227648948E+00
    0.162251458789738E+00
    0.164589820392074E+00
    0.166961790076827E+00
    0.169367852591883E+00
    0.171808499941091E+00
    0.174284231517138E+00
    0.176795554238500E+00
    0.179342982690701E+00
    0.181927039272034E+00
    0.184548254343983E+00
    0.187207166386532E+00
    0.189904322158586E+00
    0.192640276863727E+00
    0.195415594321536E+00
    0.198230847144697E+00
    0.201086616922142E+00
    0.203983494408455E+00
    0.206922079719786E+00
    0.209902982536511E+00
    0.212926822312874E+00
    0.215994228493844E+00
    0.219105840739421E+00
    0.222262309156596E+00
    0.225464294539185E+00
    0.228712468615712E+00
    0.232007514305524E+00
    0.235350125983273E+00
    0.238741009751893E+00
    0.242180883724135E+00
    0.245670478312719E+00
    0.249210536529075E+00
    0.252801814290617E+00
    0.256445080736410E+00
    0.260141118551027E+00
    0.263890724296284E+00
    0.267694708750471E+00
    0.271553897254566E+00
    0.275469130064776E+00
    0.279441262710650E+00
    0.283471166357790E+00
    0.287559728174047E+00
    0.291707851697867E+00
    0.295916457207222E+00
    0.300186482087309E+00
    0.304518881194938E+00
    0.308914627217183E+00
    0.313374711021558E+00
    0.317900141994594E+00
    0.322491948365254E+00
    0.327151177509210E+00
    0.331878896229459E+00
    0.336676191008245E+00
    0.341544168224628E+00
    0.346483954331430E+00
    0.351496695984543E+00
    0.356583560116856E+00
    0.361745733948220E+00
    0.366984424921984E+00
    0.372300860557691E+00
    0.377696288208494E+00
    0.383171974710760E+00
    0.388729205912172E+00
    0.394369286063398E+00
    0.400093537057078E+00
    0.405903297496508E+00
    0.411799921574929E+00
    0.417784777744815E+00
    0.423859247154936E+00
    0.430024721831356E+00
    0.436282602576756E+00
    0.442634296560776E+00
    0.449081214572213E+00
    0.455624767902137E+00
    0.462266364825127E+00
    0.469007406644016E+00
    0.475849283261735E+00
    0.482793368242123E+00
    0.489841013319873E+00
    0.496993542318303E+00
    0.504252244432170E+00
    0.511618366831629E+00
    0.519093106542404E+00
    0.526677601556626E+00
    0.534372921128419E+00
    0.542180055208444E+00
    0.550099902972134E+00
    0.558133260397478E+00
    0.566280806849948E+00
    0.574543090634591E+00
    0.582920513478552E+00
    0.591413313911422E+00
    0.600021549515883E+00
    0.608745078027310E+00
    0.617583537268321E+00
    0.626536323912830E+00
    0.635602571084123E+00
    0.644781124802784E+00
    0.654070519313156E+00
    0.663468951331384E+00
    0.672974253273996E+00
    0.682583865543546E+00
    0.692294807966849E+00
    0.702103650501958E+00
    0.712006483351949E+00
    0.721998886646805E+00
    0.732075899878901E+00
    0.742231991302575E+00
    0.752461027533616E+00
    0.762756243609831E+00
    0.773110213798548E+00
    0.783514823460425E+00
    0.793961242300414E+00
    0.804439899355402E+00
    0.814940460082855E+00
    0.825451805924618E+00
    0.835962016723686E+00
    0.846458356367779E+00
    0.856927262020581E+00
    0.867354337277833E+00
    0.877724349549510E+00
    0.888021231919331E+00
    0.898228089667114E+00
    0.908327211556266E+00
    0.918300085886445E+00
    0.928127421188619E+00
    0.937789171295215E+00
    0.947264564350914E+00
    0.956532135139471E+00
    0.965569759888927E+00
    0.974354692482525E+00
    0.982863600747363E+00
    0.991072601220025E+00
    0.998957290502104E+00
    0.100649277102396E+01
    0.101365366873914E+01
    0.102041413998303E+01
    0.102674786445797E+01
    0.103262802106549E+01
    0.103802724310832E+01
    0.104291754924753E+01
    0.104727024654012E+01
    0.105105580192121E+01
    0.105424367865215E+01
    0.105680213455484E+01
    0.105869797931591E+01
    0.105989628879372E+01
    0.106036007511958E+01
    0.106004991246987E+01
    0.105892351971402E+01
    0.105693530272684E+01
    0.105403586099464E+01
    0.105017146524157E+01
    0.104528351514016E+01
    0.103930798872363E+01
    0.103217489784689E+01
    0.102380776689392E+01
    0.101412315482991E+01
    0.100303024355663E+01
    0.990430518242198E+00
    0.976217567734752E+00
    0.960277035190439E+00
    0.942486750491861E+00
    0.922717076733390E+00
    0.900831502828522E+00
    0.876687512974092E+00
    0.850137761116687E+00
    0.821031574553451E+00
    0.789216805235026E+00
    0.754542040132577E+00
    0.716859173143983E+00
    0.676026330469191E+00
    0.631911129278903E+00
    0.584394236017302E+00
    0.533373176095788E+00
    0.478766331428385E+00
    0.420517046710062E+00
    0.358597750124789E+00
    0.293013979958096E+00
    0.223808196119500E+00
    0.151063245643589E+00
    0.749053446435457E-01
   -0.449356327270312E-02
   -0.869142097194864E-01
   -0.172089295113329E+00
   -0.259703789057623E+00
   -0.349396333528657E+00
   -0.440761818785520E+00
   -0.533355170055434E+00
   -0.626696346043366E+00
   -0.720276509193102E+00
   -0.813565283741093E+00
   -0.906018972624881E+00
   -0.997089560170026E+00
   -0.108623428630793E+01
   -0.117292554208838E+01
   -0.125666080763502E+01
   -0.133697233448035E+01
   -0.141343626614328E+01
   -0.148568089517396E+01
   -0.155339377242565E+01
   -0.161632741509742E+01
   -0.167430340346938E+01
   -0.172721471081419E+01
   -0.177502617457352E+01
   -0.181777308674235E+01
   -0.185555795419157E+01
   -0.188854555172150E+01
   -0.191695645819183E+01
   -0.194105932544795E+01
   -0.196116217765730E+01
   -0.197760307237953E+01
   -0.199074047232446E+01
   -0.200094367736330E+01
   -0.200858365005604E+01
   -0.201402453589982E+01
   -0.201761613383005E+01
   -0.201968751618980E+01
   -0.202054193401566E+01
   -0.202045307701251E+01
   -0.201966269201281E+01
   -0.201837950281143E+01
   -0.201677932131340E+01
   -0.201500619748474E+01
   -0.201317442534129E+01
   -0.201137120488387E+01
   -0.200965975528592E+01
   -0.200808268170437E+01
   -0.200666541505318E+01
   -0.200541956868833E+01
   -0.200434608565988E+01
   -0.200343808240066E+01
   -0.200268332701378E+01
   -0.200206632059557E+01
   -0.200156997665008E+01
   -0.200117691550061E+01
   -0.200087040710426E+01
   -0.200063500674572E+01
   -0.200045693406525E+01
   -0.200032424741913E+01
   -0.200022686354001E+01
   -0.200015646781157E+01
   -0.200010635414196E+01
   -0.200007122627293E+01
   -0.200004698511445E+01
   -0.200003051989666E+01
   -0.200001951495350E+01
   -0.200001227900191E+01
   -0.200000759992372E+01
   -0.200000462525133E+01
   -0.200000276668677E+01
   -0.200000162588755E+01
   -0.200000093825760E+01
   -0.200000053141883E+01
   -0.200000029525894E+01
   -0.200000016083212E+01
   -0.200000008583829E+01
   -0.200000004485833E+01
   -0.200000002293780E+01
   -0.200000001146763E+01
   -0.200000000560074E+01
   -0.200000000266972E+01
   -0.200000000124076E+01
   -0.200000000056158E+01
   -0.200000000024721E+01
   -0.200000000010568E+01
   -0.200000000004379E+01
   -0.200000000001755E+01
   -0.200000000000678E+01
   -0.200000000000252E+01
   -0.200000000000090E+01
   -0.200000000000030E+01
   -0.200000000000010E+01
   -0.200000000000003E+01
   -0.200000000000001E+01
   -0.200000000000000E+01
   -0.200000000000000E+01
   -0.200000000000000E+01
   -0.200000000000000E+01
   -0.200000000000000E+01
   -0.200000000000000E+01
   -0.200000000000000E+01
   -0.200000000000000E+01
   -0.200000000000000E+01
   -0.200000000000000E+01
   -0.200000000000000E+01
   -0.200000000000000E+01
   -0.200000000000000E+01
   -0.200000000000000E+01
   -0.200000000000000E+01
   -0.200000000000000E+01
   -0.200000000000000E+01
   -0.200000000000000E+01
   -0.200000000000000E+01
   -0.200000000000000E+01
   -0.200000000000000E+01
   -0.200000000000000E+01
   -0.200000000000000E+01
   -0.200000000000000E+01
   -0.200000000000000E+01
   -0.200000000000000E+01
   -0.200000000000000E+01
   -0.200000000000000E+01
   -0.200000000000000E+01
   -0.200000000000000E+01
   -0.200000000000000E+01
   -0.200000000000000E+01
   -0.200000000000000E+01
   -0.200000000000000E+01
   -0.200000000000000E+01
   -0.200000000000000E+01
   -0.200000000000000E+01
   -0.200000000000000E+01
   -0.200000000000000E+01
   -0.200000000000000E+01
   -0.200000000000000E+01
   -0.200000000000000E+01
   -0.200000000000000E+01
   -0.200000000000000E+01
   -0.200000000000000E+01
   -0.200000000000000E+01
   -0.200000000000000E+01
   -0.200000000000000E+01
   -0.200000000000000E+01
   -0.200000000000000E+01
   -0.200000000000000E+01
   -0.200000000000000E+01
   -0.200000000000000E+01
   -0.200000000000000E+01
   -0.200000000000000E+01
   -0.200000000000000E+01
   -0.200000000000000E+01
   -0.200000000000000E+01
   -0.200000000000000E+01
   -0.200000000000000E+01
   -0.200000000000000E+01
   -0.200000000000000E+01
   -0.200000000000000E+01
   -0.200000000000000E+01
   -0.200000000000000E+01
   -0.200000000000000E+01
   -0.200000000000000E+01
   -0.200000000000000E+01
   -0.200000000000000E+01
   -0.200000000000000E+01
   -0.200000000000000E+01
   -0.200000000000000E+01
   -0.200000000000000E+01
   -0.200000000000000E+01
   -0.200000000000000E+01
   -0.200000000000000E+01
   -0.200000000000000E+01
   -0.200000000000000E+01
   -0.200000000000000E+01
   -0.200000000000000E+01
   -0.200000000000000E+01
   -0.200000000000000E+01
   -0.200000000000000E+01
   -0.200000000000000E+01
   -0.200000000000000E+01
   -0.200000000000000E+01
   -0.200000000000000E+01
   -0.200000000000000E+01
   -0.200000000000000E+01
   -0.200000000000000E+01
   -0.200000000000000E+01
   -0.200000000000000E+01
   -0.200000000000000E+01
   -0.200000000000000E+01
   -0.200000000000000E+01
   -0.200000000000000E+01
   -0.200000000000000E+01
   -0.200000000000000E+01
   -0.200000000000000E+01
   -0.200000000000000E+01
   -0.200000000000000E+01
   -0.200000000000000E+01
   -0.200000000000000E+01
   -0.200000000000000E+01
   -0.200000000000000E+01
   -0.200000000000000E+01
   -0.200000000000000E+01
   -0.200000000000000E+01
   -0.200000000000000E+01
   -0.200000000000000E+01
   -0.200000000000000E+01
   -0.200000000000000E+01
   -0.200000000000000E+01
   -0.200000000000000E+01
   -0.200000000000000E+01
   -0.200000000000000E+01
   -0.200000000000000E+01
   -0.200000000000000E+01
   -0.200000000000000E+01
   -0.200000000000000E+01
   -0.200000000000000E+01
   -0.200000000000000E+01
   -0.200000000000000E+01
   -0.200000000000000E+01
   -0.200000000000000E+01
   -0.200000000000000E+01
   -0.200000000000000E+01
   -0.200000000000000E+01
   -0.200000000000000E+01
   -0.200000000000000E+01
   -0.200000000000000E+01
   -0.200000000000000E+01
   -0.200000000000000E+01
   -0.200000000000000E+01
   -0.200000000000000E+01
   -0.200000000000000E+01
   -0.200000000000000E+01
   -0.200000000000000E+01
   -0.200000000000000E+01
   -0.200000000000000E+01
   -0.200000000000000E+01
   -0.200000000000000E+01
   -0.200000000000000E+01
   -0.200000000000000E+01
   -0.200000000000000E+01
   -0.200000000000000E+01
   -0.200000000000000E+01
   -0.200000000000000E+01
   -0.200000000000000E+01
   -0.200000000000000E+01
   -0.200000000000000E+01
   -0.200000000000000E+01
   -0.200000000000000E+01
   -0.200000000000000E+01
   -0.200000000000000E+01
   -0.200000000000000E+01
   -0.200000000000000E+01
   -0.200000000000000E+01
   -0.200000000000000E+01
   -0.200000000000000E+01
   -0.200000000000000E+01
   -0.200000000000000E+01
   -0.200000000000000E+01
   -0.200000000000000E+01
   -0.200000000000000E+01
   -0.200000000000000E+01
   -0.200000000000000E+01
   -0.200000000000000E+01
   -0.200000000000000E+01
   -0.200000000000000E+01
   -0.200000000000000E+01
   -0.200000000000000E+01
   -0.200000000000000E+01
   -0.200000000000000E+01
   -0.200000000000000E+01
   -0.200000000000000E+01
   -0.200000000000000E+01
   -0.200000000000000E+01
   -0.200000000000000E+01
   -0.200000000000000E+01
   -0.200000000000000E+01
   -0.200000000000000E+01
   -0.200000000000000E+01
   -0.200000000000000E+01
   -0.200000000000000E+01
   -0.200000000000000E+01
   -0.200000000000000E+01
   -0.200000000000000E+01
   -0.200000000000000E+01
   -0.200000000000000E+01
   -0.200000000000000E+01
   -0.200000000000000E+01
   -0.200000000000000E+01
   -0.200000000000000E+01
   -0.200000000000000E+01
   -0.200000000000000E+01
   -0.200000000000000E+01
   -0.200000000000000E+01
   -0.200000000000000E+01
   -0.200000000000000E+01
   -0.200000000000000E+01
   -0.200000000000000E+01
   -0.200000000000000E+01
   -0.200000000000000E+01
   -0.200000000000000E+01
   -0.200000000000000E+01
   -0.200000000000000E+01
   -0.200000000000000E+01
   -0.200000000000000E+01
r*potential (L=1) in Ry
    0.000000000000000E+00
   -0.112163748088959E-04
   -0.225941335413289E-04
   -0.341355982283670E-04
   -0.458431243110250E-04
   -0.577191011209744E-04
   -0.697659523681713E-04
   -0.819861366354987E-04
   -0.943821478805270E-04
   -0.106956515944494E-03
   -0.119711807068606E-03
   -0.132650624417773E-03
   -0.145775608611871E-03
   -0.159089438264658E-03
   -0.172594830530435E-03
   -0.186294541658582E-03
   -0.200191367556060E-03
   -0.214288144358021E-03
   -0.228587749006617E-03
   -0.243093099838142E-03
   -0.257807157178622E-03
   -0.272732923947971E-03
   -0.287873446272844E-03
   -0.303231814108308E-03
   -0.318811161868450E-03
   -0.334614669066071E-03
   -0.350645560961573E-03
   -0.366907109221186E-03
   -0.383402632584670E-03
   -0.400135497542617E-03
   -0.417109119023505E-03
   -0.434326961090630E-03
   -0.451792537649072E-03
   -0.469509413162830E-03
   -0.487481203382278E-03
   -0.505711576082083E-03
   -0.524204251809743E-03
   -0.542963004644900E-03
   -0.561991662969566E-03
   -0.581294110249447E-03
   -0.600874285826494E-03
   -0.620736185722866E-03
   -0.640883863456461E-03
   -0.661321430868174E-03
   -0.682053058961068E-03
   -0.703082978751608E-03
   -0.724415482133152E-03
   -0.746054922751864E-03
   -0.768005716895222E-03
   -0.790272344393323E-03
   -0.812859349533148E-03
   -0.835771341985979E-03
   -0.859012997748171E-03
   -0.882589060095449E-03
   -0.906504340550939E-03
   -0.930763719867132E-03
   -0.955372149021971E-03
   -0.980334650229270E-03
   -0.100565631796368E-02
   -0.103134232000038E-02
   -0.105739789846976E-02
   -0.108382837092726E-02
   -0.111063913143860E-02
   -0.113783565168060E-02
   -0.116542348205793E-02
   -0.119340825283582E-02
   -0.122179567528911E-02
   -0.125059154286786E-02
   -0.127980173237970E-02
   -0.130943220518919E-02
   -0.133948900843445E-02
   -0.136997827626130E-02
   -0.140090623107512E-02
   -0.143227918481080E-02
   -0.146410354022087E-02
   -0.149638579218220E-02
   -0.152913252902155E-02
   -0.156235043386011E-02
   -0.159604628597746E-02
   -0.163022696219509E-02
   -0.166489943827986E-02
   -0.170007079036767E-02
   -0.173574819640758E-02
   -0.177193893762673E-02
   -0.180865040001632E-02
   -0.184589007583899E-02
   -0.188366556515786E-02
   -0.192198457738764E-02
   -0.196085493286793E-02
   -0.200028456445931E-02
   -0.204028151916227E-02
   -0.208085395975950E-02
   -0.212201016648181E-02
   -0.216375853869797E-02
   -0.220610759662889E-02
   -0.224906598308653E-02
   -0.229264246523771E-02
   -0.233684593639337E-02
   -0.238168541782359E-02
   -0.242717006059867E-02
   -0.247330914745673E-02
   -0.252011209469821E-02
   -0.256758845410753E-02
   -0.261574791490254E-02
   -0.266460030571191E-02
   -0.271415559658102E-02
   -0.276442390100666E-02
   -0.281541547800111E-02
   -0.286714073418579E-02
   -0.291961022591516E-02
   -0.297283466143103E-02
   -0.302682490304804E-02
   -0.308159196937045E-02
   -0.313714703754088E-02
   -0.319350144552142E-02
   -0.325066669440750E-02
   -0.330865445077512E-02
   -0.336747654906185E-02
   -0.342714499398199E-02
   -0.348767196297665E-02
   -0.354906980869889E-02
   -0.361135106153480E-02
   -0.367452843216069E-02
   -0.373861481413721E-02
   -0.380362328654071E-02
   -0.386956711663248E-02
   -0.393645976256642E-02
   -0.400431487613563E-02
   -0.407314630555857E-02
   -0.414296809830523E-02
   -0.421379450396407E-02
   -0.428563997715011E-02
   -0.435851918045491E-02
   -0.443244698743899E-02
   -0.450743848566733E-02
   -0.458350897978847E-02
   -0.466067399465803E-02
   -0.473894927850704E-02
   -0.481835080615596E-02
   -0.489889478227491E-02
   -0.498059764469076E-02
   -0.506347606774194E-02
   -0.514754696568131E-02
   -0.523282749612823E-02
   -0.531933506357009E-02
   -0.540708732291436E-02
   -0.549610218309168E-02
   -0.558639781071082E-02
   -0.567799263376623E-02
   -0.577090534539888E-02
   -0.586515490771134E-02
   -0.596076055563759E-02
   -0.605774180086863E-02
   -0.615611843583455E-02
   -0.625591053774384E-02
   -0.635713847268087E-02
   -0.645982289976236E-02
   -0.656398477535352E-02
   -0.666964535734504E-02
   -0.677682620949145E-02
   -0.688554920581201E-02
   -0.699583653505487E-02
   -0.710771070522549E-02
   -0.722119454818018E-02
   -0.733631122428581E-02
   -0.745308422714644E-02
   -0.757153738839810E-02
   -0.769169488257244E-02
   -0.781358123203046E-02
   -0.793722131196712E-02
   -0.806264035548810E-02
   -0.818986395875945E-02
   -0.831891808623145E-02
   -0.844982907593760E-02
   -0.858262364486981E-02
   -0.871732889443104E-02
   -0.885397231596625E-02
   -0.899258179637306E-02
   -0.913318562379306E-02
   -0.927581249338506E-02
   -0.942049151318136E-02
   -0.956725221002834E-02
   -0.971612453561245E-02
   -0.986713887257302E-02
   -0.100203260407029E-01
   -0.101757173032383E-01
   -0.103333443732395E-01
   -0.104932394200627E-01
   -0.106554350759256E-01
   -0.108199644425672E-01
   -0.109868610980035E-01
   -0.111561591033799E-01
   -0.113278930099234E-01
   -0.115020978659936E-01
   -0.116788092242356E-01
   -0.118580631488361E-01
   -0.120398962228836E-01
   -0.122243455558344E-01
   -0.124114487910864E-01
   -0.126012441136617E-01
   -0.127937702579996E-01
   -0.129890665158618E-01
   -0.131871727443515E-01
   -0.133881293740480E-01
   -0.135919774172578E-01
   -0.137987584763849E-01
   -0.140085147524214E-01
   -0.142212890535604E-01
   -0.144371248039326E-01
   -0.146560660524689E-01
   -0.148781574818898E-01
   -0.151034444178257E-01
   -0.153319728380664E-01
   -0.155637893819456E-01
   -0.157989413598590E-01
   -0.160374767629203E-01
   -0.162794442727554E-01
   -0.165248932714386E-01
   -0.167738738515703E-01
   -0.170264368265011E-01
   -0.172826337407023E-01
   -0.175425168802857E-01
   -0.178061392836750E-01
   -0.180735547524305E-01
   -0.183448178622296E-01
   -0.186199839740058E-01
   -0.188991092452473E-01
   -0.191822506414584E-01
   -0.194694659477864E-01
   -0.197608137808147E-01
   -0.200563536005270E-01
   -0.203561457224424E-01
   -0.206602513299256E-01
   -0.209687324866752E-01
   -0.212816521493896E-01
   -0.215990741806176E-01
   -0.219210633617921E-01
   -0.222476854064522E-01
   -0.225790069736555E-01
   -0.229150956815835E-01
   -0.232560201213426E-01
   -0.236018498709636E-01
   -0.239526555096032E-01
   -0.243085086319496E-01
   -0.246694818628353E-01
   -0.250356488720604E-01
   -0.254070843894292E-01
   -0.257838642200034E-01
   -0.261660652595744E-01
   -0.265537655103591E-01
   -0.269470440969205E-01
   -0.273459812823186E-01
   -0.277506584844931E-01
   -0.281611582928820E-01
   -0.285775644852798E-01
   -0.289999620449378E-01
   -0.294284371779111E-01
   -0.298630773306551E-01
   -0.303039712078753E-01
   -0.307512087906340E-01
   -0.312048813547180E-01
   -0.316650814892704E-01
   -0.321319031156907E-01
   -0.326054415068075E-01
   -0.330857933063263E-01
   -0.335730565485584E-01
   -0.340673306784331E-01
   -0.345687165717986E-01
   -0.350773165560146E-01
   -0.355932344308421E-01
   -0.361165754896336E-01
   -0.366474465408289E-01
   -0.371859559297600E-01
   -0.377322135607702E-01
   -0.382863309196520E-01
   -0.388484210964081E-01
   -0.394185988083400E-01
   -0.399969804234694E-01
   -0.405836839842971E-01
   -0.411788292319043E-01
   -0.417825376304002E-01
   -0.423949323917233E-01
   -0.430161385007987E-01
   -0.436462827410588E-01
   -0.442854937203312E-01
   -0.449339018971002E-01
   -0.455916396071460E-01
   -0.462588410905688E-01
   -0.469356425192014E-01
   -0.476221820244180E-01
   -0.483185997253428E-01
   -0.490250377574661E-01
   -0.497416403016724E-01
   -0.504685536136877E-01
   -0.512059260539504E-01
   -0.519539081179141E-01
   -0.527126524667867E-01
   -0.534823139587128E-01
   -0.542630496804065E-01
   -0.550550189792398E-01
   -0.558583834957946E-01
   -0.566733071968837E-01
   -0.574999564090487E-01
   -0.583384998525414E-01
   -0.591891086757954E-01
   -0.600519564903949E-01
   -0.609272194065495E-01
   -0.618150760690796E-01
   -0.627157076939226E-01
   -0.636292981051657E-01
   -0.645560337726137E-01
   -0.654961038498991E-01
   -0.664497002131435E-01
   -0.674170175001767E-01
   -0.683982531503229E-01
   -0.693936074447619E-01
   -0.704032835474739E-01
   -0.714274875467751E-01
   -0.724664284974552E-01
   -0.735203184635236E-01
   -0.745893725615731E-01
   -0.756738090047721E-01
   -0.767738491474920E-01
   -0.778897175305814E-01
   -0.790216419272941E-01
   -0.801698533898832E-01
   -0.813345862968686E-01
   -0.825160784009892E-01
   -0.837145708778497E-01
   -0.849303083752713E-01
   -0.861635390633580E-01
   -0.874145146852872E-01
   -0.886834906088369E-01
   -0.899707258786597E-01
   -0.912764832693139E-01
   -0.926010293390637E-01
   -0.939446344844593E-01
   -0.953075729957086E-01
   -0.966901231128513E-01
   -0.980925670827489E-01
   -0.995151912169004E-01
   -0.100958285950097E+00
   -0.102422145899928E+00
   -0.103907069927153E+00
   -0.105413361196941E+00
   -0.106941327241014E+00
   -0.108491280020676E+00
   -0.110063535990769E+00
   -0.111658416164551E+00
   -0.113276246179521E+00
   -0.114917356364193E+00
   -0.116582081805848E+00
   -0.118270762419260E+00
   -0.119983743016427E+00
   -0.121721373377314E+00
   -0.123484008321618E+00
   -0.125272007781579E+00
   -0.127085736875844E+00
   -0.128925565984408E+00
   -0.130791870824635E+00
   -0.132685032528388E+00
   -0.134605437720270E+00
   -0.136553478597007E+00
   -0.138529553007972E+00
   -0.140534064536881E+00
   -0.142567422584669E+00
   -0.144630042453562E+00
   -0.146722345432365E+00
   -0.148844758882982E+00
   -0.150997716328185E+00
   -0.153181657540641E+00
   -0.155397028633228E+00
   -0.157644282150642E+00
   -0.159923877162325E+00
   -0.162236279356722E+00
   -0.164581961136883E+00
   -0.166961401717435E+00
   -0.169375087222938E+00
   -0.171823510787630E+00
   -0.174307172656598E+00
   -0.176826580288375E+00
   -0.179382248458987E+00
   -0.181974699367460E+00
   -0.184604462742811E+00
   -0.187272075952533E+00
   -0.189978084112586E+00
   -0.192723040198919E+00
   -0.195507505160521E+00
   -0.198332048034033E+00
   -0.201197246059921E+00
   -0.204103684800222E+00
   -0.207051958257882E+00
   -0.210042668997695E+00
   -0.213076428268841E+00
   -0.216153856129048E+00
   -0.219275581570372E+00
   -0.222442242646608E+00
   -0.225654486602333E+00
   -0.228912970003584E+00
   -0.232218358870168E+00
   -0.235571328809617E+00
   -0.238972565152762E+00
   -0.242422763090938E+00
   -0.245922627814808E+00
   -0.249472874654786E+00
   -0.253074229223058E+00
   -0.256727427557172E+00
   -0.260433216265183E+00
   -0.264192352672325E+00
   -0.268005604969178E+00
   -0.271873752361304E+00
   -0.275797585220307E+00
   -0.279777905236268E+00
   -0.283815525571517E+00
   -0.287911271015678E+00
   -0.292065978141928E+00
   -0.296280495464385E+00
   -0.300555683596577E+00
   -0.304892415410871E+00
   -0.309291576198792E+00
   -0.313754063832114E+00
   -0.318280788924607E+00
   -0.322872674994326E+00
   -0.327530658626282E+00
   -0.332255689635358E+00
   -0.337048731229306E+00
   -0.341910760171632E+00
   -0.346842766944181E+00
   -0.351845755909209E+00
   -0.356920745470712E+00
   -0.362068768234753E+00
   -0.367290871168523E+00
   -0.372588115757849E+00
   -0.377961578162816E+00
   -0.383412349371179E+00
   -0.388941535349187E+00
   -0.394550257189432E+00
   -0.400239651255283E+00
   -0.406010869321474E+00
   -0.411865078710324E+00
   -0.417803462423090E+00
   -0.423827219265877E+00
   -0.429937563969505E+00
   -0.436135727302679E+00
   -0.442422956177796E+00
   -0.448800513748628E+00
   -0.455269679499106E+00
   -0.461831749322374E+00
   -0.468488035589213E+00
   -0.475239867204887E+00
   -0.482088589653415E+00
   -0.489035565028177E+00
   -0.496082172047738E+00
   -0.503229806055676E+00
   -0.510479879003138E+00
   -0.517833819412775E+00
   -0.525293072322631E+00
   -0.532859099208476E+00
   -0.540533377882999E+00
   -0.548317402370173E+00
   -0.556212682753052E+00
   -0.564220744993125E+00
   -0.572343130719295E+00
   -0.580581396984438E+00
   -0.588937115987410E+00
   -0.597411874758268E+00
   -0.606007274804372E+00
   -0.614724931714943E+00
   -0.623566474721535E+00
   -0.632533546211817E+00
   -0.641627801193912E+00
   -0.650850906708503E+00
   -0.660204541185763E+00
   -0.669690393744140E+00
   -0.679310163427887E+00
   -0.689065558380185E+00
   -0.698958294948633E+00
   -0.708990096719795E+00
   -0.719162693479463E+00
   -0.729477820095249E+00
   -0.739937215318086E+00
   -0.750542620499206E+00
   -0.761295778219179E+00
   -0.772198430825604E+00
   -0.783252318876099E+00
   -0.794459179483307E+00
   -0.805820744558726E+00
   -0.817338738952288E+00
   -0.829014878484796E+00
   -0.840850867870476E+00
   -0.852848398527168E+00
   -0.865009146271915E+00
   -0.877334768900048E+00
   -0.889826903646181E+00
   -0.902487164525968E+00
   -0.915317139557903E+00
   -0.928318387864945E+00
   -0.941492436656316E+00
   -0.954840778090416E+00
   -0.968364866020470E+00
   -0.982066112625226E+00
   -0.995945884927815E+00
   -0.101000550120667E+01
   -0.102424622730330E+01
   -0.103866927283258E+01
   -0.105327578730226E+01
   -0.106806685614914E+01
   -0.108304349670071E+01
   -0.109820665407165E+01
   -0.111355719700577E+01
   -0.112909591367501E+01
   -0.114482350744760E+01
   -0.116074059263889E+01
   -0.117684769025845E+01
   -0.119314522376792E+01
   -0.120963351486444E+01
   -0.122631277930448E+01
   -0.124318312278272E+01
   -0.126024453688030E+01
   -0.127749689509566E+01
   -0.129493994896981E+01
   -0.131257332431606E+01
   -0.133039651756147E+01
   -0.134840889220421E+01
   -0.136660967538647E+01
   -0.138499795457805E+01
   -0.140357267435923E+01
   -0.142233263328433E+01
   -0.144127648079922E+01
   -0.146040271417568E+01
   -0.147970967541447E+01
   -0.149919554805602E+01
   -0.151885835382267E+01
   -0.153869594900043E+01
   -0.155870602044940E+01
   -0.157888608111207E+01
   -0.159923346486631E+01
   -0.161974532054572E+01
   -0.164041860492394E+01
   -0.166125007443129E+01
   -0.168223627534286E+01
   -0.170337353214564E+01
   -0.172465793376022E+01
   -0.174608531725927E+01
   -0.176765124869180E+01
   -0.178935100058882E+01
   -0.181117952569413E+01
   -0.183313142643375E+01
   -0.185520091961011E+01
   -0.187738179578435E+01
   -0.189966737279222E+01
   -0.192205044282894E+01
   -0.194452321253643E+01
   -0.196707723553606E+01
   -0.198970333687156E+01
   -0.201239152886476E+01
   -0.203513091794135E+01
   -0.205790960205968E+01
   -0.208071455847358E+01
   -0.210353152168442E+01
   -0.212634485159012E+01
   -0.214913739202208E+01
   -0.217189032007813E+01
   -0.219458298691193E+01
   -0.221719275092903E+01
   -0.223969480466789E+01
   -0.226206199701105E+01
   -0.228426465277652E+01
   -0.230627039218126E+01
   -0.232804395314361E+01
   -0.234954701989553E+01
   -0.237073806190269E+01
   -0.239157218763133E+01
   -0.241200101824640E+01
   -0.243197258686186E+01
   -0.245143126947640E+01
   -0.247031775419870E+01
   -0.248856905577426E+01
   -0.250611858274960E+01
   -0.252289626482182E+01
   -0.253882874799755E+01
   -0.255383966509379E+01
   -0.256784998882669E+01
   -0.258077847422170E+01
   -0.259254219631126E+01
   -0.260305718803762E+01
   -0.261223918192497E+01
   -0.262000445740758E+01
   -0.262627079368931E+01
   -0.263095852565859E+01
   -0.263399169770206E+01
   -0.263529930726708E+01
   -0.263481662675275E+01
   -0.263248658881150E+01
   -0.262826121648448E+01
   -0.262210307585995E+01
   -0.261398672523818E+01
   -0.260390013123018E+01
   -0.259184601895028E+01
   -0.257784312063593E+01
   -0.256192728480731E+01
   -0.254415240663326E+01
   -0.252459113967079E+01
   -0.250333534975538E+01
   -0.248049627368926E+01
   -0.245620434862737E+01
   -0.243060868278929E+01
   -0.240387614437478E+01
   -0.237619005332492E+01
   -0.234774846978109E+01
   -0.231876208360920E+01
   -0.228945172096382E+01
   -0.226004549627173E+01
   -0.223077565085101E+01
   -0.220187513220938E+01
   -0.217357398038838E+01
   -0.214609559899333E+01
   -0.211965299820937E+01
   -0.209444510458427E+01
   -0.207065323712689E+01
   -0.204843785085153E+01
   -0.202793564691742E+01
   -0.200925714271587E+01
   -0.199248478555156E+01
   -0.197767168003192E+01
   -0.196484098220029E+01
   -0.195398599330524E+01
   -0.194507096356932E+01
   -0.193803259226100E+01
   -0.193278218578778E+01
   -0.192920841152052E+01
   -0.192718056278223E+01
   -0.192655223102185E+01
   -0.192716526569338E+01
   -0.192885389166444E+01
   -0.193144884875606E+01
   -0.193478141866290E+01
   -0.193868721109938E+01
   -0.194300959330747E+01
   -0.194760266445613E+01
   -0.195233369806451E+01
   -0.195708500023640E+01
   -0.196175515785782E+01
   -0.196625967754004E+01
   -0.197053104153396E+01
   -0.197451822974410E+01
   -0.197818577615809E+01
   -0.198151244257783E+01
   -0.198448960190987E+01
   -0.198711942722330E+01
   -0.198941298145372E+01
   -0.199138829649890E+01
   -0.199306852027925E+01
   -0.199448019710216E+01
   -0.199565173147865E+01
   -0.199661206953125E+01
   -0.199738961639046E+01
   -0.199801139345044E+01
   -0.199850242680101E+01
   -0.199888534809283E+01
   -0.199918018180067E+01
   -0.199940428836001E+01
   -0.199957243078982E+01
   -0.199969693283639E+01
   -0.199978789892654E+01
   -0.199985346979006E+01
   -0.199990009198736E+01
   -0.199993278428158E+01
   -0.199995538842422E+01
   -0.199997079617005E+01
   -0.199998114799200E+01
   -0.199998800191847E+01
   -0.199999247313655E+01
   -0.199999534653279E+01
   -0.199999716526486E+01
   -0.199999829888224E+01
   -0.199999899456361E+01
   -0.199999941482739E+01
   -0.199999966470205E+01
   -0.199999981089640E+01
   -0.199999989504822E+01
   -0.199999994269495E+01
   -0.199999996922544E+01
   -0.199999998374981E+01
   -0.199999999156566E+01
   -0.199999999569857E+01
   -0.199999999784538E+01
   -0.199999999894043E+01
   -0.199999999948869E+01
   -0.199999999975801E+01
   -0.199999999988775E+01
   -0.199999999994899E+01
   -0.199999999997731E+01
   -0.199999999999013E+01
   -0.199999999999580E+01
   -0.199999999999826E+01
   -0.199999999999929E+01
   -0.199999999999972E+01
   -0.199999999999989E+01
   -0.199999999999996E+01
   -0.199999999999999E+01
   -0.199999999999999E+01
   -0.200000000000000E+01
   -0.200000000000000E+01
   -0.200000000000000E+01
   -0.200000000000000E+01
   -0.200000000000000E+01
   -0.200000000000000E+01
   -0.200000000000000E+01
   -0.200000000000000E+01
   -0.200000000000000E+01
   -0.200000000000000E+01
   -0.200000000000000E+01
   -0.200000000000000E+01
   -0.200000000000000E+01
   -0.200000000000000E+01
   -0.200000000000000E+01
   -0.200000000000000E+01
   -0.200000000000000E+01
   -0.200000000000000E+01
   -0.200000000000000E+01
   -0.200000000000000E+01
   -0.200000000000000E+01
   -0.200000000000000E+01
   -0.200000000000000E+01
   -0.200000000000000E+01
   -0.200000000000000E+01
   -0.200000000000000E+01
   -0.200000000000000E+01
   -0.200000000000000E+01
   -0.200000000000000E+01
   -0.200000000000000E+01
   -0.200000000000000E+01
   -0.200000000000000E+01
   -0.200000000000000E+01
   -0.200000000000000E+01
   -0.200000000000000E+01
   -0.200000000000000E+01
   -0.200000000000000E+01
   -0.200000000000000E+01
   -0.200000000000000E+01
   -0.200000000000000E+01
   -0.200000000000000E+01
   -0.200000000000000E+01
   -0.200000000000000E+01
   -0.200000000000000E+01
   -0.200000000000000E+01
   -0.200000000000000E+01
   -0.200000000000000E+01
   -0.200000000000000E+01
   -0.200000000000000E+01
   -0.200000000000000E+01
   -0.200000000000000E+01
   -0.200000000000000E+01
   -0.200000000000000E+01
   -0.200000000000000E+01
   -0.200000000000000E+01
   -0.200000000000000E+01
   -0.200000000000000E+01
   -0.200000000000000E+01
   -0.200000000000000E+01
   -0.200000000000000E+01
   -0.200000000000000E+01
   -0.200000000000000E+01
   -0.200000000000000E+01
   -0.200000000000000E+01
   -0.200000000000000E+01
   -0.200000000000000E+01
   -0.200000000000000E+01
   -0.200000000000000E+01
   -0.200000000000000E+01
   -0.200000000000000E+01
   -0.200000000000000E+01
   -0.200000000000000E+01
   -0.200000000000000E+01
   -0.200000000000000E+01
   -0.200000000000000E+01
   -0.200000000000000E+01
   -0.200000000000000E+01
   -0.200000000000000E+01
   -0.200000000000000E+01
   -0.200000000000000E+01
   -0.200000000000000E+01
   -0.200000000000000E+01
   -0.200000000000000E+01
   -0.200000000000000E+01
   -0.200000000000000E+01
   -0.200000000000000E+01
   -0.200000000000000E+01
   -0.200000000000000E+01
   -0.200000000000000E+01
   -0.200000000000000E+01
   -0.200000000000000E+01
   -0.200000000000000E+01
   -0.200000000000000E+01
   -0.200000000000000E+01
   -0.200000000000000E+01
   -0.200000000000000E+01
   -0.200000000000000E+01
   -0.200000000000000E+01
   -0.200000000000000E+01
   -0.200000000000000E+01
   -0.200000000000000E+01
   -0.200000000000000E+01
   -0.200000000000000E+01
   -0.200000000000000E+01
   -0.200000000000000E+01
   -0.200000000000000E+01
   -0.200000000000000E+01
   -0.200000000000000E+01
   -0.200000000000000E+01
   -0.200000000000000E+01
   -0.200000000000000E+01
   -0.200000000000000E+01
   -0.200000000000000E+01
   -0.200000000000000E+01
   -0.200000000000000E+01
   -0.200000000000000E+01
   -0.200000000000000E+01
   -0.200000000000000E+01
   -0.200000000000000E+01
   -0.200000000000000E+01
   -0.200000000000000E+01
   -0.200000000000000E+01
   -0.200000000000000E+01
   -0.200000000000000E+01
   -0.200000000000000E+01
   -0.200000000000000E+01
   -0.200000000000000E+01
   -0.200000000000000E+01
   -0.200000000000000E+01
   -0.200000000000000E+01
   -0.200000000000000E+01
   -0.200000000000000E+01
   -0.200000000000000E+01
   -0.200000000000000E+01
   -0.200000000000000E+01
   -0.200000000000000E+01
   -0.200000000000000E+01
   -0.200000000000000E+01
   -0.200000000000000E+01
   -0.200000000000000E+01
   -0.200000000000000E+01
   -0.200000000000000E+01
   -0.200000000000000E+01
   -0.200000000000000E+01
   -0.200000000000000E+01
   -0.200000000000000E+01
   -0.200000000000000E+01
   -0.200000000000000E+01
   -0.200000000000000E+01
   -0.200000000000000E+01
   -0.200000000000000E+01
   -0.200000000000000E+01
   -0.200000000000000E+01
   -0.200000000000000E+01
   -0.200000000000000E+01
   -0.200000000000000E+01
   -0.200000000000000E+01
   -0.200000000000000E+01
   -0.200000000000000E+01
   -0.200000000000000E+01
   -0.200000000000000E+01
   -0.200000000000000E+01
   -0.200000000000000E+01
   -0.200000000000000E+01
   -0.200000000000000E+01
   -0.200000000000000E+01
   -0.200000000000000E+01
   -0.200000000000000E+01
   -0.200000000000000E+01
   -0.200000000000000E+01
   -0.200000000000000E+01
   -0.200000000000000E+01
   -0.200000000000000E+01
   -0.200000000000000E+01
   -0.200000000000000E+01
   -0.200000000000000E+01
   -0.200000000000000E+01
   -0.200000000000000E+01
   -0.200000000000000E+01
   -0.200000000000000E+01
   -0.200000000000000E+01
   -0.200000000000000E+01
   -0.200000000000000E+01
   -0.200000000000000E+01
   -0.200000000000000E+01
   -0.200000000000000E+01
   -0.200000000000000E+01
   -0.200000000000000E+01
   -0.200000000000000E+01
   -0.200000000000000E+01
   -0.200000000000000E+01
   -0.200000000000000E+01
   -0.200000000000000E+01
   -0.200000000000000E+01
   -0.200000000000000E+01
   -0.200000000000000E+01
   -0.200000000000000E+01
   -0.200000000000000E+01
   -0.200000000000000E+01
   -0.200000000000000E+01
   -0.200000000000000E+01
   -0.200000000000000E+01
   -0.200000000000000E+01
   -0.200000000000000E+01
   -0.200000000000000E+01
   -0.200000000000000E+01
   -0.200000000000000E+01
r*potential (L=2) in Ry
    0.000000000000000E+00
   -0.746628032999427E-05
   -0.150399873138239E-04
   -0.227226666322621E-04
   -0.305158862057126E-04
   -0.384212365141980E-04
   -0.464403309219541E-04
   -0.545748060066926E-04
   -0.628263218936028E-04
   -0.711965625941582E-04
   -0.796872363497980E-04
   -0.883000759805542E-04
   -0.970368392386938E-04
   -0.105899309167450E-03
   -0.114889294464916E-03
   -0.124008629853171E-03
   -0.133259176452721E-03
   -0.142642822162326E-03
   -0.152161482044291E-03
   -0.161817098715304E-03
   -0.171611642742892E-03
   -0.181547113047586E-03
   -0.191625537310872E-03
   -0.201848972389008E-03
   -0.212219504732800E-03
   -0.222739250813415E-03
   -0.233410357554320E-03
   -0.244235002769439E-03
   -0.255215395607610E-03
   -0.266353777003444E-03
   -0.277652420134659E-03
   -0.289113630886009E-03
   -0.300739748319876E-03
   -0.312533145153640E-03
   -0.324496228243916E-03
   -0.336631439077753E-03
   -0.348941254270912E-03
   -0.361428186073301E-03
   -0.374094782881689E-03
   -0.386943629759798E-03
   -0.399977348965874E-03
   -0.413198600487850E-03
   -0.426610082586213E-03
   -0.440214532344677E-03
   -0.454014726228779E-03
   -0.468013480652519E-03
   -0.482213652553143E-03
   -0.496618139974205E-03
   -0.511229882657013E-03
   -0.526051862640588E-03
   -0.541087104870250E-03
   -0.556338677814970E-03
   -0.571809694093592E-03
   -0.587503311110079E-03
   -0.603422731697887E-03
   -0.619571204773618E-03
   -0.635952026000076E-03
   -0.652568538458861E-03
   -0.669424133332642E-03
   -0.686522250597249E-03
   -0.703866379723720E-03
   -0.721460060390449E-03
   -0.739306883205582E-03
   -0.757410490439808E-03
   -0.775774576769692E-03
   -0.794402890031701E-03
   -0.813299231987085E-03
   -0.832467459097758E-03
   -0.851911483313344E-03
   -0.871635272869550E-03
   -0.891642853098021E-03
   -0.911938307247852E-03
   -0.932525777318919E-03
   -0.953409464907198E-03
   -0.974593632062249E-03
   -0.996082602157036E-03
   -0.101788076077026E-02
   -0.103999255658141E-02
   -0.106242250227864E-02
   -0.108517517547976E-02
   -0.110825521966646E-02
   -0.113166734513197E-02
   -0.115541632994239E-02
   -0.117950702091175E-02
   -0.120394433459126E-02
   -0.122873325827264E-02
   -0.125387885100599E-02
   -0.127938624463224E-02
   -0.130526064483050E-02
   -0.133150733218048E-02
   -0.135813166324011E-02
   -0.138513907163883E-02
   -0.141253506918642E-02
   -0.144032524699793E-02
   -0.146851527663477E-02
   -0.149711091126210E-02
   -0.152611798682306E-02
   -0.155554242322975E-02
   -0.158539022557140E-02
   -0.161566748533994E-02
   -0.164638038167316E-02
   -0.167753518261578E-02
   -0.170913824639871E-02
   -0.174119602273660E-02
   -0.177371505414418E-02
   -0.180670197727148E-02
   -0.184016352425826E-02
   -0.187410652410796E-02
   -0.190853790408138E-02
   -0.194346469111044E-02
   -0.197889401323228E-02
   -0.201483310104396E-02
   -0.205128928917816E-02
   -0.208827001780003E-02
   -0.212578283412565E-02
   -0.216383539396225E-02
   -0.220243546327075E-02
   -0.224159091975056E-02
   -0.228130975444739E-02
   -0.232160007338405E-02
   -0.236247009921480E-02
   -0.240392817290348E-02
   -0.244598275542574E-02
   -0.248864242949582E-02
   -0.253191590131818E-02
   -0.257581200236427E-02
   -0.262033969117492E-02
   -0.266550805518866E-02
   -0.271132631259631E-02
   -0.275780381422228E-02
   -0.280495004543296E-02
   -0.285277462807251E-02
   -0.290128732242656E-02
   -0.295049802921416E-02
   -0.300041679160832E-02
   -0.305105379728571E-02
   -0.310241938050582E-02
   -0.315452402422002E-02
   -0.320737836221096E-02
   -0.326099318126283E-02
   -0.331537942336271E-02
   -0.337054818793372E-02
   -0.342651073410025E-02
   -0.348327848298576E-02
   -0.354086302004368E-02
   -0.359927609742184E-02
   -0.365852963636091E-02
   -0.371863572962734E-02
   -0.377960664398135E-02
   -0.384145482268035E-02
   -0.390419288801850E-02
   -0.396783364390268E-02
   -0.403239007846561E-02
   -0.409787536671654E-02
   -0.416430287323009E-02
   -0.423168615487377E-02
   -0.430003896357471E-02
   -0.436937524912629E-02
   -0.443970916203505E-02
   -0.451105505640866E-02
   -0.458342749288532E-02
   -0.465684124160546E-02
   -0.473131128522608E-02
   -0.480685282197849E-02
   -0.488348126877009E-02
   -0.496121226433076E-02
   -0.504006167240444E-02
   -0.512004558498680E-02
   -0.520118032560930E-02
   -0.528348245267070E-02
   -0.536696876281631E-02
   -0.545165629436604E-02
   -0.553756233079165E-02
   -0.562470440424409E-02
   -0.571310029913155E-02
   -0.580276805574910E-02
   -0.589372597396039E-02
   -0.598599261693248E-02
   -0.607958681492431E-02
   -0.617452766912971E-02
   -0.627083455557575E-02
   -0.636852712907711E-02
   -0.646762532724738E-02
   -0.656814937456808E-02
   -0.667011978651628E-02
   -0.677355737375147E-02
   -0.687848324636283E-02
   -0.698491881817754E-02
   -0.709288581113106E-02
   -0.720240625970036E-02
   -0.731350251540087E-02
   -0.742619725134820E-02
   -0.754051346688543E-02
   -0.765647449227709E-02
   -0.777410399347053E-02
   -0.789342597692594E-02
   -0.801446479451582E-02
   -0.813724514849489E-02
   -0.826179209654166E-02
   -0.838813105687235E-02
   -0.851628781342860E-02
   -0.864628852113966E-02
   -0.877815971126040E-02
   -0.891192829678608E-02
   -0.904762157794509E-02
   -0.918526724777068E-02
   -0.932489339775286E-02
   -0.946652852357170E-02
   -0.961020153091302E-02
   -0.975594174136790E-02
   -0.990377889841698E-02
   -0.100537431735009E-01
   -0.102058651721780E-01
   -0.103601759403712E-01
   -0.105167069707035E-01
   -0.106754902089263E-01
   -0.108365580604387E-01
   -0.109999433969019E-01
   -0.111656795629477E-01
   -0.113338003829843E-01
   -0.115043401680997E-01
   -0.116773337230646E-01
   -0.118528163534357E-01
   -0.120308238727620E-01
   -0.122113926098940E-01
   -0.123945594163985E-01
   -0.125803616740801E-01
   -0.127688373026107E-01
   -0.129600247672693E-01
   -0.131539630867925E-01
   -0.133506918413389E-01
   -0.135502511805669E-01
   -0.137526818318302E-01
   -0.139580251084899E-01
   -0.141663229183471E-01
   -0.143776177721969E-01
   -0.145919527925046E-01
   -0.148093717222082E-01
   -0.150299189336461E-01
   -0.152536394376147E-01
   -0.154805788925551E-01
   -0.157107836138733E-01
   -0.159443005833933E-01
   -0.161811774589473E-01
   -0.164214625841036E-01
   -0.166652049980343E-01
   -0.169124544455252E-01
   -0.171632613871301E-01
   -0.174176770094711E-01
   -0.176757532356868E-01
   -0.179375427360317E-01
   -0.182030989386274E-01
   -0.184724760403694E-01
   -0.187457290179904E-01
   -0.190229136392827E-01
   -0.193040864744832E-01
   -0.195893049078211E-01
   -0.198786271492329E-01
   -0.201721122462455E-01
   -0.204698200960307E-01
   -0.207718114576333E-01
   -0.210781479643751E-01
   -0.213888921364381E-01
   -0.217041073936282E-01
   -0.220238580683233E-01
   -0.223482094186080E-01
   -0.226772276415969E-01
   -0.230109798869507E-01
   -0.233495342705862E-01
   -0.236929598885844E-01
   -0.240413268312989E-01
   -0.243947061976676E-01
   -0.247531701097302E-01
   -0.251167917273560E-01
   -0.254856452631827E-01
   -0.258598059977715E-01
   -0.262393502949801E-01
   -0.266243556175578E-01
   -0.270149005429649E-01
   -0.274110647794205E-01
   -0.278129291821818E-01
   -0.282205757700582E-01
   -0.286340877421631E-01
   -0.290535494949075E-01
   -0.294790466392398E-01
   -0.299106660181322E-01
   -0.303484957243217E-01
   -0.307926251183051E-01
   -0.312431448465956E-01
   -0.317001468602408E-01
   -0.321637244336103E-01
   -0.326339721834524E-01
   -0.331109860882276E-01
   -0.335948635077206E-01
   -0.340857032029350E-01
   -0.345836053562769E-01
   -0.350886715920285E-01
   -0.356010049971187E-01
   -0.361207101421930E-01
   -0.366478931029889E-01
   -0.371826614820195E-01
   -0.377251244305712E-01
   -0.382753926710192E-01
   -0.388335785194661E-01
   -0.393997959087078E-01
   -0.399741604115320E-01
   -0.405567892643537E-01
   -0.411478013911935E-01
   -0.417473174280021E-01
   -0.423554597473382E-01
   -0.429723524834033E-01
   -0.435981215574401E-01
   -0.442328947034978E-01
   -0.448768014945724E-01
   -0.455299733691256E-01
   -0.461925436579881E-01
   -0.468646476116543E-01
   -0.475464224279723E-01
   -0.482380072802369E-01
   -0.489395433456902E-01
   -0.496511738344370E-01
   -0.503730440187798E-01
   -0.511053012629811E-01
   -0.518480950534588E-01
   -0.526015770294208E-01
   -0.533659010139458E-01
   -0.541412230455173E-01
   -0.549277014100163E-01
   -0.557254966731817E-01
   -0.565347717135431E-01
   -0.573556917558354E-01
   -0.581884244049004E-01
   -0.590331396800838E-01
   -0.598900100501359E-01
   -0.607592104686217E-01
   -0.616409184098497E-01
   -0.625353139053265E-01
   -0.634425795807457E-01
   -0.643629006935192E-01
   -0.652964651708580E-01
   -0.662434636484133E-01
   -0.672040895094841E-01
   -0.681785389248013E-01
   -0.691670108928969E-01
   -0.701697072810669E-01
   -0.711868328669379E-01
   -0.722185953806460E-01
   -0.732652055476371E-01
   -0.743268771321001E-01
   -0.754038269810402E-01
   -0.764962750690042E-01
   -0.776044445434673E-01
   -0.787285617708915E-01
   -0.798688563834663E-01
   -0.810255613265425E-01
   -0.821989129067695E-01
   -0.833891508409475E-01
   -0.845965183056059E-01
   -0.858212619873184E-01
   -0.870636321337677E-01
   -0.883238826055706E-01
   -0.896022709288757E-01
   -0.908990583487459E-01
   -0.922145098833383E-01
   -0.935488943788937E-01
   -0.949024845655478E-01
   -0.962755571139794E-01
   -0.976683926929052E-01
   -0.990812760274380E-01
   -0.100514495958319E+00
   -0.101968345502042E+00
   -0.103443121911874E+00
   -0.104939126739804E+00
   -0.106456665899409E+00
   -0.107996049729683E+00
   -0.109557593059809E+00
   -0.111141615274919E+00
   -0.112748440382843E+00
   -0.114378397081854E+00
   -0.116031818829450E+00
   -0.117709043912158E+00
   -0.119410415516398E+00
   -0.121136281800417E+00
   -0.122886995967295E+00
   -0.124662916339068E+00
   -0.126464406431950E+00
   -0.128291835032702E+00
   -0.130145576276136E+00
   -0.132026009723789E+00
   -0.133933520443783E+00
   -0.135868499091869E+00
   -0.137831341993691E+00
   -0.139822451228280E+00
   -0.141842234712784E+00
   -0.143891106288464E+00
   -0.145969485807961E+00
   -0.148077799223853E+00
   -0.150216478678517E+00
   -0.152385962595306E+00
   -0.154586695771059E+00
   -0.156819129469957E+00
   -0.159083721518732E+00
   -0.161380936403244E+00
   -0.163711245366445E+00
   -0.166075126507718E+00
   -0.168473064883622E+00
   -0.170905552610040E+00
   -0.173373088965738E+00
   -0.175876180497332E+00
   -0.178415341125681E+00
   -0.180991092253698E+00
   -0.183603962875568E+00
   -0.186254489687394E+00
   -0.188943217199243E+00
   -0.191670697848591E+00
   -0.194437492115164E+00
   -0.197244168637140E+00
   -0.200091304328721E+00
   -0.202979484499025E+00
   -0.205909302972293E+00
   -0.208881362209370E+00
   -0.211896273430424E+00
   -0.214954656738869E+00
   -0.218057141246432E+00
   -0.221204365199330E+00
   -0.224396976105473E+00
   -0.227635630862649E+00
   -0.230920995887599E+00
   -0.234253747245902E+00
   -0.237634570782588E+00
   -0.241064162253351E+00
   -0.244543227456279E+00
   -0.248072482363946E+00
   -0.251652653255753E+00
   -0.255284476850351E+00
   -0.258968700437981E+00
   -0.262706082012565E+00
   -0.266497390403333E+00
   -0.270343405405784E+00
   -0.274244917911741E+00
   -0.278202730038253E+00
   -0.282217655255065E+00
   -0.286290518510366E+00
   -0.290422156354479E+00
   -0.294613417061176E+00
   -0.298865160746203E+00
   -0.303178259482661E+00
   -0.307553597412762E+00
   -0.311992070855537E+00
   -0.316494588409964E+00
   -0.321062071053000E+00
   -0.325695452231936E+00
   -0.330395677950458E+00
   -0.335163706847764E+00
   -0.340000510270028E+00
   -0.344907072333471E+00
   -0.349884389978225E+00
   -0.354933473012166E+00
   -0.360055344143787E+00
   -0.365251039003169E+00
   -0.370521606150022E+00
   -0.375868107067718E+00
   -0.381291616142185E+00
   -0.386793220624433E+00
   -0.392374020575454E+00
   -0.398035128792145E+00
   -0.403777670712831E+00
   -0.409602784300909E+00
   -0.415511619905033E+00
   -0.421505340094216E+00
   -0.427585119466107E+00
   -0.433752144426668E+00
   -0.440007612939363E+00
   -0.446352734241904E+00
   -0.452788728528531E+00
   -0.459316826595714E+00
   -0.465938269449093E+00
   -0.472654307869406E+00
   -0.479466201935085E+00
   -0.486375220499132E+00
   -0.493382640617829E+00
   -0.500489746928795E+00
   -0.507697830975844E+00
   -0.515008190478069E+00
   -0.522422128540561E+00
   -0.529940952804148E+00
   -0.537565974531537E+00
   -0.545298507627289E+00
   -0.553139867589047E+00
   -0.561091370387531E+00
   -0.569154331272872E+00
   -0.577330063504963E+00
   -0.585619877005628E+00
   -0.594025076930582E+00
   -0.602546962159326E+00
   -0.611186823701362E+00
   -0.619945943017369E+00
   -0.628825590254276E+00
   -0.637827022393537E+00
   -0.646951481312282E+00
   -0.656200191757464E+00
   -0.665574359233644E+00
   -0.675075167805546E+00
   -0.684703777817175E+00
   -0.694461323529922E+00
   -0.704348910682792E+00
   -0.714367613978688E+00
   -0.724518474501513E+00
   -0.734802497069745E+00
   -0.745220647533103E+00
   -0.755773850019899E+00
   -0.766462984143773E+00
   -0.777288882179556E+00
   -0.788252326219170E+00
   -0.799354045319618E+00
   -0.810594712656299E+00
   -0.821974942696033E+00
   -0.833495288405362E+00
   -0.845156238510780E+00
   -0.856958214828605E+00
   -0.868901569683177E+00
   -0.880986583432889E+00
   -0.893213462124249E+00
   -0.905582335294662E+00
   -0.918093253944857E+00
   -0.930746188701845E+00
   -0.943541028192909E+00
   -0.956477577650313E+00
   -0.969555557765180E+00
   -0.982774603807172E+00
   -0.996134265024188E+00
   -0.100963400433322E+01
   -0.102327319830960E+01
   -0.103705113747715E+01
   -0.105096702689620E+01
   -0.106501998703945E+01
   -0.107920905493829E+01
   -0.109353318557278E+01
   -0.110799125346866E+01
   -0.112258205445279E+01
   -0.113730430750585E+01
   -0.115215665663664E+01
   -0.116713767268645E+01
   -0.118224585495513E+01
   -0.119747963252156E+01
   -0.121283736511176E+01
   -0.122831734334689E+01
   -0.124391778818108E+01
   -0.125963684931703E+01
   -0.127547260236361E+01
   -0.129142304447684E+01
   -0.130748608820281E+01
   -0.132365955321932E+01
   -0.133994115565255E+01
   -0.135632849462746E+01
   -0.137281903569560E+01
   -0.138941009077342E+01
   -0.140609879421889E+01
   -0.142288207467468E+01
   -0.143975662231508E+01
   -0.145671885115096E+01
   -0.147376485607493E+01
   -0.149089036436853E+01
   -0.150809068144629E+01
   -0.152536063067913E+01
   -0.154269448722376E+01
   -0.156008590588634E+01
   -0.157752784316870E+01
   -0.159501247378575E+01
   -0.161253110210229E+01
   -0.163007406911838E+01
   -0.164763065583253E+01
   -0.166518898403203E+01
   -0.168273591579670E+01
   -0.170025695325465E+01
   -0.171773614039298E+01
   -0.173515596899735E+01
   -0.175249729106828E+01
   -0.176973924033057E+01
   -0.178685916570862E+01
   -0.180383257987542E+01
   -0.182063312618640E+01
   -0.183723256746958E+01
   -0.185360080024905E+01
   -0.186970589801597E+01
   -0.188551418711751E+01
   -0.190099035869485E+01
   -0.191609761985471E+01
   -0.193079788689162E+01
   -0.194505202287996E+01
   -0.195882012131751E+01
   -0.197206183671961E+01
   -0.198473676213387E+01
   -0.199680485247247E+01
   -0.200822689135014E+01
   -0.201896499778544E+01
   -0.202898316769273E+01
   -0.203824784358908E+01
   -0.204672850440140E+01
   -0.205439826572716E+01
   -0.206123447942735E+01
   -0.206721932007024E+01
   -0.207234034456085E+01
   -0.207659101034990E+01
   -0.207997113698409E+01
   -0.208248729550376E+01
   -0.208415311037562E+01
   -0.208498945932159E+01
   -0.208502455761357E+01
   -0.208429391517503E+01
   -0.208284015717326E+01
   -0.208071270168798E+01
   -0.207796729146314E+01
   -0.207466538062522E+01
   -0.207087338148717E+01
   -0.206666178103258E+01
   -0.206210414124007E+01
   -0.205727600189474E+01
   -0.205225370875337E+01
   -0.204711319368744E+01
   -0.204192873652446E+01
   -0.203677174055535E+01
   -0.203170955490623E+01
   -0.202680437704888E+01
   -0.202211226755295E+01
   -0.201768230672125E+01
   -0.201355591901648E+01
   -0.200976638626581E+01
   -0.200633856466927E+01
   -0.200328881385246E+01
   -0.200062513886524E+01
   -0.199834753845277E+01
   -0.199644854546199E+01
   -0.199491393825639E+01
   -0.199372359584550E+01
   -0.199285246441529E+01
   -0.199227159933965E+01
   -0.199194924475902E+01
   -0.199185191254090E+01
   -0.199194542390094E+01
   -0.199219588007538E+01
   -0.199257053301136E+01
   -0.199303853280798E+01
   -0.199357153525783E+01
   -0.199414415991783E+01
   -0.199473429627125E+01
   -0.199532326233125E+01
   -0.199589582611624E+01
   -0.199644010549687E+01
   -0.199694736575114E+01
   -0.199741173663931E+01
   -0.199782987189234E+01
   -0.199820057376042E+01
   -0.199852440383850E+01
   -0.199880329898790E+01
   -0.199904020806574E+01
   -0.199923876163716E+01
   -0.199940298315759E+01
   -0.199953704652706E+01
   -0.199964508164981E+01
   -0.199973102684010E+01
   -0.199979852470235E+01
   -0.199985085652351E+01
   -0.199989090923922E+01
   -0.199992116861994E+01
   -0.199994373238363E+01
   -0.199996033737348E+01
   -0.199997239563217E+01
   -0.199998103504976E+01
   -0.199998714116651E+01
   -0.199999139759605E+01
   -0.199999432334173E+01
   -0.199999630597172E+01
   -0.199999763017915E+01
   -0.199999850167812E+01
   -0.199999906668450E+01
   -0.199999942741787E+01
   -0.199999965415793E+01
   -0.199999979441768E+01
   -0.199999987977604E+01
   -0.199999993086227E+01
   -0.199999996091847E+01
   -0.199999997829471E+01
   -0.199999998816155E+01
   -0.199999999366207E+01
   -0.199999999667107E+01
   -0.199999999828550E+01
   -0.199999999913461E+01
   -0.199999999957216E+01
   -0.199999999979294E+01
   -0.199999999990196E+01
   -0.199999999995462E+01
   -0.199999999997947E+01
   -0.199999999999093E+01
   -0.199999999999609E+01
   -0.199999999999836E+01
   -0.199999999999933E+01
   -0.199999999999973E+01
   -0.199999999999990E+01
   -0.199999999999996E+01
   -0.199999999999999E+01
   -0.199999999999999E+01
   -0.200000000000000E+01
   -0.200000000000000E+01
   -0.200000000000000E+01
   -0.200000000000000E+01
   -0.200000000000000E+01
   -0.200000000000000E+01
   -0.200000000000000E+01
   -0.200000000000000E+01
   -0.200000000000000E+01
   -0.200000000000000E+01
   -0.200000000000000E+01
   -0.200000000000000E+01
   -0.200000000000000E+01
   -0.200000000000000E+01
   -0.200000000000000E+01
   -0.200000000000000E+01
   -0.200000000000000E+01
   -0.200000000000000E+01
   -0.200000000000000E+01
   -0.200000000000000E+01
   -0.200000000000000E+01
   -0.200000000000000E+01
   -0.200000000000000E+01
   -0.200000000000000E+01
   -0.200000000000000E+01
   -0.200000000000000E+01
   -0.200000000000000E+01
   -0.200000000000000E+01
   -0.200000000000000E+01
   -0.200000000000000E+01
   -0.200000000000000E+01
   -0.200000000000000E+01
   -0.200000000000000E+01
   -0.200000000000000E+01
   -0.200000000000000E+01
   -0.200000000000000E+01
   -0.200000000000000E+01
   -0.200000000000000E+01
   -0.200000000000000E+01
   -0.200000000000000E+01
   -0.200000000000000E+01
   -0.200000000000000E+01
   -0.200000000000000E+01
   -0.200000000000000E+01
   -0.200000000000000E+01
   -0.200000000000000E+01
   -0.200000000000000E+01
   -0.200000000000000E+01
   -0.200000000000000E+01
   -0.200000000000000E+01
   -0.200000000000000E+01
   -0.200000000000000E+01
   -0.200000000000000E+01
   -0.200000000000000E+01
   -0.200000000000000E+01
   -0.200000000000000E+01
   -0.200000000000000E+01
   -0.200000000000000E+01
   -0.200000000000000E+01
   -0.200000000000000E+01
   -0.200000000000000E+01
   -0.200000000000000E+01
   -0.200000000000000E+01
   -0.200000000000000E+01
   -0.200000000000000E+01
   -0.200000000000000E+01
   -0.200000000000000E+01
   -0.200000000000000E+01
   -0.200000000000000E+01
   -0.200000000000000E+01
   -0.200000000000000E+01
   -0.200000000000000E+01
   -0.200000000000000E+01
   -0.200000000000000E+01
   -0.200000000000000E+01
   -0.200000000000000E+01
   -0.200000000000000E+01
   -0.200000000000000E+01
   -0.200000000000000E+01
   -0.200000000000000E+01
   -0.200000000000000E+01
   -0.200000000000000E+01
   -0.200000000000000E+01
   -0.200000000000000E+01
   -0.200000000000000E+01
   -0.200000000000000E+01
   -0.200000000000000E+01
   -0.200000000000000E+01
   -0.200000000000000E+01
   -0.200000000000000E+01
   -0.200000000000000E+01
   -0.200000000000000E+01
   -0.200000000000000E+01
   -0.200000000000000E+01
   -0.200000000000000E+01
   -0.200000000000000E+01
   -0.200000000000000E+01
   -0.200000000000000E+01
   -0.200000000000000E+01
   -0.200000000000000E+01
   -0.200000000000000E+01
   -0.200000000000000E+01
   -0.200000000000000E+01
   -0.200000000000000E+01
   -0.200000000000000E+01
   -0.200000000000000E+01
   -0.200000000000000E+01
   -0.200000000000000E+01
   -0.200000000000000E+01
   -0.200000000000000E+01
   -0.200000000000000E+01
   -0.200000000000000E+01
   -0.200000000000000E+01
   -0.200000000000000E+01
   -0.200000000000000E+01
   -0.200000000000000E+01
   -0.200000000000000E+01
   -0.200000000000000E+01
   -0.200000000000000E+01
   -0.200000000000000E+01
   -0.200000000000000E+01
   -0.200000000000000E+01
   -0.200000000000000E+01
   -0.200000000000000E+01
   -0.200000000000000E+01
   -0.200000000000000E+01
   -0.200000000000000E+01
   -0.200000000000000E+01
   -0.200000000000000E+01
   -0.200000000000000E+01
   -0.200000000000000E+01
   -0.200000000000000E+01
   -0.200000000000000E+01
   -0.200000000000000E+01
   -0.200000000000000E+01
   -0.200000000000000E+01
   -0.200000000000000E+01
   -0.200000000000000E+01
   -0.200000000000000E+01
   -0.200000000000000E+01
   -0.200000000000000E+01
   -0.200000000000000E+01
   -0.200000000000000E+01
   -0.200000000000000E+01
   -0.200000000000000E+01
   -0.200000000000000E+01
   -0.200000000000000E+01
   -0.200000000000000E+01
   -0.200000000000000E+01
   -0.200000000000000E+01
   -0.200000000000000E+01
   -0.200000000000000E+01
   -0.200000000000000E+01
   -0.200000000000000E+01
   -0.200000000000000E+01
   -0.200000000000000E+01
   -0.200000000000000E+01
   -0.200000000000000E+01
   -0.200000000000000E+01
   -0.200000000000000E+01
   -0.200000000000000E+01
   -0.200000000000000E+01
   -0.200000000000000E+01
   -0.200000000000000E+01
   -0.200000000000000E+01
   -0.200000000000000E+01
   -0.200000000000000E+01
   -0.200000000000000E+01
   -0.200000000000000E+01
   -0.200000000000000E+01
   -0.200000000000000E+01
   -0.200000000000000E+01
   -0.200000000000000E+01
   -0.200000000000000E+01
   -0.200000000000000E+01
   -0.200000000000000E+01
   -0.200000000000000E+01
   -0.200000000000000E+01
   -0.200000000000000E+01
   -0.200000000000000E+01
   -0.200000000000000E+01
   -0.200000000000000E+01
   -0.200000000000000E+01
   -0.200000000000000E+01
   -0.200000000000000E+01
   -0.200000000000000E+01
   -0.200000000000000E+01
   -0.200000000000000E+01
   -0.200000000000000E+01
   -0.200000000000000E+01
   -0.200000000000000E+01
   -0.200000000000000E+01
   -0.200000000000000E+01
   -0.200000000000000E+01
   -0.200000000000000E+01
   -0.200000000000000E+01
   -0.200000000000000E+01
   -0.200000000000000E+01
   -0.200000000000000E+01
   -0.200000000000000E+01
   -0.200000000000000E+01
   -0.200000000000000E+01
   -0.200000000000000E+01
   -0.200000000000000E+01
   -0.200000000000000E+01
   -0.200000000000000E+01
   -0.200000000000000E+01
