ECP,Li,2,2,0
6;                                     !Vd
 1 , 2.30811372 , 1.00000000 ;
 2 , 1.91379834 , -183.30759608 ;
 2 , 2.45036992 , -310.13271880 ;
 2 , 2.57596576 , 189.72173736 ;
 2 , 2.05559603 , 302.60661601 ;
 3 , 1.38870828 , 2.30811372 ;
6;                                     !Vs-Vd
 2 , 3.01727670 , -763.73070243 ;
 2 , 2.21434486 , -1258.33498657 ;
 2 , 2.59321275 , 1560.87710076 ;
 2 , 1.73843747 , 455.96058393 ;
 2 , 1.46606343 , -101.20508246 ;
 2 , 3.68108749 , 108.33813755 ;
6;                                     !Vp-Vd
 2 , 1.69553941 , 1565.85470282 ;
 2 , 1.89452409 , 947.87453467 ;
 2 , 2.79957579 , 133.93472431 ;
 2 , 2.61590361 , -224.95377123 ;
 2 , 1.74254251 , -2353.16125191 ;
 2 , 1.95070600 , -70.10744444 ;
