ECP,F,2,2,0
6;                                     !Vd
 1 , 12.63253515 , 7.00000000 ;
 2 , 20.87895203 , 759.86698661 ;
 2 , 12.65451338 , -693.36759755 ;
 2 , 18.97378266 , -1414.22178226 ;
 2 , 14.88202934 , 1326.57579520 ;
 3 , 9.48559803 , 88.42774608 ;
6;                                     !Vs-Vd
 2 , 10.74193302 , 6987.54868598 ;
 2 , 11.07439160 , -10520.47715831 ;
 2 , 13.39937217 , 68413.74102766 ;
 2 , 13.55131863 , -65635.15825020 ;
 2 , 17.16978947 , 901.12429763 ;
 2 , 10.34952914 , -123.89404870 ;
6;                                     !Vp-Vd
 2 , 10.32216074 , -355.69605820 ;
 2 , 12.88127490 , 2267.51828430 ;
 2 , 15.14141363 , -3429.59973536 ;
 2 , 19.25503189 , 2043.29657956 ;
 2 , 25.33741502 , -1061.63842914 ;
 2 , 26.76500959 , 521.10746836 ;
