ECP,Be,2,2,0
6;                                     !Vd
 1 , 2.91520486 , 2.00000000 ;
 2 , 3.26059021 , 794.18455395 ;
 2 , 2.70480946 , 975.12980279 ;
 2 , 3.13616456 , -1238.68887155 ;
 2 , 2.51762505 , -533.16857152 ;
 3 , 1.77605588 , 5.83040972 ;
6;                                     !Vs-Vd
 2 , 2.68510997 , 1701.11888118 ;
 2 , 3.68620938 , -5816.06380572 ;
 2 , 3.53042173 , 9346.33210168 ;
 2 , 3.45012398 , 7374.38958680 ;
 2 , 3.33341777 , -12159.98187094 ;
 2 , 2.33396029 , -442.68749404 ;
6;                                     !Vp-Vd
 2 , 3.47412828 , 23551.59218182 ;
 2 , 3.67089171 , -14052.85291368 ;
 2 , 3.25056066 , -10690.92579763 ;
 2 , 5.27804612 , -1332.33649704 ;
 2 , 5.05096681 , 2028.74860955 ;
 2 , 2.63127871 , 494.71893720 ;
