CEPP Pseudopotential in real space for B 
Atomic number and pseudo-charge
 5  3.00
Energy units (rydberg/hartree/ev)
rydberg
Angular momentum of local component (0=s,1=p,2=d..)
2
NLRULE override (1) VMC/DMC (2) config gen (0 ==> input/default value)
0 0
Number of grid points
 945
R(i) in atomic units
    0.000000000000000E+00
    0.201435398514673E-05
    0.405769098441830E-05
    0.613042801245759E-05
    0.823298808401539E-05
    0.103658003002814E-04
    0.125292999364575E-04
    0.147239285305907E-04
    0.169501339736846E-04
    0.192083706011075E-04
    0.214990992853151E-04
    0.238227875299078E-04
    0.261799095650415E-04
    0.285709464442105E-04
    0.309963861424238E-04
    0.334567236557929E-04
    0.359524611025539E-04
    0.384841078255418E-04
    0.410521804961400E-04
    0.436572032197250E-04
    0.462997076426290E-04
    0.489802330606404E-04
    0.516993265290666E-04
    0.544575429743792E-04
    0.572554453074670E-04
    0.600936045385169E-04
    0.629725998935493E-04
    0.658930189326290E-04
    0.688554576697778E-04
    0.718605206946119E-04
    0.749088212957294E-04
    0.780009815858740E-04
    0.811376326288983E-04
    0.843194145685550E-04
    0.875469767591403E-04
    0.908209778980179E-04
    0.941420861600489E-04
    0.975109793339565E-04
    0.100928344960653E-03
    0.104394880473555E-03
    0.107911293340922E-03
    0.111478301210237E-03
    0.115096632054671E-03
    0.118767024321649E-03
    0.122490227083555E-03
    0.126267000190611E-03
    0.130098114425947E-03
    0.133984351662908E-03
    0.137926505024622E-03
    0.141925379045867E-03
    0.145981789837260E-03
    0.150096565251818E-03
    0.154270545053906E-03
    0.158504581090625E-03
    0.162799537465657E-03
    0.167156290715618E-03
    0.171575729988945E-03
    0.176058757227361E-03
    0.180606287349943E-03
    0.185219248439847E-03
    0.189898581933712E-03
    0.194645242813801E-03
    0.199460199802890E-03
    0.204344435561973E-03
    0.209298946890811E-03
    0.214324744931362E-03
    0.219422855374137E-03
    0.224594318667535E-03
    0.229840190230177E-03
    0.235161540666302E-03
    0.240559455984266E-03
    0.246035037818175E-03
    0.251589403652713E-03
    0.257223687051206E-03
    0.262939037886965E-03
    0.268736622577957E-03
    0.274617624324852E-03
    0.280583243352501E-03
    0.286634697154880E-03
    0.292773220743564E-03
    0.299000066899775E-03
    0.305316506430055E-03
    0.311723828425620E-03
    0.318223340525440E-03
    0.324816369183117E-03
    0.331504259937584E-03
    0.338288377687719E-03
    0.345170106970895E-03
    0.352150852245544E-03
    0.359232038177789E-03
    0.366415109932191E-03
    0.373701533466694E-03
    0.381092795831799E-03
    0.388590405474049E-03
    0.396195892543884E-03
    0.403910809207921E-03
    0.411736729965723E-03
    0.419675251971140E-03
    0.427727995358254E-03
    0.435896603572035E-03
    0.444182743703733E-03
    0.452588106831116E-03
    0.461114408363586E-03
    0.469763388392274E-03
    0.478536812045164E-03
    0.487436469847329E-03
    0.496464178086353E-03
    0.505621779183006E-03
    0.514911142067255E-03
    0.524334162559684E-03
    0.533892763758407E-03
    0.543588896431538E-03
    0.553424539415316E-03
    0.563401700017957E-03
    0.573522414429316E-03
    0.583788748136439E-03
    0.594202796345103E-03
    0.604766684407415E-03
    0.615482568255562E-03
    0.626352634841808E-03
    0.637379102584817E-03
    0.648564221822400E-03
    0.659910275270772E-03
    0.671419578490425E-03
    0.683094480358698E-03
    0.694937363549147E-03
    0.706950645017812E-03
    0.719136776496486E-03
    0.731498244993070E-03
    0.744037573299143E-03
    0.756757320504818E-03
    0.769660082521021E-03
    0.782748492609272E-03
    0.796025221919098E-03
    0.809492980033173E-03
    0.823154515520307E-03
    0.837012616496381E-03
    0.851070111193368E-03
    0.865329868536526E-03
    0.879794798729909E-03
    0.894467853850291E-03
    0.909352028449645E-03
    0.924450360166283E-03
    0.939765930344796E-03
    0.955301864664908E-03
    0.971061333779383E-03
    0.987047553961104E-03
    0.100326378775947E-02
    0.101971334466624E-02
    0.103639958179092E-02
    0.105332590454596E-02
    0.107049576734169E-02
    0.108791267429131E-02
    0.110558017992611E-02
    0.112350188992078E-02
    0.114168146182937E-02
    0.116012260583168E-02
    0.117882908549052E-02
    0.119780471851970E-02
    0.121705337756326E-02
    0.123657899098576E-02
    0.125638554367406E-02
    0.127647707785050E-02
    0.129685769389791E-02
    0.131753155119642E-02
    0.133850286897235E-02
    0.135977592715924E-02
    0.138135506727139E-02
    0.140324469328982E-02
    0.142544927256114E-02
    0.144797333670921E-02
    0.147082148255997E-02
    0.149399837307965E-02
    0.151750873832633E-02
    0.154135737641536E-02
    0.156554915449849E-02
    0.159008900975726E-02
    0.161498195041056E-02
    0.164023305673678E-02
    0.166584748211055E-02
    0.169183045405452E-02
    0.171818727530622E-02
    0.174492332490024E-02
    0.177204405926601E-02
    0.179955501334143E-02
    0.182746180170240E-02
    0.185577011970871E-02
    0.188448574466637E-02
    0.191361453700666E-02
    0.194316244148220E-02
    0.197313548838011E-02
    0.200353979475278E-02
    0.203438156566621E-02
    0.206566709546642E-02
    0.209740276906399E-02
    0.212959506323715E-02
    0.216225054795359E-02
    0.219537588771128E-02
    0.222897784289861E-02
    0.226306327117409E-02
    0.229763912886587E-02
    0.233271247239145E-02
    0.236829045969776E-02
    0.240438035172203E-02
    0.244098951387360E-02
    0.247812541753713E-02
    0.251579564159734E-02
    0.255400787398582E-02
    0.259276991324996E-02
    0.263208967014456E-02
    0.267197516924627E-02
    0.271243455059131E-02
    0.275347607133669E-02
    0.279510810744543E-02
    0.283733915539593E-02
    0.288017783391597E-02
    0.292363288574168E-02
    0.296771317940183E-02
    0.301242771102769E-02
    0.305778560618909E-02
    0.310379612175675E-02
    0.315046864779149E-02
    0.319781270946063E-02
    0.324583796898188E-02
    0.329455422759531E-02
    0.334397142756359E-02
    0.339409965420109E-02
    0.344494913793213E-02
    0.349653025637886E-02
    0.354885353647917E-02
    0.360192965663509E-02
    0.365576944889210E-02
    0.371038390114978E-02
    0.376578415940425E-02
    0.382198153002295E-02
    0.387898748205209E-02
    0.393681364955728E-02
    0.399547183399790E-02
    0.405497400663558E-02
    0.411533231097739E-02
    0.417655906525411E-02
    0.423866676493423E-02
    0.430166808527405E-02
    0.436557588390455E-02
    0.443040320345544E-02
    0.449616327421692E-02
    0.456286951683985E-02
    0.463053554507465E-02
    0.469917516854968E-02
    0.476880239558962E-02
    0.483943143607429E-02
    0.491107670433873E-02
    0.498375282211492E-02
    0.505747462151588E-02
    0.513225714806266E-02
    0.520811566375493E-02
    0.528506565018572E-02
    0.536312281170097E-02
    0.544230307860455E-02
    0.552262261040943E-02
    0.560409779913558E-02
    0.568674527265530E-02
    0.577058189808679E-02
    0.585562478523641E-02
    0.594189129009060E-02
    0.602939901835790E-02
    0.611816582906212E-02
    0.620820983818698E-02
    0.629954942237340E-02
    0.639220322266988E-02
    0.648619014833683E-02
    0.658152938070571E-02
    0.667824037709360E-02
    0.677634287477422E-02
    0.687585689500596E-02
    0.697680274711792E-02
    0.707920103265478E-02
    0.718307264958123E-02
    0.728843879654697E-02
    0.739532097721299E-02
    0.750374100464019E-02
    0.761372100574110E-02
    0.772528342579560E-02
    0.783845103303174E-02
    0.795324692327235E-02
    0.806969452464857E-02
    0.818781760238116E-02
    0.830764026363068E-02
    0.842918696241732E-02
    0.855248250461170E-02
    0.867755205299729E-02
    0.880442113240582E-02
    0.893311563492648E-02
    0.906366182519013E-02
    0.919608634572952E-02
    0.933041622241662E-02
    0.946667886997822E-02
    0.960490209759083E-02
    0.974511411455616E-02
    0.988734353605821E-02
    0.100316193890032E-01
    0.101779711179434E-01
    0.103264285910867E-01
    0.104770221063918E-01
    0.106297823977518E-01
    0.107847406412666E-01
    0.109419284616054E-01
    0.111013779384607E-01
    0.112631216130955E-01
    0.114271924949845E-01
    0.115936240685504E-01
    0.117624502999983E-01
    0.119337056442469E-01
    0.121074250519610E-01
    0.122836439766839E-01
    0.124623983820731E-01
    0.126437247492397E-01
    0.128276600841944E-01
    0.130142419253988E-01
    0.132035083514275E-01
    0.133954979887385E-01
    0.135902500195568E-01
    0.137878041898707E-01
    0.139882008175437E-01
    0.141914808005420E-01
    0.143976856252822E-01
    0.146068573750972E-01
    0.148190387388252E-01
    0.150342730195217E-01
    0.152526041432973E-01
    0.154740766682818E-01
    0.156987357937186E-01
    0.159266273691883E-01
    0.161577979039668E-01
    0.163922945765166E-01
    0.166301652441154E-01
    0.168714584526229E-01
    0.171162234463886E-01
    0.173645101783016E-01
    0.176163693199852E-01
    0.178718522721384E-01
    0.181310111750259E-01
    0.183938989191193E-01
    0.186605691558910E-01
    0.189310763087638E-01
    0.192054755842181E-01
    0.194838229830583E-01
    0.197661753118421E-01
    0.200525901944738E-01
    0.203431260839643E-01
    0.206378422743607E-01
    0.209367989128472E-01
    0.212400570120203E-01
    0.215476784623405E-01
    0.218597260447633E-01
    0.221762634435519E-01
    0.224973552592741E-01
    0.228230670219862E-01
    0.231534652046072E-01
    0.234886172364841E-01
    0.238285915171543E-01
    0.241734574303038E-01
    0.245232853579283E-01
    0.248781466946965E-01
    0.252381138625212E-01
    0.256032603253389E-01
    0.259736606041033E-01
    0.263493902919936E-01
    0.267305260698420E-01
    0.271171457217833E-01
    0.275093281511290E-01
    0.279071533964708E-01
    0.283107026480151E-01
    0.287200582641527E-01
    0.291353037882667E-01
    0.295565239657830E-01
    0.299838047614650E-01
    0.304172333769581E-01
    0.308568982685862E-01
    0.313028891654042E-01
    0.317552970875103E-01
    0.322142143646222E-01
    0.326797346549198E-01
    0.331519529641598E-01
    0.336309656650646E-01
    0.341168705169909E-01
    0.346097666858805E-01
    0.351097547644993E-01
    0.356169367929658E-01
    0.361314162795769E-01
    0.366532982219318E-01
    0.371826891283606E-01
    0.377196970396614E-01
    0.382644315511492E-01
    0.388170038350231E-01
    0.393775266630549E-01
    0.399461144296040E-01
    0.405228831749634E-01
    0.411079506090423E-01
    0.417014361353884E-01
    0.423034608755569E-01
    0.429141476938290E-01
    0.435336212222873E-01
    0.441620078862509E-01
    0.447994359300771E-01
    0.454460354433342E-01
    0.461019383873508E-01
    0.467672786221470E-01
    0.474421919337535E-01
    0.481268160619233E-01
    0.488212907282425E-01
    0.495257576646451E-01
    0.502403606423387E-01
    0.509652455011460E-01
    0.517005601792684E-01
    0.524464547434781E-01
    0.532030814197442E-01
    0.539705946243004E-01
    0.547491509951584E-01
    0.555389094240757E-01
    0.563400310889829E-01
    0.571526794868779E-01
    0.579770204671931E-01
    0.588132222656427E-01
    0.596614555385573E-01
    0.605218933977121E-01
    0.613947114456566E-01
    0.622800878115524E-01
    0.631782031875267E-01
    0.640892408655490E-01
    0.650133867748381E-01
    0.659508295198074E-01
    0.669017604185565E-01
    0.678663735419163E-01
    0.688448657530559E-01
    0.698374367476593E-01
    0.708442890946807E-01
    0.718656282776856E-01
    0.729016627367867E-01
    0.739526039111837E-01
    0.750186662823151E-01
    0.761000674176301E-01
    0.771970280149912E-01
    0.783097719477155E-01
    0.794385263102636E-01
    0.805835214645863E-01
    0.817449910871382E-01
    0.829231722165674E-01
    0.841183053020915E-01
    0.853306342525699E-01
    0.865604064862819E-01
    0.878078729814211E-01
    0.890732883273161E-01
    0.903569107763888E-01
    0.916590022968594E-01
    0.929798286262107E-01
    0.943196593254206E-01
    0.956787678339760E-01
    0.970574315256776E-01
    0.984559317652474E-01
    0.998745539657516E-01
    0.101313587646849E+00
    0.102773326493876E+00
    0.104254068417788E+00
    0.105756115615953E+00
    0.107279774633828E+00
    0.108825356427522E+00
    0.110393176427256E+00
    0.111983554601736E+00
    0.113596815523456E+00
    0.115233288434939E+00
    0.116893307315927E+00
    0.118577210951547E+00
    0.120285343001445E+00
    0.122018052069928E+00
    0.123775691777105E+00
    0.125558620831058E+00
    0.127367203101048E+00
    0.129201807691773E+00
    0.131062809018701E+00
    0.132950586884482E+00
    0.134865526556455E+00
    0.136808018845283E+00
    0.138778460184704E+00
    0.140777252712443E+00
    0.142804804352280E+00
    0.144861528897302E+00
    0.146947846094350E+00
    0.149064181729684E+00
    0.151210967715882E+00
    0.153388642179984E+00
    0.155597649552909E+00
    0.157838440660154E+00
    0.160111472813804E+00
    0.162417209905862E+00
    0.164756122502920E+00
    0.167128687942199E+00
    0.169535390428961E+00
    0.171976721135331E+00
    0.174453178300541E+00
    0.176965267332606E+00
    0.179513500911477E+00
    0.182098399093667E+00
    0.184720489418389E+00
    0.187380307015218E+00
    0.190078394713305E+00
    0.192815303152154E+00
    0.195591590894010E+00
    0.198407824537841E+00
    0.201264578834984E+00
    0.204162436806435E+00
    0.207101989861836E+00
    0.210083837920179E+00
    0.213108589532231E+00
    0.216176862004740E+00
    0.219289281526409E+00
    0.222446483295699E+00
    0.225649111650459E+00
    0.228897820199430E+00
    0.232193271955630E+00
    0.235536139471673E+00
    0.238927104977021E+00
    0.242366860517221E+00
    0.245856108095137E+00
    0.249395559814223E+00
    0.252985938023849E+00
    0.256627975466723E+00
    0.260322415428433E+00
    0.264070011889142E+00
    0.267871529677460E+00
    0.271727744626539E+00
    0.275639443732406E+00
    0.279607425314577E+00
    0.283632499178983E+00
    0.287715486783242E+00
    0.291857221404301E+00
    0.296058548308497E+00
    0.300320324924068E+00
    0.304643421016134E+00
    0.309028718864209E+00
    0.313477113442258E+00
    0.317989512601348E+00
    0.322566837254929E+00
    0.327210021566776E+00
    0.331920013141639E+00
    0.336697773218638E+00
    0.341544276867430E+00
    0.346460513187215E+00
    0.351447485508590E+00
    0.356506211598318E+00
    0.361637723867037E+00
    0.366843069579957E+00
    0.372123311070599E+00
    0.377479525957591E+00
    0.382912807364605E+00
    0.388424264143437E+00
    0.394015021100315E+00
    0.399686219225451E+00
    0.405439015925901E+00
    0.411274585261774E+00
    0.417194118185842E+00
    0.423198822786594E+00
    0.429289924534791E+00
    0.435468666533562E+00
    0.441736309772107E+00
    0.448094133383045E+00
    0.454543434903466E+00
    0.461085530539738E+00
    0.467721755436124E+00
    0.474453463947271E+00
    0.481282029914605E+00
    0.488208846946719E+00
    0.495235328703783E+00
    0.502362909186053E+00
    0.509593043026530E+00
    0.516927205787826E+00
    0.524366894263307E+00
    0.531913626782566E+00
    0.539568943521289E+00
    0.547334406815585E+00
    0.555211601480834E+00
    0.563202135135123E+00
    0.571307638527341E+00
    0.579529765869986E+00
    0.587870195176766E+00
    0.596330628605061E+00
    0.604912792803301E+00
    0.613618439263354E+00
    0.622449344677980E+00
    0.631407311303423E+00
    0.640494167327228E+00
    0.649711767241348E+00
    0.659061992220614E+00
    0.668546750506659E+00
    0.678167977797358E+00
    0.687927637641879E+00
    0.697827721841410E+00
    0.707870250855661E+00
    0.718057274215202E+00
    0.728390870939752E+00
    0.738873149962465E+00
    0.749506250560342E+00
    0.760292342790817E+00
    0.771233627934640E+00
    0.782332338945120E+00
    0.793590740903843E+00
    0.805011131482937E+00
    0.816595841413994E+00
    0.828347234963740E+00
    0.840267710416543E+00
    0.852359700563869E+00
    0.864625673200778E+00
    0.877068131629564E+00
    0.889689615170643E+00
    0.902492699680790E+00
    0.915479998078831E+00
    0.928654160878904E+00
    0.942017876731386E+00
    0.955573872971609E+00
    0.969324916176469E+00
    0.983273812729040E+00
    0.997423409391319E+00
    0.101177659388520E+01
    0.102633629548184E+01
    0.104110548559943E+01
    0.105608717840967E+01
    0.107128443145288E+01
    0.108670034626203E+01
    0.110233806899568E+01
    0.111820079108009E+01
    0.113429174986055E+01
    0.115061422926204E+01
    0.116717156045946E+01
    0.118396712255746E+01
    0.120100434328006E+01
    0.121828669967022E+01
    0.123581771879943E+01
    0.125360097848755E+01
    0.127164010803297E+01
    0.128993878895330E+01
    0.130850075573674E+01
    0.132732979660419E+01
    0.134642975428242E+01
    0.136580452678825E+01
    0.138545806822415E+01
    0.140539438958514E+01
    0.142561755957744E+01
    0.144613170544878E+01
    0.146694101383075E+01
    0.148804973159320E+01
    0.150946216671098E+01
    0.153118268914313E+01
    0.155321573172470E+01
    0.157556579107149E+01
    0.159823742849766E+01
    0.162123527094668E+01
    0.164456401193561E+01
    0.166822841251296E+01
    0.169223330223038E+01
    0.171658358012826E+01
    0.174128421573560E+01
    0.176634025008415E+01
    0.179175679673730E+01
    0.181753904283358E+01
    0.184369225014536E+01
    0.187022175615266E+01
    0.189713297513246E+01
    0.192443139926367E+01
    0.195212259974800E+01
    0.198021222794697E+01
    0.200870601653525E+01
    0.203760978067063E+01
    0.206692941918082E+01
    0.209667091576726E+01
    0.212684034022637E+01
    0.215744384968825E+01
    0.218848768987331E+01
    0.221997819636687E+01
    0.225192179591221E+01
    0.228432500772216E+01
    0.231719444480954E+01
    0.235053681533683E+01
    0.238435892398515E+01
    0.241866767334307E+01
    0.245347006531522E+01
    0.248877320255139E+01
    0.252458428989599E+01
    0.256091063585848E+01
    0.259775965410494E+01
    0.263513886497107E+01
    0.267305589699698E+01
    0.271151848848407E+01
    0.275053448907432E+01
    0.279011186135224E+01
    0.283025868246994E+01
    0.287098314579556E+01
    0.291229356258542E+01
    0.295419836368020E+01
    0.299670610122557E+01
    0.303982545041753E+01
    0.308356521127294E+01
    0.312793431042541E+01
    0.317294180294713E+01
    0.321859687419686E+01
    0.326490884169456E+01
    0.331188715702289E+01
    0.335954140775620E+01
    0.340788131941717E+01
    0.345691675746170E+01
    0.350665772929221E+01
    0.355711438630009E+01
    0.360829702593740E+01
    0.366021609381846E+01
    0.371288218585160E+01
    0.376630605040166E+01
    0.382049859048356E+01
    0.387547086598746E+01
    0.393123409593589E+01
    0.398779966077340E+01
    0.404517910468914E+01
    0.410338413797286E+01
    0.416242663940480E+01
    0.422231865867997E+01
    0.428307241886732E+01
    0.434470031890429E+01
    0.440721493612722E+01
    0.447062902883825E+01
    0.453495553890905E+01
    0.460020759442206E+01
    0.466639851234981E+01
    0.473354180127261E+01
    0.480165116413554E+01
    0.487074050104496E+01
    0.494082391210534E+01
    0.501191570029688E+01
    0.508403037439453E+01
    0.515718265192900E+01
    0.523138746219044E+01
    0.530665994927521E+01
    0.538301547517663E+01
    0.546046962292011E+01
    0.553903819974339E+01
    0.561873724032261E+01
    0.569958301004471E+01
    0.578159200832697E+01
    0.586478097198428E+01
    0.594916687864491E+01
    0.603476695021533E+01
    0.612159865639501E+01
    0.620967971824170E+01
    0.629902811178801E+01
    0.638966207171008E+01
    0.648160009504899E+01
    0.657486094498576E+01
    0.666946365467058E+01
    0.676542753110726E+01
    0.686277215909344E+01
    0.696151740521760E+01
    0.706168342191350E+01
    0.716329065157303E+01
    0.726635983071816E+01
    0.737091199423298E+01
    0.747696847965660E+01
    0.758455093153782E+01
    0.769368130585246E+01
    0.780438187448425E+01
    0.791667522977020E+01
    0.803058428911133E+01
    0.814613229964980E+01
    0.826334284301330E+01
    0.838223984012769E+01
    0.850284755609894E+01
    0.862519060516524E+01
    0.874929395572040E+01
    0.887518293540957E+01
    0.900288323629818E+01
    0.913242092011537E+01
    0.926382242357272E+01
    0.939711456375968E+01
    0.953232454361645E+01
    0.966947995748576E+01
    0.980860879674444E+01
    0.994973945551605E+01
    0.100929007364657E+02
    0.102381218566782E+02
    0.103854324536209E+02
    0.105348625911921E+02
    0.106864427658571E+02
    0.108402039128715E+02
    0.109961774125947E+02
    0.111543950968947E+02
    0.113148892556439E+02
    0.114776926433093E+02
    0.116428384856372E+02
    0.118103604864337E+02
    0.119802928344439E+02
    0.121526702103285E+02
    0.123275277937421E+02
    0.125049012705128E+02
    0.126848268399248E+02
    0.128673412221066E+02
    0.130524816655248E+02
    0.132402859545860E+02
    0.134307924173479E+02
    0.136240399333416E+02
    0.138200679415065E+02
    0.140189164482388E+02
    0.142206260355567E+02
    0.144252378693822E+02
    0.146327937079425E+02
    0.148433359102923E+02
    0.150569074449589E+02
    0.152735518987111E+02
    0.154933134854544E+02
    0.157162370552552E+02
    0.159423681034932E+02
    0.161717527801469E+02
    0.164044378992115E+02
    0.166404709482539E+02
    0.168799000981031E+02
    0.171227742126820E+02
    0.173691428589795E+02
    0.176190563171661E+02
    0.178725655908558E+02
    0.181297224175151E+02
    0.183905792790214E+02
    0.186551894123743E+02
    0.189236068205603E+02
    0.191958862835739E+02
    0.194720833695975E+02
    0.197522544463419E+02
    0.200364566925503E+02
    0.203247481096676E+02
    0.206171875336774E+02
    0.209138346471098E+02
    0.212147499912217E+02
    0.215199949783521E+02
    0.218296319044560E+02
    0.221437239618173E+02
    0.224623352519461E+02
    0.227855307986605E+02
    0.231133765613571E+02
    0.234459394484723E+02
    0.237832873311373E+02
    0.241254890570296E+02
    0.244726144644239E+02
    0.248247343964448E+02
    0.251819207155252E+02
    0.255442463180718E+02
    0.259117851493427E+02
    0.262846122185385E+02
    0.266628036141099E+02
    0.270464365192873E+02
    0.274355892278316E+02
    0.278303411600136E+02
    0.282307728788224E+02
    0.286369661064066E+02
    0.290490037407531E+02
    0.294669698726051E+02
    0.298909498026240E+02
    0.303210300587975E+02
    0.307572984140993E+02
    0.311998439044018E+02
    0.316487568466471E+02
    0.321041288572795E+02
    0.325660528709430E+02
    0.330346231594476E+02
    0.335099353510091E+02
    0.339920864497653E+02
    0.344811748555731E+02
    0.349773003840904E+02
    0.354805642871470E+02
    0.359910692734087E+02
    0.365089195293382E+02
    0.370342207404588E+02
    0.375670801129224E+02
    0.381076063953892E+02
    0.386559099012214E+02
    0.392121025309969E+02
    0.397762977953458E+02
    0.403486108381172E+02
    0.409291584598776E+02
    0.415180591417484E+02
    0.421154330695862E+02
    0.427214021585110E+02
    0.433360900777867E+02
    0.439596222760612E+02
    0.445921260069675E+02
    0.452337303550951E+02
    0.458845662623337E+02
    0.465447665545966E+02
    0.472144659689290E+02
    0.478938011810051E+02
    0.485829108330218E+02
    0.492819355619938E+02
    0.499910180284553E+02
    0.507103029455747E+02
    0.514399371086888E+02
    0.521800694252613E+02
    0.529308509452724E+02
    0.536924348920466E+02
    0.544649766935221E+02
    0.552486340139727E+02
    0.560435667861835E+02
    0.568499372440917E+02
    0.576679099558955E+02
    0.584976518576405E+02
    0.593393322872886E+02
    0.601931230192772E+02
    0.610591982995762E+02
    0.619377348812489E+02
    0.628289120605243E+02
    0.637329117133894E+02
    0.646499183327067E+02
    0.655801190658671E+02
    0.665237037529835E+02
    0.674808649656342E+02
    0.684517980461644E+02
    0.694367011475523E+02
    0.704357752738493E+02
    0.714492243212017E+02
    0.724772551194632E+02
    0.735200774744057E+02
    0.745779042105373E+02
    0.756509512145369E+02
    0.767394374793133E+02
    0.778435851486985E+02
    0.789636195627839E+02
    0.800997693039086E+02
    0.812522662433102E+02
    0.824213455884457E+02
    0.836072459309943E+02
    0.848102092955500E+02
    0.860304811890155E+02
    0.872683106507066E+02
    0.885239503031768E+02
    0.897976564037746E+02
    0.910896888969413E+02
    0.924003114672619E+02
    0.937297915932793E+02
    0.950784006020826E+02
    0.964464137246807E+02
    0.978341101521734E+02
    0.992417730927297E+02
    0.100669689829386E+03
r*potential (L=0) in Ry
    0.000000000000000E+00
    0.304290669790420E-05
    0.612959547604645E-05
    0.926069628162532E-05
    0.124368481256726E-04
    0.156586992134657E-04
    0.189269070768172E-04
    0.222421387082668E-04
    0.256050706972046E-04
    0.290163893679533E-04
    0.324767909198362E-04
    0.359869815692618E-04
    0.395476776938513E-04
    0.431596059786412E-04
    0.468235035643883E-04
    0.505401181980098E-04
    0.543102083851867E-04
    0.581345435451640E-04
    0.620139041677773E-04
    0.659490819727394E-04
    0.699408800712181E-04
    0.739901131297399E-04
    0.780976075364505E-04
    0.822642015697689E-04
    0.864907455694673E-04
    0.907781021102125E-04
    0.951271461776050E-04
    0.995387653467503E-04
    0.104013859963399E-03
    0.108553343327697E-03
    0.113158141880570E-03
    0.117829195392804E-03
    0.122567457156833E-03
    0.127373894181294E-03
    0.132249487388379E-03
    0.137195231814025E-03
    0.142212136810989E-03
    0.147301226254837E-03
    0.152463538752908E-03
    0.157700127856272E-03
    0.163012062274749E-03
    0.168400426095014E-03
    0.173866319001842E-03
    0.179410856502540E-03
    0.185035170154605E-03
    0.190740407796655E-03
    0.196527733782689E-03
    0.202398329219711E-03
    0.208353392208781E-03
    0.214394138089524E-03
    0.220521799688167E-03
    0.226737627569138E-03
    0.233042890290286E-03
    0.239438874661780E-03
    0.245926886008721E-03
    0.252508248437546E-03
    0.259184305106252E-03
    0.265956418498517E-03
    0.272825970701765E-03
    0.279794363689224E-03
    0.286863019606052E-03
    0.294033381059574E-03
    0.301306911413695E-03
    0.308685095087552E-03
    0.316169437858464E-03
    0.323761467169232E-03
    0.331462732439873E-03
    0.339274805383830E-03
    0.347199280328736E-03
    0.355237774541793E-03
    0.363391928559831E-03
    0.371663406524114E-03
    0.380053896519970E-03
    0.388565110921304E-03
    0.397198786740064E-03
    0.405956685980738E-03
    0.414840595999958E-03
    0.423852329871267E-03
    0.432993726755142E-03
    0.442266652274338E-03
    0.451672998894633E-03
    0.461214686311051E-03
    0.470893661839643E-03
    0.480711900814903E-03
    0.490671406992906E-03
    0.500774212960240E-03
    0.511022380548829E-03
    0.521418001256719E-03
    0.531963196674921E-03
    0.542660118920396E-03
    0.553510951075265E-03
    0.564517907632346E-03
    0.575683234947095E-03
    0.587009211696055E-03
    0.598498149341893E-03
    0.610152392605138E-03
    0.621974319942700E-03
    0.633966344033274E-03
    0.646130912269732E-03
    0.658470507258594E-03
    0.670987647326693E-03
    0.683684887035120E-03
    0.696564817700572E-03
    0.709630067924199E-03
    0.722883304128056E-03
    0.736327231099278E-03
    0.749964592542086E-03
    0.763798171637725E-03
    0.777830791612474E-03
    0.792065316313816E-03
    0.806504650794899E-03
    0.821151741907416E-03
    0.836009578903003E-03
    0.851081194043297E-03
    0.866369663218768E-03
    0.881878106576459E-03
    0.897609689156753E-03
    0.913567621539303E-03
    0.929755160498257E-03
    0.946175609666911E-03
    0.962832320211916E-03
    0.979728691517202E-03
    0.996868171877724E-03
    0.101425425920320E-02
    0.103189050173198E-02
    0.104978049875515E-02
    0.106792790135113E-02
    0.108633641313073E-02
    0.110500979099306E-02
    0.112395184589216E-02
    0.114316644361482E-02
    0.116265750556948E-02
    0.118242900958649E-02
    0.120248499072996E-02
    0.122282954212119E-02
    0.124346681577403E-02
    0.126440102344220E-02
    0.128563643747883E-02
    0.130717739170836E-02
    0.132902828231099E-02
    0.135119356871983E-02
    0.137367777453098E-02
    0.139648548842672E-02
    0.141962136511194E-02
    0.144309012626406E-02
    0.146689656149661E-02
    0.149104552933671E-02
    0.151554195821655E-02
    0.154039084747919E-02
    0.156559726839879E-02
    0.159116636521554E-02
    0.161710335618545E-02
    0.164341353464532E-02
    0.167010227009290E-02
    0.169717500928271E-02
    0.172463727733758E-02
    0.175249467887614E-02
    0.178075289915659E-02
    0.180941770523692E-02
    0.183849494715173E-02
    0.186799055910614E-02
    0.189791056068671E-02
    0.192826105808987E-02
    0.195904824536802E-02
    0.199027840569351E-02
    0.202195791264085E-02
    0.205409323148730E-02
    0.208669092053226E-02
    0.211975763243554E-02
    0.215330011557494E-02
    0.218732521542336E-02
    0.222183987594565E-02
    0.225685114101564E-02
    0.229236615585348E-02
    0.232839216848371E-02
    0.236493653121423E-02
    0.240200670213661E-02
    0.243961024664794E-02
    0.247775483899457E-02
    0.251644826383804E-02
    0.255569841784357E-02
    0.259551331129136E-02
    0.263590106971102E-02
    0.267686993553962E-02
    0.271842826980346E-02
    0.276058455382407E-02
    0.280334739094878E-02
    0.284672550830609E-02
    0.289072775858633E-02
    0.293536312184795E-02
    0.298064070734968E-02
    0.302656975540913E-02
    0.307315963928806E-02
    0.312041986710477E-02
    0.316836008377393E-02
    0.321699007297437E-02
    0.326631975914511E-02
    0.331635920951009E-02
    0.336711863613196E-02
    0.341860839799547E-02
    0.347083900312072E-02
    0.352382111070681E-02
    0.357756553330632E-02
    0.363208323903097E-02
    0.368738535378902E-02
    0.374348316355483E-02
    0.380038811667095E-02
    0.385811182618336E-02
    0.391666607221020E-02
    0.397606280434455E-02
    0.403631414409175E-02
    0.409743238734161E-02
    0.415943000687626E-02
    0.422231965491394E-02
    0.428611416568929E-02
    0.435082655807075E-02
    0.441647003821548E-02
    0.448305800226239E-02
    0.455060403906391E-02
    0.461912193295681E-02
    0.468862566657292E-02
    0.475912942369010E-02
    0.483064759212414E-02
    0.490319476666217E-02
    0.497678575203805E-02
    0.505143556595058E-02
    0.512715944212483E-02
    0.520397283341750E-02
    0.528189141496668E-02
    0.536093108738689E-02
    0.544110798000977E-02
    0.552243845417129E-02
    0.560493910654608E-02
    0.568862677252942E-02
    0.577351852966778E-02
    0.585963170113842E-02
    0.594698385927881E-02
    0.603559282916663E-02
    0.612547669225092E-02
    0.621665379003522E-02
    0.630914272781347E-02
    0.640296237845923E-02
    0.649813188626915E-02
    0.659467067086140E-02
    0.669259843112973E-02
    0.679193514925418E-02
    0.689270109476890E-02
    0.699491682868827E-02
    0.709860320769171E-02
    0.720378138836844E-02
    0.731047283152262E-02
    0.741869930654007E-02
    0.752848289581712E-02
    0.763984599925268E-02
    0.775281133880433E-02
    0.786740196310929E-02
    0.798364125217118E-02
    0.810155292211356E-02
    0.822116103000107E-02
    0.834248997872918E-02
    0.846556452198346E-02
    0.859040976926932E-02
    0.871705119101328E-02
    0.884551462373658E-02
    0.897582627530233E-02
    0.910801273023710E-02
    0.924210095512789E-02
    0.937811830409573E-02
    0.951609252434675E-02
    0.965605176180190E-02
    0.979802456680630E-02
    0.994203989991947E-02
    0.100881271377873E-01
    0.102363160790970E-01
    0.103866369506163E-01
    0.105391204133177E-01
    0.106937975685895E-01
    0.108506999645333E-01
    0.110098596023521E-01
    0.111713089428264E-01
    0.113350809128827E-01
    0.115012089122539E-01
    0.116697268202331E-01
    0.118406690025230E-01
    0.120140703181805E-01
    0.121899661266590E-01
    0.123683922949502E-01
    0.125493852048243E-01
    0.127329817601734E-01
    0.129192193944559E-01
    0.131081360782459E-01
    0.132997703268882E-01
    0.134941612082593E-01
    0.136913483506372E-01
    0.138913719506811E-01
    0.140942727815212E-01
    0.143000922009627E-01
    0.145088721598022E-01
    0.147206552102611E-01
    0.149354845145348E-01
    0.151534038534624E-01
    0.153744576353145E-01
    0.155986909047048E-01
    0.158261493516238E-01
    0.160568793205989E-01
    0.162909278199799E-01
    0.165283425313546E-01
    0.167691718190934E-01
    0.170134647400269E-01
    0.172612710532566E-01
    0.175126412301022E-01
    0.177676264641853E-01
    0.180262786816540E-01
    0.182886505515478E-01
    0.185547954963067E-01
    0.188247677024252E-01
    0.190986221312549E-01
    0.193764145299558E-01
    0.196582014426003E-01
    0.199440402214313E-01
    0.202339890382767E-01
    0.205281068961235E-01
    0.208264536408530E-01
    0.211290899731400E-01
    0.214360774605194E-01
    0.217474785496214E-01
    0.220633565785802E-01
    0.223837757896172E-01
    0.227088013418029E-01
    0.230384993240008E-01
    0.233729367679959E-01
    0.237121816618119E-01
    0.240563029632208E-01
    0.244053706134480E-01
    0.247594555510783E-01
    0.251186297261651E-01
    0.254829661145496E-01
    0.258525387323920E-01
    0.262274226509221E-01
    0.266076940114131E-01
    0.269934300403840E-01
    0.273847090650372E-01
    0.277816105289371E-01
    0.281842150079358E-01
    0.285926042263535E-01
    0.290068610734199E-01
    0.294270696199863E-01
    0.298533151355138E-01
    0.302856841053492E-01
    0.307242642482966E-01
    0.311691445344944E-01
    0.316204152036090E-01
    0.320781677833569E-01
    0.325424951083656E-01
    0.330134913393887E-01
    0.334912519828869E-01
    0.339758739109901E-01
    0.344674553818579E-01
    0.349660960604529E-01
    0.354718970397467E-01
    0.359849608623768E-01
    0.365053915427757E-01
    0.370332945897932E-01
    0.375687770298369E-01
    0.381119474305544E-01
    0.386629159250856E-01
    0.392217942369125E-01
    0.397886957053386E-01
    0.403637353116296E-01
    0.409470297058518E-01
    0.415386972344443E-01
    0.421388579685664E-01
    0.427476337332625E-01
    0.433651481374912E-01
    0.439915266050655E-01
    0.446268964065589E-01
    0.452713866922318E-01
    0.459251285260373E-01
    0.465882549207715E-01
    0.472609008744340E-01
    0.479432034078721E-01
    0.486353016037857E-01
    0.493373366471730E-01
    0.500494518673065E-01
    0.507717927813295E-01
    0.515045071395743E-01
    0.522477449727039E-01
    0.530016586407908E-01
    0.537664028844498E-01
    0.545421348781506E-01
    0.553290142858420E-01
    0.561272033190304E-01
    0.569368667974594E-01
    0.577581722125495E-01
    0.585912897937651E-01
    0.594363925780829E-01
    0.602936564827501E-01
    0.611632603815267E-01
    0.620453861846191E-01
    0.629402189225234E-01
    0.638479468340050E-01
    0.647687614584580E-01
    0.657028577328928E-01
    0.666504340938204E-01
    0.676116925843056E-01
    0.685868389664832E-01
    0.695760828398344E-01
    0.705796377655421E-01
    0.715977213972503E-01
    0.726305556185684E-01
    0.736783666876738E-01
    0.747413853893771E-01
    0.758198471950277E-01
    0.769139924306469E-01
    0.780240664536890E-01
    0.791503198388374E-01
    0.802930085732545E-01
    0.814523942617094E-01
    0.826287443420139E-01
    0.838223323112015E-01
    0.850334379628855E-01
    0.862623476362327E-01
    0.875093544769828E-01
    0.887747587109412E-01
    0.900588679303571E-01
    0.913619973935885E-01
    0.926844703384329E-01
    0.940266183094776E-01
    0.953887814997937E-01
    0.967713091072574E-01
    0.981745597057374E-01
    0.995989016313325E-01
    0.101044713383779E+00
    0.102512384043071E+00
    0.104002313701258E+00
    0.105514913909269E+00
    0.107050608138518E+00
    0.108609832256905E+00
    0.110193035018679E+00
    0.111800678567472E+00
    0.113433238951629E+00
    0.115091206650736E+00
    0.116775087112040E+00
    0.118485401295175E+00
    0.120222686223339E+00
    0.121987495538746E+00
    0.123780400059813E+00
    0.125601988337185E+00
    0.127452867205255E+00
    0.129333662325375E+00
    0.131245018716469E+00
    0.133187601268169E+00
    0.135162095231024E+00
    0.137169206677666E+00
    0.139209662928098E+00
    0.141284212931519E+00
    0.143393627596257E+00
    0.145538700058499E+00
    0.147720245879534E+00
    0.149939103160221E+00
    0.152196132560271E+00
    0.154492217208770E+00
    0.156828262491127E+00
    0.159205195696303E+00
    0.161623965506783E+00
    0.164085541312280E+00
    0.166590912326588E+00
    0.169141086485433E+00
    0.171737089101405E+00
    0.174379961250362E+00
    0.177070757861834E+00
    0.179810545484102E+00
    0.182600399692710E+00
    0.185441402109208E+00
    0.188334636994964E+00
    0.191281187382905E+00
    0.194282130708085E+00
    0.197338533896057E+00
    0.200451447866151E+00
    0.203621901405007E+00
    0.206850894364025E+00
    0.210139390132918E+00
    0.213488307340251E+00
    0.216898510730782E+00
    0.220370801168658E+00
    0.223905904715130E+00
    0.227504460729398E+00
    0.231167008941724E+00
    0.234893975448936E+00
    0.238685657584122E+00
    0.242542207614655E+00
    0.246463615225871E+00
    0.250449688751768E+00
    0.254500035119164E+00
    0.258614038477885E+00
    0.262790837496925E+00
    0.267029301315193E+00
    0.271328004145560E+00
    0.275685198542558E+00
    0.280098787357362E+00
    0.284566294418744E+00
    0.289084833995545E+00
    0.293651079115060E+00
    0.298261228832577E+00
    0.302910974570229E+00
    0.307595465668348E+00
    0.312309274319725E+00
    0.317046360086447E+00
    0.321800034230375E+00
    0.326562924121687E+00
    0.331326938025114E+00
    0.336083230600376E+00
    0.340822169491579E+00
    0.345533303419720E+00
    0.350205332232484E+00
    0.354826079405803E+00
    0.359382467531552E+00
    0.363860497364702E+00
    0.368245231040344E+00
    0.372520780105524E+00
    0.376670299041660E+00
    0.380675984979464E+00
    0.384519084328458E+00
    0.388179907056115E+00
    0.391637849355868E+00
    0.394871425437203E+00
    0.397858309153183E+00
    0.400575386149279E+00
    0.402998817170572E+00
    0.405104113100456E+00
    0.406866222221101E+00
    0.408259630082283E+00
    0.409258472239196E+00
    0.409836659969769E+00
    0.409968018906524E+00
    0.409626440315836E+00
    0.408786044527779E+00
    0.407421355761871E+00
    0.405507487308041E+00
    0.403020335708182E+00
    0.399936782242919E+00
    0.396234899662228E+00
    0.391894161709679E+00
    0.386895652581651E+00
    0.381222273038922E+00
    0.374858939453673E+00
    0.367792771636314E+00
    0.360013264850836E+00
    0.351512441002843E+00
    0.342284973580600E+00
    0.332328280556765E+00
    0.321642579128744E+00
    0.310230895901494E+00
    0.298099025911865E+00
    0.285255433772873E+00
    0.271711090195062E+00
    0.257479237236388E+00
    0.242575075858423E+00
    0.227015369741838E+00
    0.210817959854886E+00
    0.194001184991455E+00
    0.176583204416015E+00
    0.158581219886457E+00
    0.140010595685787E+00
    0.120883876891700E+00
    0.101209707958398E+00
    0.809916557838802E-01
    0.602269437909898E-01
    0.389051061596550E-01
    0.170065742037876E-01
   -0.549879002462303E-02
   -0.286531945208828E-01
   -0.525124306367032E-01
   -0.771473734236644E-01
   -0.102645439808652E+00
   -0.129111971661577E+00
   -0.156671507133579E+00
   -0.185468900112457E+00
   -0.215670244373558E+00
   -0.247463556128945E+00
   -0.281059166343301E+00
   -0.316689772557105E+00
   -0.354610099217553E+00
   -0.395096115860037E+00
   -0.438443764112008E+00
   -0.484967147614230E+00
   -0.534996143776249E+00
   -0.588873402994524E+00
   -0.646950709730711E+00
   -0.709584690804455E+00
   -0.777131869479210E+00
   -0.849943079423110E+00
   -0.928357270338914E+00
   -0.101269475680723E+01
   -0.110324998339130E+01
   -0.120028390189854E+01
   -0.130401608033805E+01
   -0.141461668686822E+01
   -0.153219851507441E+01
   -0.165680923830513E+01
   -0.178842409947513E+01
   -0.192693925758599E+01
   -0.207216602205505E+01
   -0.222382620963180E+01
   -0.238154885513770E+01
   -0.254486849555476E+01
   -0.271322522637843E+01
   -0.288596669919792E+01
   -0.306235219007526E+01
   -0.324155881978161E+01
   -0.342268995009458E+01
   -0.360478571643127E+01
   -0.378683558785476E+01
   -0.396779277318518E+01
   -0.414659021923289E+01
   -0.432215787704789E+01
   -0.449344084776573E+01
   -0.465941796441950E+01
   -0.481912032318016E+01
   -0.497164924980719E+01
   -0.511619317709547E+01
   -0.525204291860136E+01
   -0.537860485391862E+01
   -0.549541159130986E+01
   -0.560212974361033E+01
   -0.569856454098121E+01
   -0.578466110624852E+01
   -0.586050233124479E+01
   -0.592630341104022E+01
   -0.598240321193837E+01
   -0.602925276308889E+01
   -0.606740126505467E+01
   -0.609748009654948E+01
   -0.612018536840725E+01
   -0.613625961819815E+01
   -0.614647325751696E+01
   -0.615160637595425E+01
   -0.615243147168497E+01
   -0.614969762047427E+01
   -0.614411651602784E+01
   -0.613635071945110E+01
   -0.612700434941677E+01
   -0.611661633326916E+01
   -0.610565622864730E+01
   -0.609452252097552E+01
   -0.608354320943882E+01
   -0.607297841701445E+01
   -0.606302470181314E+01
   -0.605382070914427E+01
   -0.604545378677540E+01
   -0.603796718893077E+01
   -0.603136751564378E+01
   -0.602563207018819E+01
   -0.602071586484892E+01
   -0.601655806028214E+01
   -0.601308768213480E+01
   -0.601022851665717E+01
   -0.600790314143388E+01
   -0.600603609542475E+01
   -0.600455623235622E+01
   -0.600339833205689E+01
   -0.600250406528326E+01
   -0.600182241932099E+01
   -0.600130969511846E+01
   -0.600092918326146E+01
   -0.600065061730949E+01
   -0.600044949054120E+01
   -0.600030630758520E+01
   -0.600020582715369E+01
   -0.600013633730763E+01
   -0.600008899123011E+01
   -0.600005721993576E+01
   -0.600003622898970E+01
   -0.600002257920232E+01
   -0.600001384627617E+01
   -0.600000835125071E+01
   -0.600000495199064E+01
   -0.600000288553866E+01
   -0.600000165156274E+01
   -0.600000092806805E+01
   -0.600000051176388E+01
   -0.600000027678712E+01
   -0.600000014675155E+01
   -0.600000007623366E+01
   -0.600000003877905E+01
   -0.600000001930569E+01
   -0.600000000940058E+01
   -0.600000000447446E+01
   -0.600000000208051E+01
   -0.600000000094441E+01
   -0.600000000041824E+01
   -0.600000000018058E+01
   -0.600000000007596E+01
   -0.600000000003110E+01
   -0.600000000001239E+01
   -0.600000000000480E+01
   -0.600000000000180E+01
   -0.600000000000066E+01
   -0.600000000000023E+01
   -0.600000000000008E+01
   -0.600000000000003E+01
   -0.600000000000001E+01
   -0.600000000000000E+01
   -0.600000000000000E+01
   -0.600000000000000E+01
   -0.600000000000000E+01
   -0.600000000000000E+01
   -0.600000000000000E+01
   -0.600000000000000E+01
   -0.600000000000000E+01
   -0.600000000000000E+01
   -0.600000000000000E+01
   -0.600000000000000E+01
   -0.600000000000000E+01
   -0.600000000000000E+01
   -0.600000000000000E+01
   -0.600000000000000E+01
   -0.600000000000000E+01
   -0.600000000000000E+01
   -0.600000000000000E+01
   -0.600000000000000E+01
   -0.600000000000000E+01
   -0.600000000000000E+01
   -0.600000000000000E+01
   -0.600000000000000E+01
   -0.600000000000000E+01
   -0.600000000000000E+01
   -0.600000000000000E+01
   -0.600000000000000E+01
   -0.600000000000000E+01
   -0.600000000000000E+01
   -0.600000000000000E+01
   -0.600000000000000E+01
   -0.600000000000000E+01
   -0.600000000000000E+01
   -0.600000000000000E+01
   -0.600000000000000E+01
   -0.600000000000000E+01
   -0.600000000000000E+01
   -0.600000000000000E+01
   -0.600000000000000E+01
   -0.600000000000000E+01
   -0.600000000000000E+01
   -0.600000000000000E+01
   -0.600000000000000E+01
   -0.600000000000000E+01
   -0.600000000000000E+01
   -0.600000000000000E+01
   -0.600000000000000E+01
   -0.600000000000000E+01
   -0.600000000000000E+01
   -0.600000000000000E+01
   -0.600000000000000E+01
   -0.600000000000000E+01
   -0.600000000000000E+01
   -0.600000000000000E+01
   -0.600000000000000E+01
   -0.600000000000000E+01
   -0.600000000000000E+01
   -0.600000000000000E+01
   -0.600000000000000E+01
   -0.600000000000000E+01
   -0.600000000000000E+01
   -0.600000000000000E+01
   -0.600000000000000E+01
   -0.600000000000000E+01
   -0.600000000000000E+01
   -0.600000000000000E+01
   -0.600000000000000E+01
   -0.600000000000000E+01
   -0.600000000000000E+01
   -0.600000000000000E+01
   -0.600000000000000E+01
   -0.600000000000000E+01
   -0.600000000000000E+01
   -0.600000000000000E+01
   -0.600000000000000E+01
   -0.600000000000000E+01
   -0.600000000000000E+01
   -0.600000000000000E+01
   -0.600000000000000E+01
   -0.600000000000000E+01
   -0.600000000000000E+01
   -0.600000000000000E+01
   -0.600000000000000E+01
   -0.600000000000000E+01
   -0.600000000000000E+01
   -0.600000000000000E+01
   -0.600000000000000E+01
   -0.600000000000000E+01
   -0.600000000000000E+01
   -0.600000000000000E+01
   -0.600000000000000E+01
   -0.600000000000000E+01
   -0.600000000000000E+01
   -0.600000000000000E+01
   -0.600000000000000E+01
   -0.600000000000000E+01
   -0.600000000000000E+01
   -0.600000000000000E+01
   -0.600000000000000E+01
   -0.600000000000000E+01
   -0.600000000000000E+01
   -0.600000000000000E+01
   -0.600000000000000E+01
   -0.600000000000000E+01
   -0.600000000000000E+01
   -0.600000000000000E+01
   -0.600000000000000E+01
   -0.600000000000000E+01
   -0.600000000000000E+01
   -0.600000000000000E+01
   -0.600000000000000E+01
   -0.600000000000000E+01
   -0.600000000000000E+01
   -0.600000000000000E+01
   -0.600000000000000E+01
   -0.600000000000000E+01
   -0.600000000000000E+01
   -0.600000000000000E+01
   -0.600000000000000E+01
   -0.600000000000000E+01
   -0.600000000000000E+01
   -0.600000000000000E+01
   -0.600000000000000E+01
   -0.600000000000000E+01
   -0.600000000000000E+01
   -0.600000000000000E+01
   -0.600000000000000E+01
   -0.600000000000000E+01
   -0.600000000000000E+01
   -0.600000000000000E+01
   -0.600000000000000E+01
   -0.600000000000000E+01
   -0.600000000000000E+01
   -0.600000000000000E+01
   -0.600000000000000E+01
   -0.600000000000000E+01
   -0.600000000000000E+01
   -0.600000000000000E+01
   -0.600000000000000E+01
   -0.600000000000000E+01
   -0.600000000000000E+01
   -0.600000000000000E+01
   -0.600000000000000E+01
   -0.600000000000000E+01
   -0.600000000000000E+01
   -0.600000000000000E+01
   -0.600000000000000E+01
   -0.600000000000000E+01
   -0.600000000000000E+01
   -0.600000000000000E+01
   -0.600000000000000E+01
   -0.600000000000000E+01
   -0.600000000000000E+01
   -0.600000000000000E+01
   -0.600000000000000E+01
   -0.600000000000000E+01
   -0.600000000000000E+01
   -0.600000000000000E+01
   -0.600000000000000E+01
   -0.600000000000000E+01
   -0.600000000000000E+01
   -0.600000000000000E+01
   -0.600000000000000E+01
   -0.600000000000000E+01
   -0.600000000000000E+01
   -0.600000000000000E+01
   -0.600000000000000E+01
   -0.600000000000000E+01
   -0.600000000000000E+01
   -0.600000000000000E+01
   -0.600000000000000E+01
   -0.600000000000000E+01
   -0.600000000000000E+01
   -0.600000000000000E+01
   -0.600000000000000E+01
   -0.600000000000000E+01
   -0.600000000000000E+01
   -0.600000000000000E+01
   -0.600000000000000E+01
   -0.600000000000000E+01
   -0.600000000000000E+01
   -0.600000000000000E+01
   -0.600000000000000E+01
   -0.600000000000000E+01
   -0.600000000000000E+01
   -0.600000000000000E+01
   -0.600000000000000E+01
   -0.600000000000000E+01
   -0.600000000000000E+01
   -0.600000000000000E+01
   -0.600000000000000E+01
   -0.600000000000000E+01
   -0.600000000000000E+01
   -0.600000000000000E+01
   -0.600000000000000E+01
   -0.600000000000000E+01
   -0.600000000000000E+01
   -0.600000000000000E+01
   -0.600000000000000E+01
   -0.600000000000000E+01
   -0.600000000000000E+01
   -0.600000000000000E+01
   -0.600000000000000E+01
   -0.600000000000000E+01
   -0.600000000000000E+01
   -0.600000000000000E+01
   -0.600000000000000E+01
   -0.600000000000000E+01
   -0.600000000000000E+01
   -0.600000000000000E+01
   -0.600000000000000E+01
   -0.600000000000000E+01
   -0.600000000000000E+01
   -0.600000000000000E+01
   -0.600000000000000E+01
   -0.600000000000000E+01
   -0.600000000000000E+01
   -0.600000000000000E+01
   -0.600000000000000E+01
   -0.600000000000000E+01
   -0.600000000000000E+01
   -0.600000000000000E+01
   -0.600000000000000E+01
   -0.600000000000000E+01
   -0.600000000000000E+01
   -0.600000000000000E+01
   -0.600000000000000E+01
   -0.600000000000000E+01
   -0.600000000000000E+01
   -0.600000000000000E+01
   -0.600000000000000E+01
   -0.600000000000000E+01
   -0.600000000000000E+01
   -0.600000000000000E+01
   -0.600000000000000E+01
   -0.600000000000000E+01
   -0.600000000000000E+01
   -0.600000000000000E+01
   -0.600000000000000E+01
   -0.600000000000000E+01
   -0.600000000000000E+01
   -0.600000000000000E+01
   -0.600000000000000E+01
r*potential (L=1) in Ry
    0.000000000000000E+00
   -0.296426253536737E-04
   -0.597117559967141E-04
   -0.902135285907588E-04
   -0.121154168093222E-03
   -0.152539989027718E-03
   -0.184377396772758E-03
   -0.216672888868995E-03
   -0.249433056345274E-03
   -0.282664585063762E-03
   -0.316374257084436E-03
   -0.350568952049197E-03
   -0.385255648585903E-03
   -0.420441425732605E-03
   -0.456133464382272E-03
   -0.492339048748303E-03
   -0.529065567851129E-03
   -0.566320517026199E-03
   -0.604111499453670E-03
   -0.642446227710099E-03
   -0.681332525342469E-03
   -0.720778328464854E-03
   -0.760791687378065E-03
   -0.801380768212594E-03
   -0.842553854595204E-03
   -0.884319349339487E-03
   -0.926685776160760E-03
   -0.969661781415624E-03
   -0.101325613586656E-02
   -0.105747773647190E-02
   -0.110233560820158E-02
   -0.114783890587900E-02
   -0.119399691604937E-02
   -0.124081905887498E-02
   -0.128831489005769E-02
   -0.133649410278911E-02
   -0.138536652972887E-02
   -0.143494214501128E-02
   -0.148523106628092E-02
   -0.153624355675748E-02
   -0.158799002733038E-02
   -0.164048103868340E-02
   -0.169372730345005E-02
   -0.174773968839977E-02
   -0.180252921665576E-02
   -0.185810706994455E-02
   -0.191448459087809E-02
   -0.197167328526858E-02
   -0.202968482447665E-02
   -0.208853104779329E-02
   -0.214822396485607E-02
   -0.220877575810018E-02
   -0.227019878524461E-02
   -0.233250558181422E-02
   -0.239570886369806E-02
   -0.245982152974448E-02
   -0.252485666439356E-02
   -0.259082754034753E-02
   -0.265774762127945E-02
   -0.272563056458098E-02
   -0.279449022414967E-02
   -0.286434065321629E-02
   -0.293519610721292E-02
   -0.300707104668225E-02
   -0.307998014022880E-02
   -0.315393826751250E-02
   -0.322896052228545E-02
   -0.330506221547235E-02
   -0.338225887829517E-02
   -0.346056626544289E-02
   -0.354000035828680E-02
   -0.362057736814201E-02
   -0.370231373957600E-02
   -0.378522615376468E-02
   -0.386933153189677E-02
   -0.395464703862715E-02
   -0.404119008557996E-02
   -0.412897833490200E-02
   -0.421802970286734E-02
   -0.430836236353375E-02
   -0.439999475245178E-02
   -0.449294557042716E-02
   -0.458723378733735E-02
   -0.468287864600304E-02
   -0.477989966611528E-02
   -0.487831664821923E-02
   -0.497814967775506E-02
   -0.507941912915718E-02
   -0.518214567001231E-02
   -0.528635026527744E-02
   -0.539205418155847E-02
   -0.549927899145040E-02
   -0.560804657793999E-02
   -0.571837913887174E-02
   -0.583029919147815E-02
   -0.594382957697516E-02
   -0.605899346522366E-02
   -0.617581435945819E-02
   -0.629431610108353E-02
   -0.641452287454043E-02
   -0.653645921224127E-02
   -0.666014999957676E-02
   -0.678562047999469E-02
   -0.691289626015176E-02
   -0.704200331513948E-02
   -0.717296799378534E-02
   -0.730581702403020E-02
   -0.744057751838305E-02
   -0.757727697945433E-02
   -0.771594330556874E-02
   -0.785660479645892E-02
   -0.799929015904099E-02
   -0.814402851327322E-02
   -0.829084939809898E-02
   -0.843978277747520E-02
   -0.859085904648757E-02
   -0.874410903755375E-02
   -0.889956402671579E-02
   -0.905725574002313E-02
   -0.921721636000740E-02
   -0.937947853225044E-02
   -0.954407537204675E-02
   -0.971104047116183E-02
   -0.988040790468782E-02
   -0.100522122379977E-01
   -0.102264885337995E-01
   -0.104032723592923E-01
   -0.105825997934247E-01
   -0.107645074342582E-01
   -0.109490324064364E-01
   -0.111362123687612E-01
   -0.113260855218791E-01
   -0.115186906160766E-01
   -0.117140669591892E-01
   -0.119122544246232E-01
   -0.121132934594937E-01
   -0.123172250928787E-01
   -0.125240909441929E-01
   -0.127339332316816E-01
   -0.129467947810369E-01
   -0.131627190341376E-01
   -0.133817500579151E-01
   -0.136039325533473E-01
   -0.138293118645806E-01
   -0.140579339881847E-01
   -0.142898455825396E-01
   -0.145250939773579E-01
   -0.147637271833440E-01
   -0.150057939019928E-01
   -0.152513435355286E-01
   -0.155004261969877E-01
   -0.157530927204455E-01
   -0.160093946713911E-01
   -0.162693843572514E-01
   -0.165331148380659E-01
   -0.168006399373159E-01
   -0.170720142529088E-01
   -0.173472931683210E-01
   -0.176265328639009E-01
   -0.179097903283345E-01
   -0.181971233702760E-01
   -0.184885906301459E-01
   -0.187842515920986E-01
   -0.190841665961625E-01
   -0.193883968505542E-01
   -0.196970044441709E-01
   -0.200100523592615E-01
   -0.203276044842805E-01
   -0.206497256269271E-01
   -0.209764815273713E-01
   -0.213079388716707E-01
   -0.216441653053806E-01
   -0.219852294473592E-01
   -0.223312009037720E-01
   -0.226821502822979E-01
   -0.230381492065387E-01
   -0.233992703306374E-01
   -0.237655873541053E-01
   -0.241371750368638E-01
   -0.245141092145019E-01
   -0.248964668137530E-01
   -0.252843258681953E-01
   -0.256777655341774E-01
   -0.260768661069730E-01
   -0.264817090371687E-01
   -0.268923769472869E-01
   -0.273089536486484E-01
   -0.277315241584773E-01
   -0.281601747172524E-01
   -0.285949928063076E-01
   -0.290360671656865E-01
   -0.294834878122530E-01
   -0.299373460580633E-01
   -0.303977345290016E-01
   -0.308647471836844E-01
   -0.313384793326366E-01
   -0.318190276577438E-01
   -0.323064902319839E-01
   -0.328009665394436E-01
   -0.333025574956221E-01
   -0.338113654680272E-01
   -0.343274942970681E-01
   -0.348510493172486E-01
   -0.353821373786648E-01
   -0.359208668688135E-01
   -0.364673477347127E-01
   -0.370216915053418E-01
   -0.375840113144042E-01
   -0.381544219234172E-01
   -0.387330397451348E-01
   -0.393199828673072E-01
   -0.399153710767820E-01
   -0.405193258839529E-01
   -0.411319705475596E-01
   -0.417534300998450E-01
   -0.423838313720744E-01
   -0.430233030204214E-01
   -0.436719755522277E-01
   -0.443299813526391E-01
   -0.449974547116260E-01
   -0.456745318513930E-01
   -0.463613509541815E-01
   -0.470580521904743E-01
   -0.477647777476048E-01
   -0.484816718587785E-01
   -0.492088808325123E-01
   -0.499465530824974E-01
   -0.506948391578916E-01
   -0.514538917740486E-01
   -0.522238658436885E-01
   -0.530049185085180E-01
   -0.537972091713047E-01
   -0.546008995284144E-01
   -0.554161536028153E-01
   -0.562431377775584E-01
   -0.570820208297394E-01
   -0.579329739649497E-01
   -0.587961708522231E-01
   -0.596717876594857E-01
   -0.605600030895166E-01
   -0.614609984164252E-01
   -0.623749575226552E-01
   -0.633020669365199E-01
   -0.642425158702790E-01
   -0.651964962587630E-01
   -0.661642027985542E-01
   -0.671458329877312E-01
   -0.681415871661867E-01
   -0.691516685565249E-01
   -0.701762833055481E-01
   -0.712156405263415E-01
   -0.722699523409627E-01
   -0.733394339237473E-01
   -0.744243035452371E-01
   -0.755247826167423E-01
   -0.766410957355438E-01
   -0.777734707307481E-01
   -0.789221387098023E-01
   -0.800873341056785E-01
   -0.812692947247384E-01
   -0.824682617952882E-01
   -0.836844800168311E-01
   -0.849181976100315E-01
   -0.861696663673976E-01
   -0.874391417046950E-01
   -0.887268827131011E-01
   -0.900331522121103E-01
   -0.913582168032030E-01
   -0.927023469242867E-01
   -0.940658169049224E-01
   -0.954489050223471E-01
   -0.968518935583034E-01
   -0.982750688566886E-01
   -0.997187213820345E-01
   -0.101183145778831E+00
   -0.102668640931704E+00
   -0.104175510026463E+00
   -0.105704060612025E+00
   -0.107254604663235E+00
   -0.108827458644593E+00
   -0.110422943574897E+00
   -0.112041385092818E+00
   -0.113683113523427E+00
   -0.115348463945673E+00
   -0.117037776260845E+00
   -0.118751395262006E+00
   -0.120489670704450E+00
   -0.122252957377155E+00
   -0.124041615175282E+00
   -0.125856009173712E+00
   -0.127696509701651E+00
   -0.129563492418301E+00
   -0.131457338389640E+00
   -0.133378434166293E+00
   -0.135327171862539E+00
   -0.137303949236457E+00
   -0.139309169771225E+00
   -0.141343242757595E+00
   -0.143406583377565E+00
   -0.145499612789248E+00
   -0.147622758212981E+00
   -0.149776453018665E+00
   -0.151961136814375E+00
   -0.154177255536250E+00
   -0.156425261539676E+00
   -0.158705613691793E+00
   -0.161018777465340E+00
   -0.163365225033847E+00
   -0.165745435368213E+00
   -0.168159894334676E+00
   -0.170609094794198E+00
   -0.173093536703290E+00
   -0.175613727216292E+00
   -0.178170180789134E+00
   -0.180763419284593E+00
   -0.183393972079079E+00
   -0.186062376170955E+00
   -0.188769176290435E+00
   -0.191514925011062E+00
   -0.194300182862798E+00
   -0.197125518446758E+00
   -0.199991508551588E+00
   -0.202898738271540E+00
   -0.205847801126245E+00
   -0.208839299182217E+00
   -0.211873843176118E+00
   -0.214952052639798E+00
   -0.218074556027146E+00
   -0.221241990842770E+00
   -0.224455003772537E+00
   -0.227714250815995E+00
   -0.231020397420710E+00
   -0.234374118618535E+00
   -0.237776099163850E+00
   -0.241227033673791E+00
   -0.244727626770501E+00
   -0.248278593225430E+00
   -0.251880658105707E+00
   -0.255534556922629E+00
   -0.259241035782266E+00
   -0.263000851538252E+00
   -0.266814771946745E+00
   -0.270683575823631E+00
   -0.274608053203963E+00
   -0.278589005503692E+00
   -0.282627245683707E+00
   -0.286723598416214E+00
   -0.290878900253493E+00
   -0.295093999799057E+00
   -0.299369757881237E+00
   -0.303707047729243E+00
   -0.308106755151709E+00
   -0.312569778717770E+00
   -0.317097029940691E+00
   -0.321689433464082E+00
   -0.326347927250730E+00
   -0.331073462774079E+00
   -0.335867005212381E+00
   -0.340729533645559E+00
   -0.345662041254794E+00
   -0.350665535524888E+00
   -0.355741038449411E+00
   -0.360889586738664E+00
   -0.366112232030494E+00
   -0.371410041103980E+00
   -0.376784096096013E+00
   -0.382235494720801E+00
   -0.387765350492319E+00
   -0.393374792949723E+00
   -0.399064967885762E+00
   -0.404837037578185E+00
   -0.410692181024186E+00
   -0.416631594177890E+00
   -0.422656490190890E+00
   -0.428768099655861E+00
   -0.434967670853256E+00
   -0.441256470001085E+00
   -0.447635781507796E+00
   -0.454106908228249E+00
   -0.460671171722791E+00
   -0.467329912519428E+00
   -0.474084490379078E+00
   -0.480936284563915E+00
   -0.487886694108767E+00
   -0.494937138095568E+00
   -0.502089055930830E+00
   -0.509343907626110E+00
   -0.516703174081452E+00
   -0.524168357371744E+00
   -0.531740981035964E+00
   -0.539422590369258E+00
   -0.547214752717800E+00
   -0.555119057776359E+00
   -0.563137117888519E+00
   -0.571270568349458E+00
   -0.579521067711217E+00
   -0.587890298090350E+00
   -0.596379965477859E+00
   -0.604991800051302E+00
   -0.613727556488947E+00
   -0.622589014285851E+00
   -0.631577978071698E+00
   -0.640696277930273E+00
   -0.649945769720376E+00
   -0.659328335398017E+00
   -0.668845883339696E+00
   -0.678500348666557E+00
   -0.688293693569218E+00
   -0.698227907633025E+00
   -0.708305008163495E+00
   -0.718527040511695E+00
   -0.728896078399270E+00
   -0.739414224242842E+00
   -0.750083609477473E+00
   -0.760906394878866E+00
   -0.771884770883981E+00
   -0.783020957909712E+00
   -0.794317206669252E+00
   -0.805775798485784E+00
   -0.817399045603083E+00
   -0.829189291492639E+00
   -0.841148911156871E+00
   -0.853280311428003E+00
   -0.865585931262147E+00
   -0.878068242028155E+00
   -0.890729747790765E+00
   -0.903572985587569E+00
   -0.916600525699339E+00
   -0.929814971913229E+00
   -0.943218961778365E+00
   -0.956815166853370E+00
   -0.970606292945342E+00
   -0.984595080339833E+00
   -0.998784304021386E+00
   -0.101317677388421E+01
   -0.102777533493259E+01
   -0.104258286747070E+01
   -0.105760228728138E+01
   -0.107283654579378E+01
   -0.108828863023944E+01
   -0.110396156379673E+01
   -0.111985840572354E+01
   -0.113598225147819E+01
   -0.115233623282855E+01
   -0.116892351794965E+01
   -0.118574731150988E+01
   -0.120281085474633E+01
   -0.122011742552967E+01
   -0.123767033841933E+01
   -0.125547294470969E+01
   -0.127352863246841E+01
   -0.129184082656802E+01
   -0.131041298871216E+01
   -0.132924861745817E+01
   -0.134835124823773E+01
   -0.136772445337779E+01
   -0.138737184212414E+01
   -0.140729706067012E+01
   -0.142750379219356E+01
   -0.144799575690508E+01
   -0.146877671211128E+01
   -0.148985045229674E+01
   -0.151122080922887E+01
   -0.153289165209014E+01
   -0.155486688764254E+01
   -0.157715046042919E+01
   -0.159974635301870E+01
   -0.162265858629761E+01
   -0.164589121981711E+01
   -0.166944835219984E+01
   -0.169333412161304E+01
   -0.171755270631442E+01
   -0.174210832527692E+01
   -0.176700523889852E+01
   -0.179224774980332E+01
   -0.181784020373933E+01
   -0.184378699057833E+01
   -0.187009254542239E+01
   -0.189676134982076E+01
   -0.192379793310002E+01
   -0.195120687380875E+01
   -0.197899280127678E+01
   -0.200716039728700E+01
   -0.203571439785558E+01
   -0.206465959511380E+01
   -0.209400083928176E+01
   -0.212374304072081E+01
   -0.215389117204741E+01
   -0.218445027028695E+01
   -0.221542543904060E+01
   -0.224682185063304E+01
   -0.227864474820227E+01
   -0.231089944768570E+01
   -0.234359133964939E+01
   -0.237672589089814E+01
   -0.241030864579578E+01
   -0.244434522721416E+01
   -0.247884133701931E+01
   -0.251380275599112E+01
   -0.254923534306116E+01
   -0.258514503373995E+01
   -0.262153783759164E+01
   -0.265841983459994E+01
   -0.269579717025466E+01
   -0.273367604917350E+01
   -0.277206272705885E+01
   -0.281096350077485E+01
   -0.285038469631539E+01
   -0.289033265442046E+01
   -0.293081371358561E+01
   -0.297183419019817E+01
   -0.301340035552491E+01
   -0.305551840926905E+01
   -0.309819444941083E+01
   -0.314143443804586E+01
   -0.318524416293969E+01
   -0.322962919452652E+01
   -0.327459483809474E+01
   -0.332014608092431E+01
   -0.336628753416965E+01
   -0.341302336931992E+01
   -0.346035724911488E+01
   -0.350829225285159E+01
   -0.355683079608489E+01
   -0.360597454480351E+01
   -0.365572432425517E+01
   -0.370608002269771E+01
   -0.375704049046966E+01
   -0.380860343490343E+01
   -0.386076531174565E+01
   -0.391352121390299E+01
   -0.396686475849618E+01
   -0.402078797337817E+01
   -0.407528118445310E+01
   -0.413033290531726E+01
   -0.418592973092913E+01
   -0.424205623719787E+01
   -0.429869488855396E+01
   -0.435582595572610E+01
   -0.441342744608868E+01
   -0.447147504905636E+01
   -0.452994209907896E+01
   -0.458879955882182E+01
   -0.464801602509459E+01
   -0.470755776000558E+01
   -0.476738874965847E+01
   -0.482747079246428E+01
   -0.488776361880304E+01
   -0.494822504332859E+01
   -0.500881115065770E+01
   -0.506947651451503E+01
   -0.513017444961459E+01
   -0.519085729464478E+01
   -0.525147672368987E+01
   -0.531198408227264E+01
   -0.537233074295207E+01
   -0.543246847407323E+01
   -0.549234981386695E+01
   -0.555192844066469E+01
   -0.561115952856574E+01
   -0.567000007651494E+01
   -0.572840919747080E+01
   -0.578634835322654E+01
   -0.584378151955564E+01
   -0.590067526576166E+01
   -0.595699873249601E+01
   -0.601272349194553E+01
   -0.606782327526466E+01
   -0.612227355351059E+01
   -0.617605096040601E+01
   -0.622913254806225E+01
   -0.628149487039443E+01
   -0.633311289337486E+01
   -0.638395873650670E+01
   -0.643400025593004E+01
   -0.648319948633734E+01
   -0.653151096627686E+01
   -0.657887997931957E+01
   -0.662524075177110E+01
   -0.667051465589258E+01
   -0.671460847567187E+01
   -0.675741279973578E+01
   -0.679880061264919E+01
   -0.683862616121154E+01
   -0.687672417601584E+01
   -0.691290953005055E+01
   -0.694697741508189E+01
   -0.697870411255748E+01
   -0.700784842847965E+01
   -0.703415385083590E+01
   -0.705735147357379E+01
   -0.707716371272093E+01
   -0.709330881817815E+01
   -0.710550615923096E+01
   -0.711348223339211E+01
   -0.711697731747142E+01
   -0.711575264763929E+01
   -0.710959798277662E+01
   -0.709833937384268E+01
   -0.708184693275309E+01
   -0.706004236886610E+01
   -0.703290604120679E+01
   -0.700048326158590E+01
   -0.696288957927173E+01
   -0.692031478314968E+01
   -0.687302537338413E+01
   -0.682136528214227E+01
   -0.676575466215897E+01
   -0.670668661249136E+01
   -0.664472177181838E+01
   -0.658048077954671E+01
   -0.651463468162612E+01
   -0.644789343859679E+01
   -0.638099277471551E+01
   -0.631467968535777E+01
   -0.624969699134805E+01
   -0.618676738945413E+01
   -0.612657749418771E+01
   -0.606976239388155E+01
   -0.601689125101306E+01
   -0.596845446104188E+01
   -0.592485284482824E+01
   -0.588638928742802E+01
   -0.585326315245799E+01
   -0.582556769934213E+01
   -0.580329061487042E+01
   -0.578631764596211E+01
   -0.577443919345415E+01
   -0.576735960371381E+01
   -0.576470878253501E+01
   -0.576605566038120E+01
   -0.577092296503629E+01
   -0.577880271137198E+01
   -0.578917180095454E+01
   -0.580150713755258E+01
   -0.581529970735084E+01
   -0.583006714205974E+01
   -0.584536437469263E+01
   -0.586079210574454E+01
   -0.587600291506447E+01
   -0.589070497461609E+01
   -0.590466343237198E+01
   -0.591769964117362E+01
   -0.592968849294986E+01
   -0.594055418408733E+01
   -0.595026477952811E+01
   -0.595882596065434E+01
   -0.596627433625405E+01
   -0.597267066943327E+01
   -0.597809333005645E+01
   -0.598263222680035E+01
   -0.598638341022705E+01
   -0.598944447340690E+01
   -0.599191081410004E+01
   -0.599387276612946E+01
   -0.599541356017226E+01
   -0.599660803750467E+01
   -0.599752201493720E+01
   -0.599821218497498E+01
   -0.599872643104666E+01
   -0.599910444180471E+01
   -0.599937851901851E+01
   -0.599957448836767E+01
   -0.599971263950156E+01
   -0.599980863932053E+01
   -0.599987437916045E+01
   -0.599991873142904E+01
   -0.599994820364579E+01
   -0.599996748752508E+01
   -0.599997990775186E+01
   -0.599998777967729E+01
   -0.599999268768635E+01
   -0.599999569689964E+01
   -0.599999751060875E+01
   -0.599999858481213E+01
   -0.599999920975449E+01
   -0.599999956674058E+01
   -0.599999976688185E+01
   -0.599999987696090E+01
   -0.599999993632944E+01
   -0.599999996771176E+01
   -0.599999998396259E+01
   -0.599999999220217E+01
   -0.599999999629046E+01
   -0.599999999827447E+01
   -0.599999999921563E+01
   -0.599999999965179E+01
   -0.599999999984913E+01
   -0.599999999993624E+01
   -0.599999999997374E+01
   -0.599999999998946E+01
   -0.599999999999589E+01
   -0.599999999999844E+01
   -0.599999999999942E+01
   -0.599999999999979E+01
   -0.599999999999993E+01
   -0.599999999999998E+01
   -0.599999999999999E+01
   -0.600000000000000E+01
   -0.600000000000000E+01
   -0.600000000000000E+01
   -0.600000000000000E+01
   -0.600000000000000E+01
   -0.600000000000000E+01
   -0.600000000000000E+01
   -0.600000000000000E+01
   -0.600000000000000E+01
   -0.600000000000000E+01
   -0.600000000000000E+01
   -0.600000000000000E+01
   -0.600000000000000E+01
   -0.600000000000000E+01
   -0.600000000000000E+01
   -0.600000000000000E+01
   -0.600000000000000E+01
   -0.600000000000000E+01
   -0.600000000000000E+01
   -0.600000000000000E+01
   -0.600000000000000E+01
   -0.600000000000000E+01
   -0.600000000000000E+01
   -0.600000000000000E+01
   -0.600000000000000E+01
   -0.600000000000000E+01
   -0.600000000000000E+01
   -0.600000000000000E+01
   -0.600000000000000E+01
   -0.600000000000000E+01
   -0.600000000000000E+01
   -0.600000000000000E+01
   -0.600000000000000E+01
   -0.600000000000000E+01
   -0.600000000000000E+01
   -0.600000000000000E+01
   -0.600000000000000E+01
   -0.600000000000000E+01
   -0.600000000000000E+01
   -0.600000000000000E+01
   -0.600000000000000E+01
   -0.600000000000000E+01
   -0.600000000000000E+01
   -0.600000000000000E+01
   -0.600000000000000E+01
   -0.600000000000000E+01
   -0.600000000000000E+01
   -0.600000000000000E+01
   -0.600000000000000E+01
   -0.600000000000000E+01
   -0.600000000000000E+01
   -0.600000000000000E+01
   -0.600000000000000E+01
   -0.600000000000000E+01
   -0.600000000000000E+01
   -0.600000000000000E+01
   -0.600000000000000E+01
   -0.600000000000000E+01
   -0.600000000000000E+01
   -0.600000000000000E+01
   -0.600000000000000E+01
   -0.600000000000000E+01
   -0.600000000000000E+01
   -0.600000000000000E+01
   -0.600000000000000E+01
   -0.600000000000000E+01
   -0.600000000000000E+01
   -0.600000000000000E+01
   -0.600000000000000E+01
   -0.600000000000000E+01
   -0.600000000000000E+01
   -0.600000000000000E+01
   -0.600000000000000E+01
   -0.600000000000000E+01
   -0.600000000000000E+01
   -0.600000000000000E+01
   -0.600000000000000E+01
   -0.600000000000000E+01
   -0.600000000000000E+01
   -0.600000000000000E+01
   -0.600000000000000E+01
   -0.600000000000000E+01
   -0.600000000000000E+01
   -0.600000000000000E+01
   -0.600000000000000E+01
   -0.600000000000000E+01
   -0.600000000000000E+01
   -0.600000000000000E+01
   -0.600000000000000E+01
   -0.600000000000000E+01
   -0.600000000000000E+01
   -0.600000000000000E+01
   -0.600000000000000E+01
   -0.600000000000000E+01
   -0.600000000000000E+01
   -0.600000000000000E+01
   -0.600000000000000E+01
   -0.600000000000000E+01
   -0.600000000000000E+01
   -0.600000000000000E+01
   -0.600000000000000E+01
   -0.600000000000000E+01
   -0.600000000000000E+01
   -0.600000000000000E+01
   -0.600000000000000E+01
   -0.600000000000000E+01
   -0.600000000000000E+01
   -0.600000000000000E+01
   -0.600000000000000E+01
   -0.600000000000000E+01
   -0.600000000000000E+01
   -0.600000000000000E+01
   -0.600000000000000E+01
   -0.600000000000000E+01
   -0.600000000000000E+01
   -0.600000000000000E+01
   -0.600000000000000E+01
   -0.600000000000000E+01
   -0.600000000000000E+01
   -0.600000000000000E+01
   -0.600000000000000E+01
   -0.600000000000000E+01
   -0.600000000000000E+01
   -0.600000000000000E+01
   -0.600000000000000E+01
   -0.600000000000000E+01
   -0.600000000000000E+01
   -0.600000000000000E+01
   -0.600000000000000E+01
   -0.600000000000000E+01
   -0.600000000000000E+01
   -0.600000000000000E+01
   -0.600000000000000E+01
   -0.600000000000000E+01
   -0.600000000000000E+01
   -0.600000000000000E+01
   -0.600000000000000E+01
   -0.600000000000000E+01
   -0.600000000000000E+01
   -0.600000000000000E+01
   -0.600000000000000E+01
   -0.600000000000000E+01
   -0.600000000000000E+01
   -0.600000000000000E+01
   -0.600000000000000E+01
   -0.600000000000000E+01
   -0.600000000000000E+01
   -0.600000000000000E+01
   -0.600000000000000E+01
   -0.600000000000000E+01
   -0.600000000000000E+01
   -0.600000000000000E+01
   -0.600000000000000E+01
   -0.600000000000000E+01
   -0.600000000000000E+01
   -0.600000000000000E+01
   -0.600000000000000E+01
   -0.600000000000000E+01
   -0.600000000000000E+01
   -0.600000000000000E+01
   -0.600000000000000E+01
   -0.600000000000000E+01
   -0.600000000000000E+01
   -0.600000000000000E+01
   -0.600000000000000E+01
   -0.600000000000000E+01
   -0.600000000000000E+01
   -0.600000000000000E+01
   -0.600000000000000E+01
   -0.600000000000000E+01
   -0.600000000000000E+01
   -0.600000000000000E+01
   -0.600000000000000E+01
   -0.600000000000000E+01
   -0.600000000000000E+01
   -0.600000000000000E+01
   -0.600000000000000E+01
   -0.600000000000000E+01
   -0.600000000000000E+01
   -0.600000000000000E+01
   -0.600000000000000E+01
   -0.600000000000000E+01
   -0.600000000000000E+01
   -0.600000000000000E+01
   -0.600000000000000E+01
   -0.600000000000000E+01
   -0.600000000000000E+01
   -0.600000000000000E+01
   -0.600000000000000E+01
   -0.600000000000000E+01
   -0.600000000000000E+01
   -0.600000000000000E+01
   -0.600000000000000E+01
   -0.600000000000000E+01
   -0.600000000000000E+01
   -0.600000000000000E+01
   -0.600000000000000E+01
   -0.600000000000000E+01
   -0.600000000000000E+01
   -0.600000000000000E+01
   -0.600000000000000E+01
   -0.600000000000000E+01
   -0.600000000000000E+01
   -0.600000000000000E+01
   -0.600000000000000E+01
   -0.600000000000000E+01
   -0.600000000000000E+01
   -0.600000000000000E+01
   -0.600000000000000E+01
   -0.600000000000000E+01
   -0.600000000000000E+01
   -0.600000000000000E+01
   -0.600000000000000E+01
   -0.600000000000000E+01
   -0.600000000000000E+01
   -0.600000000000000E+01
   -0.600000000000000E+01
   -0.600000000000000E+01
   -0.600000000000000E+01
   -0.600000000000000E+01
   -0.600000000000000E+01
   -0.600000000000000E+01
   -0.600000000000000E+01
   -0.600000000000000E+01
   -0.600000000000000E+01
   -0.600000000000000E+01
   -0.600000000000000E+01
   -0.600000000000000E+01
   -0.600000000000000E+01
   -0.600000000000000E+01
   -0.600000000000000E+01
   -0.600000000000000E+01
   -0.600000000000000E+01
   -0.600000000000000E+01
   -0.600000000000000E+01
   -0.600000000000000E+01
   -0.600000000000000E+01
   -0.600000000000000E+01
   -0.600000000000000E+01
   -0.600000000000000E+01
   -0.600000000000000E+01
   -0.600000000000000E+01
   -0.600000000000000E+01
   -0.600000000000000E+01
   -0.600000000000000E+01
   -0.600000000000000E+01
   -0.600000000000000E+01
r*potential (L=2) in Ry
    0.000000000000000E+00
   -0.216917803012930E-04
   -0.436956672032636E-04
   -0.660161513714465E-04
   -0.886577880841626E-04
   -0.111625198162183E-03
   -0.134923068911769E-03
   -0.158556155081283E-03
   -0.182529279831562E-03
   -0.206847335720250E-03
   -0.231515285700300E-03
   -0.256538164132835E-03
   -0.281921077814590E-03
   -0.307669207020130E-03
   -0.333787806559069E-03
   -0.360282206848495E-03
   -0.387157815000835E-03
   -0.414420115927358E-03
   -0.442074673457571E-03
   -0.470127131474711E-03
   -0.498583215067574E-03
   -0.527448731698926E-03
   -0.556729572390717E-03
   -0.586431712926351E-03
   -0.616561215070255E-03
   -0.647124227804991E-03
   -0.678126988586180E-03
   -0.709575824615465E-03
   -0.741477154131804E-03
   -0.773837487721336E-03
   -0.806663429646092E-03
   -0.839961679191831E-03
   -0.873739032035262E-03
   -0.908002381630938E-03
   -0.942758720618113E-03
   -0.978015142247831E-03
   -0.101377884183055E-02
   -0.105005711820462E-02
   -0.108685737522582E-02
   -0.112418712327843E-02
   -0.116205398080795E-02
   -0.120046567587593E-02
   -0.123943004773714E-02
   -0.127895504843945E-02
   -0.131904874444674E-02
   -0.135971931828512E-02
   -0.140097507021287E-02
   -0.144282441991441E-02
   -0.148527590821863E-02
   -0.152833819884192E-02
   -0.157202008015635E-02
   -0.161633046698320E-02
   -0.166127840241238E-02
   -0.170687305964797E-02
   -0.175312374388034E-02
   -0.180003989418519E-02
   -0.184763108544995E-02
   -0.189590703032785E-02
   -0.194487758122013E-02
   -0.199455273228679E-02
   -0.204494262148620E-02
   -0.209605753264418E-02
   -0.214790789755270E-02
   -0.220050429809891E-02
   -0.225385746842473E-02
   -0.230797829711749E-02
   -0.236287782943219E-02
   -0.241856726954564E-02
   -0.247505798284308E-02
   -0.253236149823765E-02
   -0.259048951052332E-02
   -0.264945388276158E-02
   -0.270926664870256E-02
   -0.276994001524089E-02
   -0.283148636490699E-02
   -0.289391825839413E-02
   -0.295724843712188E-02
   -0.302148982583649E-02
   -0.308665553524856E-02
   -0.315275886470884E-02
   -0.321981330492232E-02
   -0.328783254070158E-02
   -0.335683045375961E-02
   -0.342682112554285E-02
   -0.349781884010504E-02
   -0.356983808702236E-02
   -0.364289356435055E-02
   -0.371700018162455E-02
   -0.379217306290133E-02
   -0.386842754984649E-02
   -0.394577920486523E-02
   -0.402424381427846E-02
   -0.410383739154453E-02
   -0.418457618052732E-02
   -0.426647665881140E-02
   -0.434955554106486E-02
   -0.443382978245051E-02
   -0.451931658208619E-02
   -0.460603338655486E-02
   -0.469399789346516E-02
   -0.478322805506329E-02
   -0.487374208189673E-02
   -0.496555844653081E-02
   -0.505869588731863E-02
   -0.515317341222532E-02
   -0.524901030270728E-02
   -0.534622611764721E-02
   -0.544484069734584E-02
   -0.554487416757102E-02
   -0.564634694366509E-02
   -0.574927973471134E-02
   -0.585369354776048E-02
   -0.595960969211781E-02
   -0.606704978369218E-02
   -0.617603574940745E-02
   -0.628658983167749E-02
   -0.639873459294550E-02
   -0.651249292028870E-02
   -0.662788803008922E-02
   -0.674494347277226E-02
   -0.686368313761237E-02
   -0.698413125760890E-02
   -0.710631241443162E-02
   -0.723025154343747E-02
   -0.735597393875949E-02
   -0.748350525846905E-02
   -0.761287152981220E-02
   -0.774409915452154E-02
   -0.787721491420438E-02
   -0.801224597580850E-02
   -0.814921989716655E-02
   -0.828816463262018E-02
   -0.842910853872514E-02
   -0.857208038003843E-02
   -0.871710933498878E-02
   -0.886422500183151E-02
   -0.901345740468913E-02
   -0.916483699967883E-02
   -0.931839468112816E-02
   -0.947416178788013E-02
   -0.963217010968900E-02
   -0.979245189370816E-02
   -0.995503985107131E-02
   -0.101199671635683E-01
   -0.102872674904172E-01
   -0.104569749751336E-01
   -0.106291242524987E-01
   -0.108037504556281E-01
   -0.109808892231416E-01
   -0.111605767064371E-01
   -0.113428495770679E-01
   -0.115277450342276E-01
   -0.117153008123414E-01
   -0.119055551887675E-01
   -0.120985469916087E-01
   -0.122943156076373E-01
   -0.124929009903327E-01
   -0.126943436680358E-01
   -0.128986847522202E-01
   -0.131059659458827E-01
   -0.133162295520539E-01
   -0.135295184824323E-01
   -0.137458762661416E-01
   -0.139653470586145E-01
   -0.141879756506046E-01
   -0.144138074773271E-01
   -0.146428886277322E-01
   -0.148752658539106E-01
   -0.151109865806359E-01
   -0.153500989150425E-01
   -0.155926516564444E-01
   -0.158386943062943E-01
   -0.160882770782863E-01
   -0.163414509086040E-01
   -0.165982674663159E-01
   -0.168587791639207E-01
   -0.171230391680440E-01
   -0.173911014102888E-01
   -0.176630205982429E-01
   -0.179388522266439E-01
   -0.182186525887048E-01
   -0.185024787876037E-01
   -0.187903887481370E-01
   -0.190824412285422E-01
   -0.193786958324895E-01
   -0.196792130212463E-01
   -0.199840541260171E-01
   -0.202932813604604E-01
   -0.206069578333865E-01
   -0.209251475616368E-01
   -0.212479154831498E-01
   -0.215753274702143E-01
   -0.219074503429131E-01
   -0.222443518827611E-01
   -0.225861008465391E-01
   -0.229327669803259E-01
   -0.232844210337341E-01
   -0.236411347743491E-01
   -0.240029810023770E-01
   -0.243700335655022E-01
   -0.247423673739602E-01
   -0.251200584158260E-01
   -0.255031837725234E-01
   -0.258918216345570E-01
   -0.262860513174708E-01
   -0.266859532780364E-01
   -0.270916091306743E-01
   -0.275031016641115E-01
   -0.279205148582784E-01
   -0.283439339014496E-01
   -0.287734452076311E-01
   -0.292091364341972E-01
   -0.296510964997822E-01
   -0.300994156024286E-01
   -0.305541852379976E-01
   -0.310154982188436E-01
   -0.314834486927577E-01
   -0.319581321621847E-01
   -0.324396455037152E-01
   -0.329280869878596E-01
   -0.334235562991061E-01
   -0.339261545562673E-01
   -0.344359843331204E-01
   -0.349531496793432E-01
   -0.354777561417530E-01
   -0.360099107858501E-01
   -0.365497222176719E-01
   -0.370973006059616E-01
   -0.376527577046557E-01
   -0.382162068756959E-01
   -0.387877631121685E-01
   -0.393675430617776E-01
   -0.399556650506565E-01
   -0.405522491075208E-01
   -0.411574169881701E-01
   -0.417712922003429E-01
   -0.423940000289279E-01
   -0.430256675615399E-01
   -0.436664237144629E-01
   -0.443163992589672E-01
   -0.449757268480057E-01
   -0.456445410432937E-01
   -0.463229783427803E-01
   -0.470111772085134E-01
   -0.477092780949081E-01
   -0.484174234774203E-01
   -0.491357578816349E-01
   -0.498644279127720E-01
   -0.506035822856184E-01
   -0.513533718548902E-01
   -0.521139496460331E-01
   -0.528854708864659E-01
   -0.536680930372745E-01
   -0.544619758253624E-01
   -0.552672812760644E-01
   -0.560841737462304E-01
   -0.569128199577854E-01
   -0.577533890317743E-01
   -0.586060525228954E-01
   -0.594709844545340E-01
   -0.603483613542986E-01
   -0.612383622900708E-01
   -0.621411689065748E-01
   -0.630569654624729E-01
   -0.639859388679973E-01
   -0.649282787231234E-01
   -0.658841773562936E-01
   -0.668538298637005E-01
   -0.678374341491351E-01
   -0.688351909644105E-01
   -0.698473039503689E-01
   -0.708739796784794E-01
   -0.719154276930361E-01
   -0.729718605539653E-01
   -0.740434938802499E-01
   -0.751305463939805E-01
   -0.762332399650421E-01
   -0.773517996564460E-01
   -0.784864537703156E-01
   -0.796374338945363E-01
   -0.808049749500783E-01
   -0.819893152390035E-01
   -0.831906964931644E-01
   -0.844093639236076E-01
   -0.856455662706894E-01
   -0.868995558549162E-01
   -0.881715886285190E-01
   -0.894619242277727E-01
   -0.907708260260719E-01
   -0.920985611877728E-01
   -0.934454007228145E-01
   -0.948116195421281E-01
   -0.961974965138483E-01
   -0.976033145203365E-01
   -0.990293605160289E-01
   -0.100475925586121E+00
   -0.101943305006102E+00
   -0.103431798302146E+00
   -0.104941709312382E+00
   -0.106473346249051E+00
   -0.108027021761553E+00
   -0.109603053000418E+00
   -0.111201761682196E+00
   -0.112823474155288E+00
   -0.114468521466732E+00
   -0.116137239429950E+00
   -0.117829968693480E+00
   -0.119547054810707E+00
   -0.121288848310597E+00
   -0.123055704769455E+00
   -0.124847984883731E+00
   -0.126666054543871E+00
   -0.128510284909243E+00
   -0.130381052484147E+00
   -0.132278739194926E+00
   -0.134203732468195E+00
   -0.136156425310203E+00
   -0.138137216387344E+00
   -0.140146510107832E+00
   -0.142184716704570E+00
   -0.144252252319204E+00
   -0.146349539087407E+00
   -0.148477005225391E+00
   -0.150635085117678E+00
   -0.152824219406135E+00
   -0.155044855080304E+00
   -0.157297445569037E+00
   -0.159582450833458E+00
   -0.161900337461271E+00
   -0.164251578762428E+00
   -0.166636654866186E+00
   -0.169056052819563E+00
   -0.171510266687219E+00
   -0.173999797652778E+00
   -0.176525154121611E+00
   -0.179086851825107E+00
   -0.181685413926440E+00
   -0.184321371127868E+00
   -0.186995261779567E+00
   -0.189707631990038E+00
   -0.192459035738098E+00
   -0.195250034986476E+00
   -0.198081199797042E+00
   -0.200953108447683E+00
   -0.203866347550851E+00
   -0.206821512173805E+00
   -0.209819205960566E+00
   -0.212860041255608E+00
   -0.215944639229310E+00
   -0.219073630005179E+00
   -0.222247652788882E+00
   -0.225467355999093E+00
   -0.228733397400184E+00
   -0.232046444236784E+00
   -0.235407173370214E+00
   -0.238816271416834E+00
   -0.242274434888312E+00
   -0.245782370333834E+00
   -0.249340794484287E+00
   -0.252950434398415E+00
   -0.256612027610983E+00
   -0.260326322282958E+00
   -0.264094077353723E+00
   -0.267916062695351E+00
   -0.271793059268942E+00
   -0.275725859283039E+00
   -0.279715266354152E+00
   -0.283762095669377E+00
   -0.287867174151149E+00
   -0.292031340624111E+00
   -0.296255445984135E+00
   -0.300540353369478E+00
   -0.304886938334096E+00
   -0.309296089023110E+00
   -0.313768706350427E+00
   -0.318305704178514E+00
   -0.322908009500331E+00
   -0.327576562623403E+00
   -0.332312317356034E+00
   -0.337116241195645E+00
   -0.341989315519231E+00
   -0.346932535775906E+00
   -0.351946911681527E+00
   -0.357033467415366E+00
   -0.362193241818803E+00
   -0.367427288596009E+00
   -0.372736676516575E+00
   -0.378122489620053E+00
   -0.383585827422356E+00
   -0.389127805123968E+00
   -0.394749553819901E+00
   -0.400452220711337E+00
   -0.406236969318889E+00
   -0.412104979697396E+00
   -0.418057448652170E+00
   -0.424095589956609E+00
   -0.430220634571070E+00
   -0.436433830862897E+00
   -0.442736444827494E+00
   -0.449129760310310E+00
   -0.455615079229608E+00
   -0.462193721799882E+00
   -0.468867026755758E+00
   -0.475636351576228E+00
   -0.482503072709039E+00
   -0.489468585795063E+00
   -0.496534305892448E+00
   -0.503701667700348E+00
   -0.510972125782029E+00
   -0.518347154787111E+00
   -0.525828249672722E+00
   -0.533416925923317E+00
   -0.541114719768898E+00
   -0.548923188401379E+00
   -0.556843910188813E+00
   -0.564878484887196E+00
   -0.573028533849553E+00
   -0.581295700232005E+00
   -0.589681649196506E+00
   -0.598188068109932E+00
   -0.606816666739203E+00
   -0.615569177442122E+00
   -0.624447355353584E+00
   -0.633452978566864E+00
   -0.642587848309632E+00
   -0.651853789114398E+00
   -0.661252648983082E+00
   -0.670786299545405E+00
   -0.680456636210844E+00
   -0.690265578313868E+00
   -0.700215069252263E+00
   -0.710307076618322E+00
   -0.720543592322745E+00
   -0.730926632711153E+00
   -0.741458238673131E+00
   -0.752140475743817E+00
   -0.762975434198089E+00
   -0.773965229137518E+00
   -0.785112000570297E+00
   -0.796417913484512E+00
   -0.807885157915190E+00
   -0.819515949005708E+00
   -0.831312527064292E+00
   -0.843277157616480E+00
   -0.855412131454615E+00
   -0.867719764685607E+00
   -0.880202398778434E+00
   -0.892862400613080E+00
   -0.905702162532851E+00
   -0.918724102402313E+00
   -0.931930663673366E+00
   -0.945324315462326E+00
   -0.958907552641216E+00
   -0.972682895946858E+00
   -0.986652892111774E+00
   -0.100082011402132E+01
   -0.101518716090196E+01
   -0.102975665854609E+01
   -0.104453125957928E+01
   -0.105951364377652E+01
   -0.107470651843438E+01
   -0.109011261880691E+01
   -0.110573470861338E+01
   -0.112157558062708E+01
   -0.113763805735454E+01
   -0.115392499181569E+01
   -0.117043926843592E+01
   -0.118718380406175E+01
   -0.120416154911270E+01
   -0.122137548888228E+01
   -0.123882864500220E+01
   -0.125652407708414E+01
   -0.127446488455415E+01
   -0.129265420869557E+01
   -0.131109523491635E+01
   -0.132979119525751E+01
   -0.134874537115961E+01
   -0.136796109650408E+01
   -0.138744176094661E+01
   -0.140719081355928E+01
   -0.142721176679804E+01
   -0.144750820081119E+01
   -0.146808376810384E+01
   -0.148894219857193E+01
   -0.151008730491793E+01
   -0.153152298845808E+01
   -0.155325324532895E+01
   -0.157528217309768E+01
   -0.159761397777708E+01
   -0.162025298124252E+01
   -0.164320362904273E+01
   -0.166647049859110E+01
   -0.169005830771792E+01
   -0.171397192355670E+01
   -0.173821637172997E+01
   -0.176279684579081E+01
   -0.178771871686659E+01
   -0.181298754344072E+01
   -0.183860908119580E+01
   -0.186458929282927E+01
   -0.189093435773791E+01
   -0.191765068145326E+01
   -0.194474490469315E+01
   -0.197222391187826E+01
   -0.200009483894414E+01
   -0.202836508026075E+01
   -0.205704229445212E+01
   -0.208613440888911E+01
   -0.211564962260790E+01
   -0.214559640738729E+01
   -0.217598350669779E+01
   -0.220681993221687E+01
   -0.223811495758661E+01
   -0.226987810907386E+01
   -0.230211915277896E+01
   -0.233484807802747E+01
   -0.236807507657160E+01
   -0.240181051722386E+01
   -0.243606491554670E+01
   -0.247084889822842E+01
   -0.250617316178895E+01
   -0.254204842527989E+01
   -0.257848537667225E+01
   -0.261549461266379E+01
   -0.265308657168641E+01
   -0.269127145995389E+01
   -0.273005917046140E+01
   -0.276945919493241E+01
   -0.280948052880521E+01
   -0.285013156946175E+01
   -0.289142000802440E+01
   -0.293335271518352E+01
   -0.297593562166720E+01
   -0.301917359412567E+01
   -0.306307030737366E+01
   -0.310762811411299E+01
   -0.315284791344252E+01
   -0.319872901965027E+01
   -0.324526903296845E+01
   -0.329246371415311E+01
   -0.334030686492010E+01
   -0.338879021642245E+01
   -0.343790332808494E+01
   -0.348763349921199E+01
   -0.353796569584822E+01
   -0.358888249538815E+01
   -0.364036405139553E+01
   -0.369238808099474E+01
   -0.374492987702874E+01
   -0.379796234693328E+01
   -0.385145607994871E+01
   -0.390537944387291E+01
   -0.395969871204966E+01
   -0.401437822068293E+01
   -0.406938055587174E+01
   -0.412466676897616E+01
   -0.418019661806069E+01
   -0.423592883222871E+01
   -0.429182139467742E+01
   -0.434783183928734E+01
   -0.440391755454018E+01
   -0.446003608756481E+01
   -0.451614544017781E+01
   -0.457220434795351E+01
   -0.462817253267169E+01
   -0.468401091799523E+01
   -0.473968179797422E+01
   -0.479514894800407E+01
   -0.485037766823085E+01
   -0.490533475013911E+01
   -0.495998835821296E+01
   -0.501430782015777E+01
   -0.506826332122371E+01
   -0.512182550068561E+01
   -0.517496495149160E+01
   -0.522765162746137E+01
   -0.527985416613772E+01
   -0.533153913939417E+01
   -0.538267024807406E+01
   -0.543320748115623E+01
   -0.548310626406102E+01
   -0.553231662455869E+01
   -0.558078240813572E+01
   -0.562844057741664E+01
   -0.567522063213027E+01
   -0.572104418695236E+01
   -0.576582474416940E+01
   -0.580946769633011E+01
   -0.585187059075711E+01
   -0.589292368290191E+01
   -0.593251079901798E+01
   -0.597051052054250E+01
   -0.600679769303487E+01
   -0.604124525171550E+01
   -0.607372634386231E+01
   -0.610411671591414E+01
   -0.613229732053637E+01
   -0.615815708662373E+01
   -0.618159578379861E+01
   -0.620252690298611E+01
   -0.622088046669160E+01
   -0.623660567722591E+01
   -0.624967330881631E+01
   -0.626007775071452E+01
   -0.626783861335249E+01
   -0.627300181843642E+01
   -0.627564010656759E+01
   -0.627585291229998E+01
   -0.627376557605429E+01
   -0.626952788436820E+01
   -0.626331195375826E+01
   -0.625530949802176E+01
   -0.624572854302880E+01
   -0.623478967578964E+01
   -0.622272193467207E+01
   -0.620975846399126E+01
   -0.619613206783766E+01
   -0.618207080417894E+01
   -0.616779376046181E+01
   -0.615350714594091E+01
   -0.613940082390328E+01
   -0.612564538930608E+01
   -0.611238987490257E+01
   -0.609976014278920E+01
   -0.608785798979129E+01
   -0.607676096570232E+01
   -0.606652287465075E+01
   -0.605717490330506E+01
   -0.604872729662253E+01
   -0.604117148355441E+01
   -0.603448254238818E+01
   -0.602862188872482E+01
   -0.602354006855498E+01
   -0.601917954422218E+01
   -0.601547737159715E+01
   -0.601236768158626E+01
   -0.600978389699045E+01
   -0.600766063542533E+01
   -0.600593526918861E+01
   -0.600454913237348E+01
   -0.600344838309202E+01
   -0.600258454353585E+01
   -0.600191475218328E+01
   -0.600140177047314E+01
   -0.600101379070169E+01
   -0.600072409300874E+01
   -0.600051059755073E+01
   -0.600035535390214E+01
   -0.600024400404455E+01
   -0.600016524866472E+01
   -0.600011033951269E+01
   -0.600007261379962E+01
   -0.600004708045512E+01
   -0.600003006279703E+01
   -0.600001889794453E+01
   -0.600001169016569E+01
   -0.600000711323684E+01
   -0.600000425568020E+01
   -0.600000250227660E+01
   -0.600000144534164E+01
   -0.600000081973498E+01
   -0.600000045628641E+01
   -0.600000024914398E+01
   -0.600000013338098E+01
   -0.600000006997517E+01
   -0.600000003595590E+01
   -0.600000001808572E+01
   -0.600000000890016E+01
   -0.600000000428258E+01
   -0.600000000201374E+01
   -0.600000000092475E+01
   -0.600000000041448E+01
   -0.600000000018120E+01
   -0.600000000007721E+01
   -0.600000000003205E+01
   -0.600000000001295E+01
   -0.600000000000509E+01
   -0.600000000000194E+01
   -0.600000000000072E+01
   -0.600000000000026E+01
   -0.600000000000009E+01
   -0.600000000000003E+01
   -0.600000000000001E+01
   -0.600000000000000E+01
   -0.600000000000000E+01
   -0.600000000000000E+01
   -0.600000000000000E+01
   -0.600000000000000E+01
   -0.600000000000000E+01
   -0.600000000000000E+01
   -0.600000000000000E+01
   -0.600000000000000E+01
   -0.600000000000000E+01
   -0.600000000000000E+01
   -0.600000000000000E+01
   -0.600000000000000E+01
   -0.600000000000000E+01
   -0.600000000000000E+01
   -0.600000000000000E+01
   -0.600000000000000E+01
   -0.600000000000000E+01
   -0.600000000000000E+01
   -0.600000000000000E+01
   -0.600000000000000E+01
   -0.600000000000000E+01
   -0.600000000000000E+01
   -0.600000000000000E+01
   -0.600000000000000E+01
   -0.600000000000000E+01
   -0.600000000000000E+01
   -0.600000000000000E+01
   -0.600000000000000E+01
   -0.600000000000000E+01
   -0.600000000000000E+01
   -0.600000000000000E+01
   -0.600000000000000E+01
   -0.600000000000000E+01
   -0.600000000000000E+01
   -0.600000000000000E+01
   -0.600000000000000E+01
   -0.600000000000000E+01
   -0.600000000000000E+01
   -0.600000000000000E+01
   -0.600000000000000E+01
   -0.600000000000000E+01
   -0.600000000000000E+01
   -0.600000000000000E+01
   -0.600000000000000E+01
   -0.600000000000000E+01
   -0.600000000000000E+01
   -0.600000000000000E+01
   -0.600000000000000E+01
   -0.600000000000000E+01
   -0.600000000000000E+01
   -0.600000000000000E+01
   -0.600000000000000E+01
   -0.600000000000000E+01
   -0.600000000000000E+01
   -0.600000000000000E+01
   -0.600000000000000E+01
   -0.600000000000000E+01
   -0.600000000000000E+01
   -0.600000000000000E+01
   -0.600000000000000E+01
   -0.600000000000000E+01
   -0.600000000000000E+01
   -0.600000000000000E+01
   -0.600000000000000E+01
   -0.600000000000000E+01
   -0.600000000000000E+01
   -0.600000000000000E+01
   -0.600000000000000E+01
   -0.600000000000000E+01
   -0.600000000000000E+01
   -0.600000000000000E+01
   -0.600000000000000E+01
   -0.600000000000000E+01
   -0.600000000000000E+01
   -0.600000000000000E+01
   -0.600000000000000E+01
   -0.600000000000000E+01
   -0.600000000000000E+01
   -0.600000000000000E+01
   -0.600000000000000E+01
   -0.600000000000000E+01
   -0.600000000000000E+01
   -0.600000000000000E+01
   -0.600000000000000E+01
   -0.600000000000000E+01
   -0.600000000000000E+01
   -0.600000000000000E+01
   -0.600000000000000E+01
   -0.600000000000000E+01
   -0.600000000000000E+01
   -0.600000000000000E+01
   -0.600000000000000E+01
   -0.600000000000000E+01
   -0.600000000000000E+01
   -0.600000000000000E+01
   -0.600000000000000E+01
   -0.600000000000000E+01
   -0.600000000000000E+01
   -0.600000000000000E+01
   -0.600000000000000E+01
   -0.600000000000000E+01
   -0.600000000000000E+01
   -0.600000000000000E+01
   -0.600000000000000E+01
   -0.600000000000000E+01
   -0.600000000000000E+01
   -0.600000000000000E+01
   -0.600000000000000E+01
   -0.600000000000000E+01
   -0.600000000000000E+01
   -0.600000000000000E+01
   -0.600000000000000E+01
   -0.600000000000000E+01
   -0.600000000000000E+01
   -0.600000000000000E+01
   -0.600000000000000E+01
   -0.600000000000000E+01
   -0.600000000000000E+01
   -0.600000000000000E+01
   -0.600000000000000E+01
   -0.600000000000000E+01
   -0.600000000000000E+01
   -0.600000000000000E+01
   -0.600000000000000E+01
   -0.600000000000000E+01
   -0.600000000000000E+01
   -0.600000000000000E+01
   -0.600000000000000E+01
   -0.600000000000000E+01
   -0.600000000000000E+01
   -0.600000000000000E+01
   -0.600000000000000E+01
   -0.600000000000000E+01
   -0.600000000000000E+01
   -0.600000000000000E+01
   -0.600000000000000E+01
   -0.600000000000000E+01
   -0.600000000000000E+01
   -0.600000000000000E+01
   -0.600000000000000E+01
   -0.600000000000000E+01
   -0.600000000000000E+01
   -0.600000000000000E+01
   -0.600000000000000E+01
   -0.600000000000000E+01
   -0.600000000000000E+01
   -0.600000000000000E+01
   -0.600000000000000E+01
   -0.600000000000000E+01
   -0.600000000000000E+01
   -0.600000000000000E+01
   -0.600000000000000E+01
   -0.600000000000000E+01
   -0.600000000000000E+01
   -0.600000000000000E+01
   -0.600000000000000E+01
   -0.600000000000000E+01
   -0.600000000000000E+01
   -0.600000000000000E+01
   -0.600000000000000E+01
   -0.600000000000000E+01
   -0.600000000000000E+01
   -0.600000000000000E+01
   -0.600000000000000E+01
   -0.600000000000000E+01
   -0.600000000000000E+01
   -0.600000000000000E+01
   -0.600000000000000E+01
   -0.600000000000000E+01
   -0.600000000000000E+01
   -0.600000000000000E+01
   -0.600000000000000E+01
   -0.600000000000000E+01
   -0.600000000000000E+01
   -0.600000000000000E+01
   -0.600000000000000E+01
   -0.600000000000000E+01
   -0.600000000000000E+01
   -0.600000000000000E+01
   -0.600000000000000E+01
   -0.600000000000000E+01
   -0.600000000000000E+01
   -0.600000000000000E+01
   -0.600000000000000E+01
   -0.600000000000000E+01
   -0.600000000000000E+01
   -0.600000000000000E+01
   -0.600000000000000E+01
   -0.600000000000000E+01
   -0.600000000000000E+01
   -0.600000000000000E+01
   -0.600000000000000E+01
   -0.600000000000000E+01
   -0.600000000000000E+01
   -0.600000000000000E+01
   -0.600000000000000E+01
   -0.600000000000000E+01
   -0.600000000000000E+01
   -0.600000000000000E+01
   -0.600000000000000E+01
   -0.600000000000000E+01
   -0.600000000000000E+01
   -0.600000000000000E+01
   -0.600000000000000E+01
   -0.600000000000000E+01
   -0.600000000000000E+01
   -0.600000000000000E+01
   -0.600000000000000E+01
   -0.600000000000000E+01
   -0.600000000000000E+01
   -0.600000000000000E+01
   -0.600000000000000E+01
   -0.600000000000000E+01
   -0.600000000000000E+01
   -0.600000000000000E+01
   -0.600000000000000E+01
   -0.600000000000000E+01
   -0.600000000000000E+01
   -0.600000000000000E+01
   -0.600000000000000E+01
   -0.600000000000000E+01
   -0.600000000000000E+01
   -0.600000000000000E+01
   -0.600000000000000E+01
   -0.600000000000000E+01
   -0.600000000000000E+01
   -0.600000000000000E+01
   -0.600000000000000E+01
   -0.600000000000000E+01
   -0.600000000000000E+01
   -0.600000000000000E+01
   -0.600000000000000E+01
   -0.600000000000000E+01
   -0.600000000000000E+01
   -0.600000000000000E+01
   -0.600000000000000E+01
   -0.600000000000000E+01
   -0.600000000000000E+01
   -0.600000000000000E+01
   -0.600000000000000E+01
   -0.600000000000000E+01
   -0.600000000000000E+01
   -0.600000000000000E+01
   -0.600000000000000E+01
   -0.600000000000000E+01
   -0.600000000000000E+01
   -0.600000000000000E+01
   -0.600000000000000E+01
   -0.600000000000000E+01
   -0.600000000000000E+01
   -0.600000000000000E+01
   -0.600000000000000E+01
   -0.600000000000000E+01
   -0.600000000000000E+01
   -0.600000000000000E+01
   -0.600000000000000E+01
   -0.600000000000000E+01
   -0.600000000000000E+01
   -0.600000000000000E+01
   -0.600000000000000E+01
   -0.600000000000000E+01
