ECP,B,2,2,0
6;                                     !Vd
 1 , 25.55449218 , 3.00000000 ;
 2 , 8.19766512 , -22547.53170958 ;
 2 , 8.13405173 , 22851.69895737 ;
 2 , 7.08853168 , -687.13084897 ;
 2 , 10.14611139 , 377.57929920 ;
 3 , 13.15576289 , 76.66347653 ;
6;                                     !Vs-Vd
 2 , 12.42783934 , 597.21129646 ;
 2 , 4.36331035 , 3352.58754943 ;
 2 , 8.81915628 , 753.54448019 ;
 2 , 11.53737016 , -1004.42485948 ;
 2 , 4.25501186 , -2797.35251417 ;
 2 , 5.81272043 , -895.42634460 ;
6;                                     !Vp-Vd
 2 , 7.10170357 , -792940.18670578 ;
 2 , 7.09669503 , 793670.56231021 ;
 2 , 9.81346097 , 2287.35930262 ;
 2 , 4.61433954 , 412.85364378 ;
 2 , 5.57978620 , -2108.97234190 ;
 2 , 10.42326645 , -1323.58975606 ;
