!pp_gamess_Fe_r32
ECP,Fe,10,3,0
6;                                     !Vf
 1 , 16.90683491 , 16.00000000 ;
 2 , 18.40258134 , 26847.81569895 ;
 2 , 6.30300831 , -133.54888707 ;
 2 , 18.42848726 , -26765.40492320 ;
 2 , 18.43432023 , 1.00742417 ;
 3 , 7.01300654 , 270.50935856 ;
6;                                     !Vs-Vf
 2 , 9.62391231 , 14977.74652378 ;
 2 , 9.12809554 , -12971.33800241 ;
 2 , 7.52657767 , 1389.40898078 ;
 2 , 12.70917094 , -3305.27443335 ;
 2 , 8.17044011 , -806.79029904 ;
 2 , 16.28456513 , 761.50196888 ;
6;                                     !Vp-Vf
 2 , 11.36627310 , -874.67320526 ;
 2 , 14.56764543 , 33459.93431096 ;
 2 , 15.05859164 , -40857.82485168 ;
 2 , 17.41353783 , 10271.15741565 ;
 2 , 18.37432484 , -5644.95302964 ;
 2 , 17.04777942 , 3674.12236080 ;
6;                                     !Vd-Vf
 2 , 10.13922068 , -10784.34772486 ;
 2 , 13.45807407 , 16335.82673403 ;
 2 , 10.97392189 , 37136.21683288 ;
 2 , 11.92914769 , -40843.95358272 ;
 2 , 17.71284926 , 3726.90468166 ;
 2 , 17.32072667 , -5589.50994860 ;
