eCEPP Pseudopotential in real space for Li
Atomic number and pseudo-charge
 3  1.00
Energy units (rydberg/hartree/ev)
rydberg
Angular momentum of local component (0=s,1=p,2=d..)
2
NLRULE override (1) VMC/DMC (2) config gen (0 ==> input/default value)
0 0
Number of grid points
 909
R(i) in atomic units
    0.000000000000000E+00
    0.335725664191122E-05
    0.676281830736384E-05
    0.102173800207626E-04
    0.137216468066923E-04
    0.172763338338024E-04
    0.208821665607625E-04
    0.245398808843178E-04
    0.282502232894744E-04
    0.320139510018459E-04
    0.358318321421918E-04
    0.397046458831797E-04
    0.436331826084025E-04
    0.476182440736842E-04
    0.516606435707063E-04
    0.557612060929882E-04
    0.599207685042566E-04
    0.641401797092364E-04
    0.684203008269000E-04
    0.727620053662084E-04
    0.771661794043817E-04
    0.816337217677341E-04
    0.861655442151110E-04
    0.907625716239654E-04
    0.954257421791116E-04
    0.100156007564195E-03
    0.104954333155915E-03
    0.109821698221048E-03
    0.114759096116296E-03
    0.119767534491020E-03
    0.124848035492882E-03
    0.130001635976457E-03
    0.135229387714830E-03
    0.140532357614258E-03
    0.145911627931901E-03
    0.151368296496697E-03
    0.156903476933415E-03
    0.162518298889928E-03
    0.168213908267754E-03
    0.173991467455925E-03
    0.179852155568203E-03
    0.185797168683729E-03
    0.191827720091119E-03
    0.197945040536081E-03
    0.204150378472592E-03
    0.210445000317685E-03
    0.216830190709911E-03
    0.223307252771513E-03
    0.229877508374370E-03
    0.236542298409778E-03
    0.243302983062100E-03
    0.250160942086363E-03
    0.257117575089843E-03
    0.264174301817708E-03
    0.271332562442761E-03
    0.278593817859363E-03
    0.285959549981576E-03
    0.293431262045602E-03
    0.301010478916572E-03
    0.308698747399744E-03
    0.316497636556187E-03
    0.324408738023002E-03
    0.332433666338149E-03
    0.340574059269955E-03
    0.348831578151352E-03
    0.357207908218936E-03
    0.365704758956896E-03
    0.374323864445892E-03
    0.383066983716961E-03
    0.391935901110504E-03
    0.400932426640444E-03
    0.410058396363625E-03
    0.419315672754521E-03
    0.428706145085343E-03
    0.438231729811609E-03
    0.447894370963261E-03
    0.457696040541420E-03
    0.467638738920834E-03
    0.477724495258133E-03
    0.487955367905940E-03
    0.498333444832959E-03
    0.508860844050092E-03
    0.519539714042700E-03
    0.530372234209067E-03
    0.541360615305194E-03
    0.552507099895974E-03
    0.563813962812866E-03
    0.575283511618159E-03
    0.586918087075907E-03
    0.598720063629648E-03
    0.610691849886985E-03
    0.622835889111157E-03
    0.635154659719664E-03
    0.647650675790082E-03
    0.660326487573141E-03
    0.673184682013201E-03
    0.686227883276206E-03
    0.699458753285233E-03
    0.712879992263757E-03
    0.726494339286725E-03
    0.740304572839556E-03
    0.754313511385194E-03
    0.768524013939310E-03
    0.782938980653790E-03
    0.797561353408606E-03
    0.812394116412215E-03
    0.827440296810589E-03
    0.842702965305010E-03
    0.858185236778758E-03
    0.873890270932807E-03
    0.889821272930679E-03
    0.905981494052563E-03
    0.922374232358860E-03
    0.939002833363262E-03
    0.955870690715526E-03
    0.972981246894064E-03
    0.990337993908505E-03
    0.100794447401236E-02
    0.102580428042594E-02
    0.104392105806968E-02
    0.106229850430803E-02
    0.108094036970400E-02
    0.109985045878462E-02
    0.111903263081738E-02
    0.113849080059783E-02
    0.115822893924858E-02
    0.117825107502969E-02
    0.119856129416081E-02
    0.121916374165512E-02
    0.124006262216524E-02
    0.126126220084136E-02
    0.128276680420170E-02
    0.130458082101545E-02
    0.132670870319850E-02
    0.134915496672196E-02
    0.137192419253384E-02
    0.139502102749397E-02
    0.141845018532228E-02
    0.144221644756088E-02
    0.146632466454985E-02
    0.149077975641715E-02
    0.151558671408274E-02
    0.154075060027714E-02
    0.156627655057466E-02
    0.159216977444151E-02
    0.161843555629897E-02
    0.164507925660184E-02
    0.167210631293245E-02
    0.169952224111040E-02
    0.172733263631821E-02
    0.175554317424327E-02
    0.178415961223614E-02
    0.181318779048552E-02
    0.184263363321018E-02
    0.187250314986796E-02
    0.190280243638228E-02
    0.193353767638614E-02
    0.196471514248419E-02
    0.199634119753283E-02
    0.202842229593876E-02
    0.206096498497627E-02
    0.209397590612343E-02
    0.212746179641750E-02
    0.216142948982984E-02
    0.219588591866070E-02
    0.223083811495391E-02
    0.226629321193207E-02
    0.230225844545231E-02
    0.233874115548304E-02
    0.237574878760191E-02
    0.241328889451534E-02
    0.245136913759995E-02
    0.248999728846608E-02
    0.252918123054389E-02
    0.256892896069226E-02
    0.260924859083081E-02
    0.265014834959543E-02
    0.269163658401761E-02
    0.273372176122796E-02
    0.277641247018425E-02
    0.281971742342420E-02
    0.286364545884370E-02
    0.290820554150039E-02
    0.295340676544336E-02
    0.299925835556905E-02
    0.304576966950400E-02
    0.309295019951452E-02
    0.314080957444395E-02
    0.318935756167777E-02
    0.323860406913699E-02
    0.328855914730018E-02
    0.333923299125463E-02
    0.339063594277702E-02
    0.344277849244403E-02
    0.349567128177332E-02
    0.354932510539525E-02
    0.360375091325598E-02
    0.365895981285213E-02
    0.371496307149769E-02
    0.377177211862348E-02
    0.382939854810979E-02
    0.388785412065241E-02
    0.394715076616293E-02
    0.400730058620338E-02
    0.406831585645600E-02
    0.413020902922854E-02
    0.419299273599556E-02
    0.425667978997636E-02
    0.432128318874993E-02
    0.438681611690760E-02
    0.445329194874379E-02
    0.452072425098551E-02
    0.458912678556115E-02
    0.465851351240906E-02
    0.472889859232655E-02
    0.480029638985994E-02
    0.487272147623614E-02
    0.494618863233638E-02
    0.502071285171282E-02
    0.509630934364849E-02
    0.517299353626125E-02
    0.525078107965249E-02
    0.532968784910105E-02
    0.540972994830314E-02
    0.549092371265885E-02
    0.557328571260598E-02
    0.565683275700182E-02
    0.574158189655355E-02
    0.582755042729810E-02
    0.591475589413195E-02
    0.600321609439182E-02
    0.609294908148684E-02
    0.618397316858296E-02
    0.627630693234041E-02
    0.636996921670492E-02
    0.646497913675349E-02
    0.656135608259547E-02
    0.665911972332983E-02
    0.675829001105930E-02
    0.685888718496232E-02
    0.696093177542352E-02
    0.706444460822371E-02
    0.716944680879008E-02
    0.727595980650759E-02
    0.738400533909240E-02
    0.749360545702821E-02
    0.760478252806642E-02
    0.771755924179108E-02
    0.783195861424947E-02
    0.794800399264937E-02
    0.806571906012382E-02
    0.818512784056455E-02
    0.830625470352486E-02
    0.842912436919313E-02
    0.855376191343776E-02
    0.868019277292489E-02
    0.880844275030953E-02
    0.893853801950161E-02
    0.907050513100758E-02
    0.920437101734906E-02
    0.934016299855930E-02
    0.947790878775884E-02
    0.961763649681132E-02
    0.975937464206069E-02
    0.990315215015099E-02
    0.100489983639298E-01
    0.101969430484369E-01
    0.103470163969783E-01
    0.104992490372890E-01
    0.106536720377831E-01
    0.108103169138947E-01
    0.109692156345095E-01
    0.111304006284893E-01
    0.112939047912904E-01
    0.114597614916766E-01
    0.116280045785299E-01
    0.117986683877580E-01
    0.119717877493021E-01
    0.121473979942449E-01
    0.123255349620216E-01
    0.125062350077337E-01
    0.126895350095685E-01
    0.128754723763260E-01
    0.130640850550529E-01
    0.132554115387873E-01
    0.134494908744143E-01
    0.136463626706353E-01
    0.138460671060511E-01
    0.140486449373622E-01
    0.142541375076862E-01
    0.144625867549955E-01
    0.146740352206764E-01
    0.148885260582108E-01
    0.151061030419835E-01
    0.153268105762159E-01
    0.155506937040277E-01
    0.157777981166304E-01
    0.160081701626514E-01
    0.162418568575936E-01
    0.164789058934303E-01
    0.167193656483386E-01
    0.169632851965724E-01
    0.172107143184778E-01
    0.174617035106529E-01
    0.177163039962529E-01
    0.179745677354443E-01
    0.182365474360089E-01
    0.185022965641011E-01
    0.187718693551592E-01
    0.190453208249741E-01
    0.193227067809174E-01
    0.196040838333304E-01
    0.198895094070782E-01
    0.201790417532684E-01
    0.204727399611399E-01
    0.207706639701218E-01
    0.210728745820662E-01
    0.213794334736573E-01
    0.216904032089981E-01
    0.220058472523792E-01
    0.223258299812308E-01
    0.226504166992613E-01
    0.229796736497846E-01
    0.233136680292394E-01
    0.236524680009034E-01
    0.239961427088037E-01
    0.243447622918287E-01
    0.246983978980420E-01
    0.250571216992029E-01
    0.254210069054955E-01
    0.257901277804697E-01
    0.261645596561976E-01
    0.265443789486472E-01
    0.269296631732780E-01
    0.273204909608610E-01
    0.277169420735256E-01
    0.281190974210381E-01
    0.285270390773143E-01
    0.289408502971693E-01
    0.293606155333086E-01
    0.297864204535639E-01
    0.302183519583765E-01
    0.306564981985322E-01
    0.311009485931516E-01
    0.315517938479397E-01
    0.320091259736968E-01
    0.324730383050971E-01
    0.329436255197368E-01
    0.334209836574563E-01
    0.339052101399405E-01
    0.343964037906012E-01
    0.348946648547454E-01
    0.354000950200338E-01
    0.359127974372341E-01
    0.364328767412722E-01
    0.369604390725865E-01
    0.374955920987902E-01
    0.380384450366437E-01
    0.385891086743453E-01
    0.391476953941402E-01
    0.397143191952571E-01
    0.402890957171730E-01
    0.408721422632138E-01
    0.414635778244942E-01
    0.420635231042019E-01
    0.426721005422314E-01
    0.432894343401721E-01
    0.439156504866560E-01
    0.445508767830701E-01
    0.451952428696388E-01
    0.458488802518817E-01
    0.465119223274514E-01
    0.471845044133586E-01
    0.478667637735878E-01
    0.485588396471112E-01
    0.492608732763049E-01
    0.499730079357749E-01
    0.506953889615968E-01
    0.514281637809770E-01
    0.521714819423403E-01
    0.529254951458505E-01
    0.536903572743703E-01
    0.544662244248664E-01
    0.552532549402663E-01
    0.560516094417743E-01
    0.568614508616514E-01
    0.576829444764676E-01
    0.585162579408321E-01
    0.593615613216097E-01
    0.602190271326281E-01
    0.610888303698863E-01
    0.619711485472677E-01
    0.628661617327689E-01
    0.637740525852486E-01
    0.646950063917052E-01
    0.656292111050915E-01
    0.665768573826733E-01
    0.675381386249390E-01
    0.685132510150705E-01
    0.695023935589807E-01
    0.705057681259281E-01
    0.715235794897150E-01
    0.725560353704788E-01
    0.736033464770848E-01
    0.746657265501285E-01
    0.757433924055571E-01
    0.768365639789180E-01
    0.779454643702450E-01
    0.790703198895892E-01
    0.802113601032056E-01
    0.813688178804041E-01
    0.825429294410751E-01
    0.837339344038978E-01
    0.849420758352434E-01
    0.861676002987807E-01
    0.874107579057968E-01
    0.886718023662404E-01
    0.899509910405007E-01
    0.912485849919307E-01
    0.925648490401262E-01
    0.939000518149715E-01
    0.952544658114632E-01
    0.966283674453219E-01
    0.980220371094046E-01
    0.994357592309288E-01
    0.100869822329520E+00
    0.102324519076094E+00
    0.103800146352587E+00
    0.105297005312545E+00
    0.106815401442582E+00
    0.108355644624730E+00
    0.109918049199679E+00
    0.111502934030928E+00
    0.113110622569861E+00
    0.114741442921760E+00
    0.116395727912766E+00
    0.118073815157801E+00
    0.119776047129476E+00
    0.121502771227978E+00
    0.123254339851973E+00
    0.125031110470525E+00
    0.126833445696050E+00
    0.128661713358319E+00
    0.130516286579526E+00
    0.132397543850439E+00
    0.134305869107644E+00
    0.136241651811897E+00
    0.138205287027612E+00
    0.140197175503486E+00
    0.142217723754283E+00
    0.144267344143803E+00
    0.146346454969035E+00
    0.148455480545527E+00
    0.150594851293981E+00
    0.152765003828099E+00
    0.154966381043684E+00
    0.157199432209034E+00
    0.159464613056627E+00
    0.161762385876129E+00
    0.164093219608746E+00
    0.166457589942919E+00
    0.168855979411414E+00
    0.171288877489794E+00
    0.173756780696313E+00
    0.176260192693254E+00
    0.178799624389713E+00
    0.181375594045871E+00
    0.183988627378760E+00
    0.186639257669560E+00
    0.189328025872427E+00
    0.192055480724898E+00
    0.194822178859879E+00
    0.197628684919245E+00
    0.200475571669075E+00
    0.203363420116547E+00
    0.206292819628509E+00
    0.209264368051764E+00
    0.212278671835079E+00
    0.215336346152955E+00
    0.218438015031169E+00
    0.221584311474136E+00
    0.224775877594092E+00
    0.228013364742138E+00
    0.231297433641173E+00
    0.234628754520738E+00
    0.238008007253801E+00
    0.241435881495503E+00
    0.244913076823916E+00
    0.248440302882806E+00
    0.252018279526470E+00
    0.255647736966640E+00
    0.259329415921514E+00
    0.263064067766923E+00
    0.266852454689673E+00
    0.270695349843103E+00
    0.274593537504867E+00
    0.278547813236998E+00
    0.282558984048268E+00
    0.286627868558886E+00
    0.290755297167568E+00
    0.294942112221011E+00
    0.299189168185795E+00
    0.303497331822778E+00
    0.307867482363982E+00
    0.312300511692031E+00
    0.316797324522174E+00
    0.321358838586924E+00
    0.325985984823349E+00
    0.330679707563069E+00
    0.335440964724974E+00
    0.340270728010724E+00
    0.345169983103061E+00
    0.350139729866964E+00
    0.355180982553719E+00
    0.360294770007899E+00
    0.365482135877348E+00
    0.370744138826165E+00
    0.376081852750766E+00
    0.381496366999050E+00
    0.386988786592717E+00
    0.392560232452788E+00
    0.398211841628369E+00
    0.403944767528701E+00
    0.409760180158562E+00
    0.415659266357039E+00
    0.421643230039748E+00
    0.427713292444538E+00
    0.433870692380722E+00
    0.440116686481903E+00
    0.446452549462433E+00
    0.452879574377565E+00
    0.459399072887343E+00
    0.466012375524294E+00
    0.472720831964972E+00
    0.479525811305404E+00
    0.486428702340501E+00
    0.493430913847495E+00
    0.500533874873446E+00
    0.507739035026890E+00
    0.515047864773682E+00
    0.522461855737097E+00
    0.529982521002247E+00
    0.537611395424882E+00
    0.545350035944626E+00
    0.553200021902732E+00
    0.561162955364396E+00
    0.569240461445716E+00
    0.577434188645358E+00
    0.585745809180984E+00
    0.594177019330531E+00
    0.602729539778395E+00
    0.611405115966596E+00
    0.620205518450998E+00
    0.629132543262652E+00
    0.638188012274341E+00
    0.647373773572395E+00
    0.656691701833859E+00
    0.666143698709085E+00
    0.675731693209835E+00
    0.685457642102956E+00
    0.695323530309737E+00
    0.705331371310991E+00
    0.715483207557985E+00
    0.725781110889270E+00
    0.736227182953512E+00
    0.746823555638409E+00
    0.757572391505777E+00
    0.768475884232896E+00
    0.779536259060207E+00
    0.790755773245452E+00
    0.802136716524342E+00
    0.813681411577865E+00
    0.825392214506304E+00
    0.837271515310088E+00
    0.849321738377549E+00
    0.861545342979710E+00
    0.873944823772179E+00
    0.886522711304277E+00
    0.899281572535482E+00
    0.912224011359309E+00
    0.925352669134723E+00
    0.938670225225206E+00
    0.952179397545569E+00
    0.965882943116643E+00
    0.979783658627944E+00
    0.993884381008435E+00
    0.100818798800550E+01
    0.102269739877226E+01
    0.103741557446330E+01
    0.105234551883904E+01
    0.106749027887871E+01
    0.108285294540225E+01
    0.109843665370102E+01
    0.111424458417776E+01
    0.113027996299560E+01
    0.114654606273646E+01
    0.116304620306902E+01
    0.117978375142610E+01
    0.119676212369200E+01
    0.121398478489959E+01
    0.123145524993744E+01
    0.124917708426724E+01
    0.126715390465136E+01
    0.128538937989107E+01
    0.130388723157520E+01
    0.132265123483974E+01
    0.134168521913823E+01
    0.136099306902332E+01
    0.138057872493957E+01
    0.140044618402757E+01
    0.142059950093978E+01
    0.144104278866796E+01
    0.146178021938261E+01
    0.148281602528441E+01
    0.150415449946798E+01
    0.152579999679805E+01
    0.154775693479817E+01
    0.157002979455231E+01
    0.159262312161935E+01
    0.161554152696078E+01
    0.163878968788173E+01
    0.166237234898553E+01
    0.168629432314201E+01
    0.171056049246973E+01
    0.173517580933238E+01
    0.176014529734944E+01
    0.178547405242146E+01
    0.181116724377004E+01
    0.183723011499280E+01
    0.186366798513349E+01
    0.189048624976759E+01
    0.191769038210341E+01
    0.194528593409910E+01
    0.197327853759576E+01
    0.200167390546676E+01
    0.203047783278370E+01
    0.205969619799906E+01
    0.208933496414592E+01
    0.211940018005495E+01
    0.214989798158883E+01
    0.218083459289456E+01
    0.221221632767366E+01
    0.224404959047070E+01
    0.227634087798042E+01
    0.230909678037358E+01
    0.234232398264190E+01
    0.237602926596240E+01
    0.241021950908130E+01
    0.244490168971792E+01
    0.248008288598867E+01
    0.251577027785163E+01
    0.255197114857188E+01
    0.258869288620784E+01
    0.262594298511915E+01
    0.266372904749610E+01
    0.270205878491114E+01
    0.274094001989268E+01
    0.278038068752160E+01
    0.282038883705063E+01
    0.286097263354710E+01
    0.290214035955933E+01
    0.294390041680692E+01
    0.298626132789549E+01
    0.302923173805596E+01
    0.307282041690893E+01
    0.311703626025444E+01
    0.316188829188744E+01
    0.320738566543945E+01
    0.325353766624667E+01
    0.330035371324495E+01
    0.334784336089208E+01
    0.339601630111772E+01
    0.344488236530136E+01
    0.349445152627877E+01
    0.354473390037728E+01
    0.359573974948042E+01
    0.364747948312218E+01
    0.369996366061145E+01
    0.375320299318702E+01
    0.380720834620360E+01
    0.386199074134924E+01
    0.391756135889471E+01
    0.397393153997526E+01
    0.403111278890511E+01
    0.408911677552537E+01
    0.414795533758566E+01
    0.420764048315999E+01
    0.426818439309747E+01
    0.432959942350823E+01
    0.439189810828511E+01
    0.445509316166163E+01
    0.451919748080679E+01
    0.458422414845721E+01
    0.465018643558707E+01
    0.471709780411657E+01
    0.478497190965927E+01
    0.485382260430904E+01
    0.492366393946701E+01
    0.499451016870928E+01
    0.506637575069589E+01
    0.513927535212157E+01
    0.521322385070901E+01
    0.528823633824521E+01
    0.536432812366144E+01
    0.544151473615759E+01
    0.551981192837148E+01
    0.559923567959366E+01
    0.567980219902862E+01
    0.576152792910283E+01
    0.584442954882034E+01
    0.592852397716681E+01
    0.601382837656234E+01
    0.610036015636410E+01
    0.618813697641933E+01
    0.627717675066943E+01
    0.636749765080594E+01
    0.645911810997911E+01
    0.655205682655982E+01
    0.664633276795567E+01
    0.674196517448190E+01
    0.683897356328810E+01
    0.693737773234133E+01
    0.703719776446661E+01
    0.713845403144554E+01
    0.724116719817381E+01
    0.734535822687871E+01
    0.745104838139709E+01
    0.755825923151508E+01
    0.766701265737011E+01
    0.777733085391635E+01
    0.788923633545435E+01
    0.800275194022590E+01
    0.811790083507494E+01
    0.823470652017557E+01
    0.835319283382814E+01
    0.847338395732422E+01
    0.859530441988167E+01
    0.871897910365073E+01
    0.884443324879202E+01
    0.897169245862772E+01
    0.910078270486684E+01
    0.923173033290565E+01
    0.936456206720435E+01
    0.949930501674119E+01
    0.963598668054495E+01
    0.977463495330714E+01
    0.991527813107484E+01
    0.100579449170255E+02
    0.102026644273250E+02
    0.103494661970695E+02
    0.104983801863133E+02
    0.106494367861835E+02
    0.108026668250816E+02
    0.109581015749763E+02
    0.111157727577843E+02
    0.112757125518454E+02
    0.114379535984891E+02
    0.116025290086960E+02
    0.117694723698558E+02
    0.119388177526217E+02
    0.121105997178636E+02
    0.122848533237216E+02
    0.124616141327610E+02
    0.126409182192297E+02
    0.128228021764208E+02
    0.130073031241404E+02
    0.131944587162837E+02
    0.133843071485189E+02
    0.135768871660830E+02
    0.137722380716888E+02
    0.139703997335462E+02
    0.141714125934982E+02
    0.143753176752754E+02
    0.145821565928673E+02
    0.147919715590159E+02
    0.150048053938303E+02
    0.152207015335256E+02
    0.154397040392879E+02
    0.156618576062661E+02
    0.158872075726941E+02
    0.161157999291429E+02
    0.163476813279074E+02
    0.165828990925268E+02
    0.168215012274428E+02
    0.170635364277969E+02
    0.173090540893681E+02
    0.175581043186536E+02
    0.178107379430952E+02
    0.180670065214524E+02
    0.183269623543245E+02
    0.185906584948245E+02
    0.188581487594065E+02
    0.191294877388489E+02
    0.194047308093953E+02
    0.196839341440562E+02
    0.199671547240732E+02
    0.202544503505475E+02
    0.205458796562369E+02
    0.208415021175213E+02
    0.211413780665413E+02
    0.214455687035110E+02
    0.217541361092081E+02
    0.220671432576433E+02
    0.223846540289131E+02
    0.227067332222360E+02
    0.230334465691774E+02
    0.233648607470647E+02
    0.237010433925946E+02
    0.240420631156370E+02
    0.243879895132374E+02
    0.247388931838205E+02
    0.250948457415982E+02
    0.254559198311851E+02
    0.258221891424241E+02
    0.261937284254254E+02
    0.265706135058221E+02
    0.269529213002448E+02
    0.273407298320192E+02
    0.277341182470898E+02
    0.281331668301718E+02
    0.285379570211367E+02
    0.289485714316324E+02
    0.293650938619435E+02
    0.297876093180931E+02
    0.302162040291918E+02
    0.306509654650357E+02
    0.310919823539572E+02
    0.315393447009339E+02
    0.319931438059566E+02
    0.324534722826625E+02
    0.329204240772365E+02
    0.333940944875839E+02
    0.338745801827793E+02
    0.343619792227956E+02
    0.348563910785163E+02
    0.353579166520361E+02
    0.358666582972536E+02
    0.363827198407600E+02
    0.369062066030289E+02
    0.374372254199102E+02
    0.379758846644342E+02
    0.385222942689286E+02
    0.390765657474539E+02
    0.396388122185622E+02
    0.402091484283827E+02
    0.407876907740398E+02
    0.413745573274080E+02
    0.419698678592086E+02
    0.425737438634529E+02
    0.431863085822379E+02
    0.438076870308974E+02
    0.444380060235166E+02
    0.450773941988121E+02
    0.457259820463859E+02
    0.463839019333561E+02
    0.470512881313706E+02
    0.477282768440109E+02
    0.484150062345884E+02
    0.491116164543419E+02
    0.498182496710399E+02
    0.505350500979958E+02
    0.512621640234988E+02
    0.519997398406696E+02
    0.527479280777451E+02
    0.535068814287992E+02
    0.542767547849050E+02
    0.550577052657459E+02
    0.558498922516818E+02
    0.566534774162755E+02
    0.574686247592885E+02
    0.582955006401507E+02
    0.591342738119117E+02
    0.599851154556811E+02
    0.608481992155637E+02
    0.617237012340980E+02
    0.626118001882040E+02
    0.635126773256487E+02
    0.644265165020357E+02
    0.653535042183281E+02
    0.662938296589097E+02
    0.672476847301953E+02
    0.682152640997960E+02
    0.691967652362473E+02
    0.701923884493104E+02
    0.712023369308516E+02
    0.722268167963112E+02
    0.732660371267687E+02
    0.743202100116126E+02
    0.753895505918252E+02
    0.764742771038894E+02
    0.775746109243277E+02
    0.786907766148817E+02
    0.798230019683418E+02
    0.809715180550363E+02
    0.821365592699897E+02
    0.833183633807588E+02
    0.845171715759578E+02
    0.857332285144813E+02
    0.869667823754354E+02
    0.882180849087874E+02
    0.894873914867443E+02
    0.907749611558702E+02
    0.920810566899545E+02
    0.934059446436392E+02
    0.947498954068195E+02
    0.961131832598259E+02
    0.974960864294009E+02
    0.988988871454809E+02
    0.100321871698795E+03
r*potential (L=0) in Ry
    0.000000000000000E+00
    0.538083139957010E-05
    0.108390835075197E-04
    0.163758702717948E-04
    0.219923216680951E-04
    0.276895839304848E-04
    0.334688197853220E-04
    0.393312086885541E-04
    0.452779470664267E-04
    0.513102485596570E-04
    0.574293442711191E-04
    0.636364830170943E-04
    0.699329315821356E-04
    0.763199749775998E-04
    0.827989167038987E-04
    0.893710790165248E-04
    0.960378031959035E-04
    0.102800449821128E-03
    0.109660399047635E-03
    0.116619050888872E-03
    0.123677825502019E-03
    0.130838163477822E-03
    0.138101526134600E-03
    0.145469395816469E-03
    0.152943276195877E-03
    0.160524692580473E-03
    0.168215192224404E-03
    0.176016344644086E-03
    0.183929741938515E-03
    0.191956999114197E-03
    0.200099754414743E-03
    0.208359669655210E-03
    0.216738430561254E-03
    0.225237747113159E-03
    0.233859353894823E-03
    0.242605010447757E-03
    0.251476501630183E-03
    0.260475637981294E-03
    0.269604256090763E-03
    0.278864218973560E-03
    0.288257416450166E-03
    0.297785765532259E-03
    0.307451210813944E-03
    0.317255724868620E-03
    0.327201308651551E-03
    0.337289991908229E-03
    0.347523833588619E-03
    0.357904922267355E-03
    0.368435376569992E-03
    0.379117345605383E-03
    0.389953009404280E-03
    0.400944579364246E-03
    0.412094298700972E-03
    0.423404442906077E-03
    0.434877320211506E-03
    0.446515272060607E-03
    0.458320673585982E-03
    0.470295934094218E-03
    0.482443497557587E-03
    0.494765843112830E-03
    0.507265485567107E-03
    0.519944975911235E-03
    0.532806901840305E-03
    0.545853888281791E-03
    0.559088597931263E-03
    0.572513731795799E-03
    0.586132029745221E-03
    0.599946271071266E-03
    0.613959275054791E-03
    0.628173901541150E-03
    0.642593051523848E-03
    0.657219667736585E-03
    0.672056735253828E-03
    0.687107282100021E-03
    0.702374379867555E-03
    0.717861144343637E-03
    0.733570736146178E-03
    0.749506361368824E-03
    0.765671272235273E-03
    0.782068767763006E-03
    0.798702194436567E-03
    0.815574946890531E-03
    0.832690468602297E-03
    0.850052252594851E-03
    0.867663842149639E-03
    0.885528831529701E-03
    0.903650866713202E-03
    0.922033646137523E-03
    0.940680921454060E-03
    0.959596498293875E-03
    0.978784237044372E-03
    0.998248053637142E-03
    0.101799192034715E-02
    0.103801986660341E-02
    0.105833597981134E-02
    0.107894440618693E-02
    0.109984935160294E-02
    0.112105508244722E-02
    0.114256592649347E-02
    0.116438627378442E-02
    0.118652057752780E-02
    0.120897335500519E-02
    0.123174918849388E-02
    0.125485272620208E-02
    0.127828868321754E-02
    0.130206184246985E-02
    0.132617705570652E-02
    0.135063924448317E-02
    0.137545340116799E-02
    0.140062458996051E-02
    0.142615794792523E-02
    0.145205868603993E-02
    0.147833209025924E-02
    0.150498352259333E-02
    0.153201842220229E-02
    0.155944230650614E-02
    0.158726077231089E-02
    0.161547949695070E-02
    0.164410423944661E-02
    0.167314084168181E-02
    0.170259522959394E-02
    0.173247341438441E-02
    0.176278149374528E-02
    0.179352565310361E-02
    0.182471216688392E-02
    0.185634739978861E-02
    0.188843780809696E-02
    0.192098994098272E-02
    0.195401044185073E-02
    0.198750604969272E-02
    0.202148360046263E-02
    0.205595002847172E-02
    0.209091236780381E-02
    0.212637775375074E-02
    0.216235342426865E-02
    0.219884672145511E-02
    0.223586509304750E-02
    0.227341609394303E-02
    0.231150738774056E-02
    0.235014674830459E-02
    0.238934206135184E-02
    0.242910132606056E-02
    0.246943265670305E-02
    0.251034428430169E-02
    0.255184455830871E-02
    0.259394194831021E-02
    0.263664504575468E-02
    0.267996256570637E-02
    0.272390334862390E-02
    0.276847636216445E-02
    0.281369070301393E-02
    0.285955559874348E-02
    0.290608040969263E-02
    0.295327463087964E-02
    0.300114789393929E-02
    0.304970996908848E-02
    0.309897076712025E-02
    0.314894034142637E-02
    0.319962889004909E-02
    0.325104675776239E-02
    0.330320443818319E-02
    0.335611257591292E-02
    0.340978196870991E-02
    0.346422356969305E-02
    0.351944848957712E-02
    0.357546799894033E-02
    0.363229353052441E-02
    0.368993668156792E-02
    0.374840921617299E-02
    0.380772306770619E-02
    0.386789034123396E-02
    0.392892331599299E-02
    0.399083444789626E-02
    0.405363637207508E-02
    0.411734190545763E-02
    0.418196404938477E-02
    0.424751599226331E-02
    0.431401111225759E-02
    0.438146298001969E-02
    0.444988536145897E-02
    0.451929222055146E-02
    0.458969772218963E-02
    0.466111623507320E-02
    0.473356233464155E-02
    0.480705080604827E-02
    0.488159664717854E-02
    0.495721507170993E-02
    0.503392151221721E-02
    0.511173162332185E-02
    0.519066128488683E-02
    0.527072660525741E-02
    0.535194392454852E-02
    0.543432981797947E-02
    0.551790109925657E-02
    0.560267482400455E-02
    0.568866829324719E-02
    0.577589905693812E-02
    0.586438491754242E-02
    0.595414393366968E-02
    0.604519442375941E-02
    0.613755496981942E-02
    0.623124442121800E-02
    0.632628189853062E-02
    0.642268679744206E-02
    0.652047879270456E-02
    0.661967784215302E-02
    0.672030419077790E-02
    0.682237837485673E-02
    0.692592122614503E-02
    0.703095387612759E-02
    0.713749776033087E-02
    0.724557462269738E-02
    0.735520652002308E-02
    0.746641582645857E-02
    0.757922523807504E-02
    0.769365777749590E-02
    0.780973679859503E-02
    0.792748599126262E-02
    0.804692938623958E-02
    0.816809136002147E-02
    0.829099663983301E-02
    0.841567030867406E-02
    0.854213781043832E-02
    0.867042495510551E-02
    0.880055792400834E-02
    0.893256327517520E-02
    0.906646794874969E-02
    0.920229927248813E-02
    0.934008496733613E-02
    0.947985315308531E-02
    0.962163235411153E-02
    0.976545150519546E-02
    0.991133995742702E-02
    0.100593274841946E-01
    0.102094442872607E-01
    0.103617210029244E-01
    0.105161887082731E-01
    0.106728789275238E-01
    0.108318236384553E-01
    0.109930552789340E-01
    0.111566067535318E-01
    0.113225114402410E-01
    0.114908031972843E-01
    0.116615163700238E-01
    0.118346857979683E-01
    0.120103468218825E-01
    0.121885352909973E-01
    0.123692875703249E-01
    0.125526405480778E-01
    0.127386316431957E-01
    0.129272988129795E-01
    0.131186805608362E-01
    0.133128159441339E-01
    0.135097445821708E-01
    0.137095066642580E-01
    0.139121429579188E-01
    0.141176948172058E-01
    0.143262041911378E-01
    0.145377136322571E-01
    0.147522663053110E-01
    0.149699059960569E-01
    0.151906771201950E-01
    0.154146247324282E-01
    0.156417945356530E-01
    0.158722328902826E-01
    0.161059868237029E-01
    0.163431040398655E-01
    0.165836329290176E-01
    0.168276225775726E-01
    0.170751227781213E-01
    0.173261840395880E-01
    0.175808575975316E-01
    0.178391954245952E-01
    0.181012502411054E-01
    0.183670755258239E-01
    0.186367255268535E-01
    0.189102552727005E-01
    0.191877205834960E-01
    0.194691780823785E-01
    0.197546852070389E-01
    0.200443002214326E-01
    0.203380822276585E-01
    0.206360911780088E-01
    0.209383878871918E-01
    0.212450340447297E-01
    0.215560922275346E-01
    0.218716259126645E-01
    0.221916994902622E-01
    0.225163782766800E-01
    0.228457285277920E-01
    0.231798174524980E-01
    0.235187132264201E-01
    0.238624850057957E-01
    0.242112029415704E-01
    0.245649381936910E-01
    0.249237629456054E-01
    0.252877504189678E-01
    0.256569748885567E-01
    0.260315116974043E-01
    0.264114372721441E-01
    0.267968291385771E-01
    0.271877659374610E-01
    0.275843274405252E-01
    0.279865945667149E-01
    0.283946493986672E-01
    0.288085751994229E-01
    0.292284564293769E-01
    0.296543787634709E-01
    0.300864291086319E-01
    0.305246956214587E-01
    0.309692677261627E-01
    0.314202361327626E-01
    0.318776928555403E-01
    0.323417312317597E-01
    0.328124459406516E-01
    0.332899330226704E-01
    0.337742898990246E-01
    0.342656153914856E-01
    0.347640097424786E-01
    0.352695746354600E-01
    0.357824132155842E-01
    0.363026301106648E-01
    0.368303314524342E-01
    0.373656248981048E-01
    0.379086196522375E-01
    0.384594264889203E-01
    0.390181577742623E-01
    0.395849274892071E-01
    0.401598512526696E-01
    0.407430463450015E-01
    0.413346317317896E-01
    0.419347280879913E-01
    0.425434578224126E-01
    0.431609451025321E-01
    0.437873158796773E-01
    0.444226979145573E-01
    0.450672208031561E-01
    0.457210160029933E-01
    0.463842168597550E-01
    0.470569586343021E-01
    0.477393785300599E-01
    0.484316157207940E-01
    0.491338113787800E-01
    0.498461087033690E-01
    0.505686529499576E-01
    0.513015914593660E-01
    0.520450736876307E-01
    0.527992512362172E-01
    0.535642778826586E-01
    0.543403096116260E-01
    0.551275046464371E-01
    0.559260234810085E-01
    0.567360289122578E-01
    0.575576860729635E-01
    0.583911624650859E-01
    0.592366279935593E-01
    0.600942550005593E-01
    0.609642183002529E-01
    0.618466952140395E-01
    0.627418656062874E-01
    0.636499119205752E-01
    0.645710192164446E-01
    0.655053752066718E-01
    0.664531702950655E-01
    0.674145976147998E-01
    0.683898530672888E-01
    0.693791353616126E-01
    0.703826460545020E-01
    0.714005895908909E-01
    0.724331733450460E-01
    0.734806076622813E-01
    0.745431059012690E-01
    0.756208844769541E-01
    0.767141629040847E-01
    0.778231638413672E-01
    0.789481131362571E-01
    0.800892398703972E-01
    0.812467764057132E-01
    0.824209584311803E-01
    0.836120250102708E-01
    0.848202186290979E-01
    0.860457852452669E-01
    0.872889743374484E-01
    0.885500389556881E-01
    0.898292357724679E-01
    0.911268251345327E-01
    0.924430711155019E-01
    0.937782415692799E-01
    0.951326081842851E-01
    0.965064465385154E-01
    0.979000361554705E-01
    0.993136605609508E-01
    0.100747607340755E+00
    0.102202168199300E+00
    0.103677639019185E+00
    0.105174319921726E+00
    0.106692515328492E+00
    0.108232534023859E+00
    0.109794689218629E+00
    0.111379298614723E+00
    0.112986684471009E+00
    0.114617173670271E+00
    0.116271097787376E+00
    0.117948793158672E+00
    0.119650600952657E+00
    0.121376867241963E+00
    0.123127943076703E+00
    0.124904184559232E+00
    0.126705952920365E+00
    0.128533614597124E+00
    0.130387541312048E+00
    0.132268110154154E+00
    0.134175703661595E+00
    0.136110709906092E+00
    0.138073522579210E+00
    0.140064541080564E+00
    0.142084170608019E+00
    0.144132822249993E+00
    0.146210913079933E+00
    0.148318866253075E+00
    0.150457111105582E+00
    0.152626083256175E+00
    0.154826224710355E+00
    0.157057983967356E+00
    0.159321816129930E+00
    0.161618183017125E+00
    0.163947553280158E+00
    0.166310402521563E+00
    0.168707213417742E+00
    0.171138475845087E+00
    0.173604687009836E+00
    0.176106351581841E+00
    0.178643981832416E+00
    0.181218097776473E+00
    0.183829227319112E+00
    0.186477906406886E+00
    0.189164679183953E+00
    0.191890098153298E+00
    0.194654724343279E+00
    0.197459127479699E+00
    0.200303886163642E+00
    0.203189588055291E+00
    0.206116830063984E+00
    0.209086218544721E+00
    0.212098369501363E+00
    0.215153908796763E+00
    0.218253472370037E+00
    0.221397706461219E+00
    0.224587267843482E+00
    0.227822824063150E+00
    0.231105053687665E+00
    0.234434646561666E+00
    0.237812304071334E+00
    0.241238739417093E+00
    0.244714677894728E+00
    0.248240857184976E+00
    0.251818027651531E+00
    0.255446952647401E+00
    0.259128408829467E+00
    0.262863186481004E+00
    0.266652089841864E+00
    0.270495937445890E+00
    0.274395562465039E+00
    0.278351813059548E+00
    0.282365552733336E+00
    0.286437660693674E+00
    0.290569032213956E+00
    0.294760578998220E+00
    0.299013229545826E+00
    0.303327929514432E+00
    0.307705642079157E+00
    0.312147348285472E+00
    0.316654047393032E+00
    0.321226757207291E+00
    0.325866514395294E+00
    0.330574374781608E+00
    0.335351413619836E+00
    0.340198725834615E+00
    0.345117426228398E+00
    0.350108649646666E+00
    0.355173551094517E+00
    0.360313305796811E+00
    0.365529109193220E+00
    0.370822176858646E+00
    0.376193744338519E+00
    0.381645066887453E+00
    0.387177419098644E+00
    0.392792094410239E+00
    0.398490404473629E+00
    0.404273678367362E+00
    0.410143261638910E+00
    0.416100515155131E+00
    0.422146813740687E+00
    0.428283544582103E+00
    0.434512105373488E+00
    0.440833902178218E+00
    0.447250346979132E+00
    0.453762854887963E+00
    0.460372840982935E+00
    0.467081716741601E+00
    0.473890886034185E+00
    0.480801740640874E+00
    0.487815655254797E+00
    0.494933981930752E+00
    0.502158043938186E+00
    0.509489128975580E+00
    0.516928481702154E+00
    0.524477295541887E+00
    0.532136703714143E+00
    0.539907769444911E+00
    0.547791475312737E+00
    0.555788711684005E+00
    0.563900264193338E+00
    0.572126800226637E+00
    0.580468854366741E+00
    0.588926812764933E+00
    0.597500896405668E+00
    0.606191143237024E+00
    0.614997389145548E+00
    0.623919247761578E+00
    0.632956089089684E+00
    0.642107016968885E+00
    0.651370845378663E+00
    0.660746073619660E+00
    0.670230860412381E+00
    0.679822996973200E+00
    0.689519879144550E+00
    0.699318478675288E+00
    0.709215313767879E+00
    0.719206419031052E+00
    0.729287314999877E+00
    0.739452977409486E+00
    0.749697806433754E+00
    0.760015596125669E+00
    0.770399504321551E+00
    0.780842023296080E+00
    0.791334951478680E+00
    0.801869366563413E+00
    0.812435600363305E+00
    0.823023215774916E+00
    0.833620986228937E+00
    0.844216878006311E+00
    0.854798035795554E+00
    0.865350771854039E+00
    0.875860559112422E+00
    0.886312028525572E+00
    0.896688970923410E+00
    0.906974343549421E+00
    0.917150281391451E+00
    0.927198113307177E+00
    0.937098382823859E+00
    0.946830873347478E+00
    0.956374637349200E+00
    0.965708028906913E+00
    0.974808738766508E+00
    0.983653830852431E+00
    0.992219778901648E+00
    0.100048250162223E+01
    0.100841739449123E+01
    0.101599935601177E+01
    0.102320280595306E+01
    0.103000169280790E+01
    0.103636948743064E+01
    0.104227915957639E+01
    0.104770313386420E+01
    0.105261322154885E+01
    0.105698052442551E+01
    0.106077530722984E+01
    0.106396683505264E+01
    0.106652317258665E+01
    0.106841094248557E+01
    0.106959504076449E+01
    0.107003830802836E+01
    0.106970115639965E+01
    0.106854115334457E+01
    0.106651256517944E+01
    0.106356586487947E+01
    0.105964721090859E+01
    0.105469790612604E+01
    0.104865384837813E+01
    0.104144498711304E+01
    0.103299480320660E+01
    0.102321983208727E+01
    0.101202925310882E+01
    0.999324570831397E+00
    0.984999416310081E+00
    0.968939498511188E+00
    0.951022737422172E+00
    0.931119611121746E+00
    0.909093748855826E+00
    0.884802800845091E+00
    0.858099612960938E+00
    0.828833730394159E+00
    0.796853248876852E+00
    0.762007024813103E+00
    0.724147246787887E+00
    0.683132360379453E+00
    0.638830326095552E+00
    0.591122176771337E+00
    0.539905826184072E+00
    0.485100065334474E+00
    0.426648667296213E+00
    0.364524506321807E+00
    0.298733582682275E+00
    0.229318832249827E+00
    0.156363589897625E+00
    0.799945691971872E-01
    0.384218431938539E-03
   -0.822476846586847E-01
   -0.167633329122369E+00
   -0.255457173951958E+00
   -0.345357354138665E+00
   -0.436928259524290E+00
   -0.529724324482761E+00
   -0.623265029456118E+00
   -0.717041074245759E+00
   -0.810521639071396E+00
   -0.903162604428290E+00
   -0.994415556633274E+00
   -0.108373736477682E+01
   -0.117060007880847E+01
   -0.125450086986662E+01
   -0.133497171475214E+01
   -0.141158851837230E+01
   -0.148397937234513E+01
   -0.155183166549200E+01
   -0.161489779273359E+01
   -0.167299925228751E+01
   -0.172602897563287E+01
   -0.177395179831900E+01
   -0.181680304955642E+01
   -0.185468531132385E+01
   -0.188776346979496E+01
   -0.191625824944976E+01
   -0.194043847961822E+01
   -0.196061239110458E+01
   -0.197711827425861E+01
   -0.199031484749608E+01
   -0.200057168588720E+01
   -0.200826004313333E+01
   -0.201374436819657E+01
   -0.201737477217451E+01
   -0.201948064469579E+01
   -0.202036555574273E+01
   -0.202030351232817E+01
   -0.201953657387150E+01
   -0.201827376920902E+01
   -0.201669120521251E+01
   -0.201493321453527E+01
   -0.201311435974132E+01
   -0.201132209373820E+01
   -0.200961987182321E+01
   -0.200805051770884E+01
   -0.200663966285439E+01
   -0.200539910303251E+01
   -0.200432994575995E+01
   -0.200342545443079E+01
   -0.200267352727864E+01
   -0.200205877956605E+01
   -0.200156422401764E+01
   -0.200117256636243E+01
   -0.200086714935259E+01
   -0.200063258969839E+01
   -0.200045515834096E+01
   -0.200032295603213E+01
   -0.200022593416389E+01
   -0.200015580614240E+01
   -0.200010588827604E+01
   -0.200007090200487E+01
   -0.200004676205572E+01
   -0.200003036831360E+01
   -0.200001941322585E+01
   -0.200001221160804E+01
   -0.200000755586553E+01
   -0.200000459684042E+01
   -0.200000274862257E+01
   -0.200000161456759E+01
   -0.200000093126921E+01
   -0.200000052717046E+01
   -0.200000029271689E+01
   -0.200000015933568E+01
   -0.200000008497205E+01
   -0.200000004436549E+01
   -0.200000002266235E+01
   -0.200000001131648E+01
   -0.200000000551934E+01
   -0.200000000262672E+01
   -0.200000000121850E+01
   -0.200000000055029E+01
   -0.200000000024161E+01
   -0.200000000010296E+01
   -0.200000000004250E+01
   -0.200000000001695E+01
   -0.200000000000651E+01
   -0.200000000000240E+01
   -0.200000000000084E+01
   -0.200000000000028E+01
   -0.200000000000009E+01
   -0.200000000000002E+01
   -0.200000000000001E+01
   -0.200000000000000E+01
   -0.200000000000000E+01
   -0.200000000000000E+01
   -0.200000000000000E+01
   -0.200000000000000E+01
   -0.200000000000000E+01
   -0.200000000000000E+01
   -0.200000000000000E+01
   -0.200000000000000E+01
   -0.200000000000000E+01
   -0.200000000000000E+01
   -0.200000000000000E+01
   -0.200000000000000E+01
   -0.200000000000000E+01
   -0.200000000000000E+01
   -0.200000000000000E+01
   -0.200000000000000E+01
   -0.200000000000000E+01
   -0.200000000000000E+01
   -0.200000000000000E+01
   -0.200000000000000E+01
   -0.200000000000000E+01
   -0.200000000000000E+01
   -0.200000000000000E+01
   -0.200000000000000E+01
   -0.200000000000000E+01
   -0.200000000000000E+01
   -0.200000000000000E+01
   -0.200000000000000E+01
   -0.200000000000000E+01
   -0.200000000000000E+01
   -0.200000000000000E+01
   -0.200000000000000E+01
   -0.200000000000000E+01
   -0.200000000000000E+01
   -0.200000000000000E+01
   -0.200000000000000E+01
   -0.200000000000000E+01
   -0.200000000000000E+01
   -0.200000000000000E+01
   -0.200000000000000E+01
   -0.200000000000000E+01
   -0.200000000000000E+01
   -0.200000000000000E+01
   -0.200000000000000E+01
   -0.200000000000000E+01
   -0.200000000000000E+01
   -0.200000000000000E+01
   -0.200000000000000E+01
   -0.200000000000000E+01
   -0.200000000000000E+01
   -0.200000000000000E+01
   -0.200000000000000E+01
   -0.200000000000000E+01
   -0.200000000000000E+01
   -0.200000000000000E+01
   -0.200000000000000E+01
   -0.200000000000000E+01
   -0.200000000000000E+01
   -0.200000000000000E+01
   -0.200000000000000E+01
   -0.200000000000000E+01
   -0.200000000000000E+01
   -0.200000000000000E+01
   -0.200000000000000E+01
   -0.200000000000000E+01
   -0.200000000000000E+01
   -0.200000000000000E+01
   -0.200000000000000E+01
   -0.200000000000000E+01
   -0.200000000000000E+01
   -0.200000000000000E+01
   -0.200000000000000E+01
   -0.200000000000000E+01
   -0.200000000000000E+01
   -0.200000000000000E+01
   -0.200000000000000E+01
   -0.200000000000000E+01
   -0.200000000000000E+01
   -0.200000000000000E+01
   -0.200000000000000E+01
   -0.200000000000000E+01
   -0.200000000000000E+01
   -0.200000000000000E+01
   -0.200000000000000E+01
   -0.200000000000000E+01
   -0.200000000000000E+01
   -0.200000000000000E+01
   -0.200000000000000E+01
   -0.200000000000000E+01
   -0.200000000000000E+01
   -0.200000000000000E+01
   -0.200000000000000E+01
   -0.200000000000000E+01
   -0.200000000000000E+01
   -0.200000000000000E+01
   -0.200000000000000E+01
   -0.200000000000000E+01
   -0.200000000000000E+01
   -0.200000000000000E+01
   -0.200000000000000E+01
   -0.200000000000000E+01
   -0.200000000000000E+01
   -0.200000000000000E+01
   -0.200000000000000E+01
   -0.200000000000000E+01
   -0.200000000000000E+01
   -0.200000000000000E+01
   -0.200000000000000E+01
   -0.200000000000000E+01
   -0.200000000000000E+01
   -0.200000000000000E+01
   -0.200000000000000E+01
   -0.200000000000000E+01
   -0.200000000000000E+01
   -0.200000000000000E+01
   -0.200000000000000E+01
   -0.200000000000000E+01
   -0.200000000000000E+01
   -0.200000000000000E+01
   -0.200000000000000E+01
   -0.200000000000000E+01
   -0.200000000000000E+01
   -0.200000000000000E+01
   -0.200000000000000E+01
   -0.200000000000000E+01
   -0.200000000000000E+01
   -0.200000000000000E+01
   -0.200000000000000E+01
   -0.200000000000000E+01
   -0.200000000000000E+01
   -0.200000000000000E+01
   -0.200000000000000E+01
   -0.200000000000000E+01
   -0.200000000000000E+01
   -0.200000000000000E+01
   -0.200000000000000E+01
   -0.200000000000000E+01
   -0.200000000000000E+01
   -0.200000000000000E+01
   -0.200000000000000E+01
   -0.200000000000000E+01
   -0.200000000000000E+01
   -0.200000000000000E+01
   -0.200000000000000E+01
   -0.200000000000000E+01
   -0.200000000000000E+01
   -0.200000000000000E+01
   -0.200000000000000E+01
   -0.200000000000000E+01
   -0.200000000000000E+01
   -0.200000000000000E+01
   -0.200000000000000E+01
   -0.200000000000000E+01
   -0.200000000000000E+01
   -0.200000000000000E+01
   -0.200000000000000E+01
   -0.200000000000000E+01
   -0.200000000000000E+01
   -0.200000000000000E+01
   -0.200000000000000E+01
   -0.200000000000000E+01
   -0.200000000000000E+01
   -0.200000000000000E+01
   -0.200000000000000E+01
   -0.200000000000000E+01
   -0.200000000000000E+01
   -0.200000000000000E+01
   -0.200000000000000E+01
   -0.200000000000000E+01
   -0.200000000000000E+01
   -0.200000000000000E+01
   -0.200000000000000E+01
   -0.200000000000000E+01
   -0.200000000000000E+01
   -0.200000000000000E+01
   -0.200000000000000E+01
   -0.200000000000000E+01
   -0.200000000000000E+01
   -0.200000000000000E+01
   -0.200000000000000E+01
   -0.200000000000000E+01
   -0.200000000000000E+01
   -0.200000000000000E+01
   -0.200000000000000E+01
   -0.200000000000000E+01
   -0.200000000000000E+01
   -0.200000000000000E+01
   -0.200000000000000E+01
   -0.200000000000000E+01
   -0.200000000000000E+01
   -0.200000000000000E+01
   -0.200000000000000E+01
   -0.200000000000000E+01
   -0.200000000000000E+01
   -0.200000000000000E+01
   -0.200000000000000E+01
   -0.200000000000000E+01
   -0.200000000000000E+01
   -0.200000000000000E+01
   -0.200000000000000E+01
   -0.200000000000000E+01
   -0.200000000000000E+01
   -0.200000000000000E+01
   -0.200000000000000E+01
   -0.200000000000000E+01
   -0.200000000000000E+01
   -0.200000000000000E+01
   -0.200000000000000E+01
r*potential (L=1) in Ry
    0.000000000000000E+00
   -0.111738695897296E-04
   -0.225085115275849E-04
   -0.340062390451382E-04
   -0.456693986572994E-04
   -0.575003706412047E-04
   -0.695015695219953E-04
   -0.816754445655864E-04
   -0.940244802785257E-04
   -0.106551196915044E-03
   -0.119258150991403E-03
   -0.132147935807639E-03
   -0.145223181976819E-03
   -0.158486557961913E-03
   -0.171940770620378E-03
   -0.185588565756598E-03
   -0.199432728682256E-03
   -0.213476084784773E-03
   -0.227721500103934E-03
   -0.242171881916797E-03
   -0.256830179331031E-03
   -0.271699383886779E-03
   -0.286782530167192E-03
   -0.302082696417738E-03
   -0.317603005174432E-03
   -0.333346623901090E-03
   -0.349316765635770E-03
   -0.365516689646500E-03
   -0.381949702096450E-03
   -0.398619156718663E-03
   -0.415528455500514E-03
   -0.432681049377993E-03
   -0.450080438939997E-03
   -0.467730175142745E-03
   -0.485633860034477E-03
   -0.503795147490578E-03
   -0.522217743959278E-03
   -0.540905409218083E-03
   -0.559861957141093E-03
   -0.579091256477353E-03
   -0.598597231640408E-03
   -0.618383863509220E-03
   -0.638455190240601E-03
   -0.658815308093346E-03
   -0.679468372264215E-03
   -0.700418597735948E-03
   -0.721670260137480E-03
   -0.743227696616534E-03
   -0.765095306724765E-03
   -0.787277553315648E-03
   -0.809778963455276E-03
   -0.832604129346268E-03
   -0.855757709264971E-03
   -0.879244428512142E-03
   -0.903069080377311E-03
   -0.927236527117024E-03
   -0.951751700947154E-03
   -0.976619605049493E-03
   -0.100184531459283E-02
   -0.102743397776871E-02
   -0.105339081684211E-02
   -0.107972112921723E-02
   -0.110643028851859E-02
   -0.113352374568776E-02
   -0.116100703009574E-02
   -0.118888575067148E-02
   -0.121716559704657E-02
   -0.124585234071639E-02
   -0.127495183621801E-02
   -0.130447002232498E-02
   -0.133441292325939E-02
   -0.136478664992128E-02
   -0.139559740113581E-02
   -0.142685146491836E-02
   -0.145855521975777E-02
   -0.149071513591817E-02
   -0.152333777675937E-02
   -0.155642980007644E-02
   -0.158999795945839E-02
   -0.162404910566654E-02
   -0.165859018803261E-02
   -0.169362825587699E-02
   -0.172917045994742E-02
   -0.176522405387832E-02
   -0.180179639567117E-02
   -0.183889494919617E-02
   -0.187652728571549E-02
   -0.191470108542846E-02
   -0.195342413903900E-02
   -0.199270434934556E-02
   -0.203254973285396E-02
   -0.207296842141349E-02
   -0.211396866387643E-02
   -0.215555882778158E-02
   -0.219774740106189E-02
   -0.224054299377679E-02
   -0.228395433986932E-02
   -0.232799029894862E-02
   -0.237265985809803E-02
   -0.241797213370926E-02
   -0.246393637334285E-02
   -0.251056195761551E-02
   -0.255785840211455E-02
   -0.260583535933984E-02
   -0.265450262067380E-02
   -0.270387011837962E-02
   -0.275394792762833E-02
   -0.280474626855496E-02
   -0.285627550834433E-02
   -0.290854616334686E-02
   -0.296156890122476E-02
   -0.301535454312918E-02
   -0.306991406590862E-02
   -0.312525860434915E-02
   -0.318139945344687E-02
   -0.323834807071302E-02
   -0.329611607851233E-02
   -0.335471526643492E-02
   -0.341415759370244E-02
   -0.347445519160871E-02
   -0.353562036599560E-02
   -0.359766559976441E-02
   -0.366060355542349E-02
   -0.372444707767244E-02
   -0.378920919602356E-02
   -0.385490312746094E-02
   -0.392154227913788E-02
   -0.398914025111306E-02
   -0.405771083912617E-02
   -0.412726803741335E-02
   -0.419782604156326E-02
   -0.426939925141416E-02
   -0.434200227399270E-02
   -0.441564992649502E-02
   -0.449035723931074E-02
   -0.456613945909038E-02
   -0.464301205185703E-02
   -0.472099070616272E-02
   -0.480009133629023E-02
   -0.488033008550095E-02
   -0.496172332932949E-02
   -0.504428767892568E-02
   -0.512803998444470E-02
   -0.521299733848588E-02
   -0.529917707958112E-02
   -0.538659679573338E-02
   -0.547527432800618E-02
   -0.556522777416465E-02
   -0.565647549236908E-02
   -0.574903610492149E-02
   -0.584292850206622E-02
   -0.593817184584516E-02
   -0.603478557400838E-02
   -0.613278940398117E-02
   -0.623220333688804E-02
   -0.633304766163467E-02
   -0.643534295904860E-02
   -0.653911010607944E-02
   -0.664437028005960E-02
   -0.675114496302625E-02
   -0.685945594610553E-02
   -0.696932533395976E-02
   -0.708077554929873E-02
   -0.719382933745583E-02
   -0.730850977103006E-02
   -0.742484025459484E-02
   -0.754284452947450E-02
   -0.766254667858962E-02
   -0.778397113137193E-02
   -0.790714266875012E-02
   -0.803208642820719E-02
   -0.815882790891069E-02
   -0.828739297691677E-02
   -0.841780787044907E-02
   -0.855009920525355E-02
   -0.868429398003043E-02
   -0.882041958194426E-02
   -0.895850379221325E-02
   -0.909857479177902E-02
   -0.924066116705800E-02
   -0.938479191577549E-02
   -0.953099645288373E-02
   -0.967930461656507E-02
   -0.982974667432159E-02
   -0.998235332915227E-02
   -0.101371557258191E-01
   -0.102941854572031E-01
   -0.104534745707526E-01
   -0.106150555750230E-01
   -0.107789614463117E-01
   -0.109452256353882E-01
   -0.111138820743210E-01
   -0.112849651834023E-01
   -0.114585098781733E-01
   -0.116345515765499E-01
   -0.118131262060505E-01
   -0.119942702111293E-01
   -0.121780205606135E-01
   -0.123644147552485E-01
   -0.125534908353511E-01
   -0.127452873885734E-01
   -0.129398435577780E-01
   -0.131371990490264E-01
   -0.133373941396831E-01
   -0.135404696866349E-01
   -0.137464671346304E-01
   -0.139554285247376E-01
   -0.141673965029244E-01
   -0.143824143287621E-01
   -0.146005258842546E-01
   -0.148217756827935E-01
   -0.150462088782439E-01
   -0.152738712741590E-01
   -0.155048093331285E-01
   -0.157390701862614E-01
   -0.159767016428048E-01
   -0.162177521999015E-01
   -0.164622710524879E-01
   -0.167103081033341E-01
   -0.169619139732288E-01
   -0.172171400113109E-01
   -0.174760383055492E-01
   -0.177386616933731E-01
   -0.180050637724570E-01
   -0.182752989116585E-01
   -0.185494222621155E-01
   -0.188274897685019E-01
   -0.191095581804455E-01
   -0.193956850641109E-01
   -0.196859288139482E-01
   -0.199803486646112E-01
   -0.202790047030469E-01
   -0.205819578807593E-01
   -0.208892700262498E-01
   -0.212010038576355E-01
   -0.215172229954509E-01
   -0.218379919756323E-01
   -0.221633762626897E-01
   -0.224934422630685E-01
   -0.228282573387030E-01
   -0.231678898207650E-01
   -0.235124090236108E-01
   -0.238618852589287E-01
   -0.242163898500893E-01
   -0.245759951467037E-01
   -0.249407745393905E-01
   -0.253108024747552E-01
   -0.256861544705853E-01
   -0.260669071312650E-01
   -0.264531381634099E-01
   -0.268449263917288E-01
   -0.272423517751125E-01
   -0.276454954229546E-01
   -0.280544396117072E-01
   -0.284692678016747E-01
   -0.288900646540503E-01
   -0.293169160481962E-01
   -0.297499090991738E-01
   -0.301891321755259E-01
   -0.306346749173147E-01
   -0.310866282544197E-01
   -0.315450844250990E-01
   -0.320101369948181E-01
   -0.324818808753489E-01
   -0.329604123441448E-01
   -0.334458290639944E-01
   -0.339382301029575E-01
   -0.344377159545895E-01
   -0.349443885584557E-01
   -0.354583513209418E-01
   -0.359797091363641E-01
   -0.365085684083832E-01
   -0.370450370717266E-01
   -0.375892246142239E-01
   -0.381412420991595E-01
   -0.387012021879470E-01
   -0.392692191631310E-01
   -0.398454089517187E-01
   -0.404298891488495E-01
   -0.410227790418041E-01
   -0.416241996343600E-01
   -0.422342736714982E-01
   -0.428531256644656E-01
   -0.434808819161983E-01
   -0.441176705471116E-01
   -0.447636215212617E-01
   -0.454188666728838E-01
   -0.460835397333138E-01
   -0.467577763582967E-01
   -0.474417141556898E-01
   -0.481354927135643E-01
   -0.488392536287127E-01
   -0.495531405355669E-01
   -0.502772991355333E-01
   -0.510118772267507E-01
   -0.517570247342777E-01
   -0.525128937407150E-01
   -0.532796385172699E-01
   -0.540574155552682E-01
   -0.548463835981212E-01
   -0.556467036737536E-01
   -0.564585391274996E-01
   -0.572820556554731E-01
   -0.581174213384199E-01
   -0.589648066760582E-01
   -0.598243846219149E-01
   -0.606963306186651E-01
   -0.615808226339808E-01
   -0.624780411968980E-01
   -0.633881694347091E-01
   -0.643113931103873E-01
   -0.652479006605521E-01
   -0.661978832339829E-01
   -0.671615347306895E-01
   -0.681390518415466E-01
   -0.691306340885010E-01
   -0.701364838653605E-01
   -0.711568064791719E-01
   -0.721918101921971E-01
   -0.732417062644964E-01
   -0.743067089971278E-01
   -0.753870357759702E-01
   -0.764829071161815E-01
   -0.775945467072994E-01
   -0.787221814589947E-01
   -0.798660415474868E-01
   -0.810263604626314E-01
   -0.822033750556891E-01
   -0.833973255877861E-01
   -0.846084557790770E-01
   -0.858370128586185E-01
   -0.870832476149666E-01
   -0.883474144475063E-01
   -0.896297714185254E-01
   -0.909305803060422E-01
   -0.922501066574001E-01
   -0.935886198436379E-01
   -0.949463931146493E-01
   -0.963237036551415E-01
   -0.977208326414060E-01
   -0.991380652989126E-01
   -0.100575690960738E+00
   -0.102034003126845E+00
   -0.103513299524217E+00
   -0.105013882167869E+00
   -0.106536057422744E+00
   -0.108080136066504E+00
   -0.109646433353237E+00
   -0.111235269078087E+00
   -0.112846967642819E+00
   -0.114481858122342E+00
   -0.116140274332190E+00
   -0.117822554896991E+00
   -0.119529043319922E+00
   -0.121260088053178E+00
   -0.123016042569458E+00
   -0.124797265434495E+00
   -0.126604120380629E+00
   -0.128436976381458E+00
   -0.130296207727563E+00
   -0.132182194103333E+00
   -0.134095320664906E+00
   -0.136035978119233E+00
   -0.138004562804294E+00
   -0.140001476770469E+00
   -0.142027127863087E+00
   -0.144081929806169E+00
   -0.146166302287380E+00
   -0.148280671044208E+00
   -0.150425467951378E+00
   -0.152601131109538E+00
   -0.154808104935204E+00
   -0.157046840252014E+00
   -0.159317794383278E+00
   -0.161621431245859E+00
   -0.163958221445395E+00
   -0.166328642372883E+00
   -0.168733178302633E+00
   -0.171172320491620E+00
   -0.173646567280240E+00
   -0.176156424194495E+00
   -0.178702404049615E+00
   -0.181285027055136E+00
   -0.183904820921461E+00
   -0.186562320967890E+00
   -0.189258070232170E+00
   -0.191992619581548E+00
   -0.194766527825368E+00
   -0.197580361829197E+00
   -0.200434696630519E+00
   -0.203330115555993E+00
   -0.206267210340290E+00
   -0.209246581246522E+00
   -0.212268837188265E+00
   -0.215334595853198E+00
   -0.218444483828345E+00
   -0.221599136726946E+00
   -0.224799199316943E+00
   -0.228045325651099E+00
   -0.231338179198739E+00
   -0.234678432979116E+00
   -0.238066769696396E+00
   -0.241503881876268E+00
   -0.244990472004144E+00
   -0.248527252664971E+00
   -0.252114946684613E+00
   -0.255754287272799E+00
   -0.259446018167614E+00
   -0.263190893781503E+00
   -0.266989679348769E+00
   -0.270843151074515E+00
   -0.274752096285006E+00
   -0.278717313579398E+00
   -0.282739612982787E+00
   -0.286819816100524E+00
   -0.290958756273723E+00
   -0.295157278735905E+00
   -0.299416240770690E+00
   -0.303736511870459E+00
   -0.308118973895876E+00
   -0.312564521236182E+00
   -0.317074060970136E+00
   -0.321648513027475E+00
   -0.326288810350762E+00
   -0.330995899057454E+00
   -0.335770738602055E+00
   -0.340614301938134E+00
   -0.345527575680045E+00
   -0.350511560264126E+00
   -0.355567270109136E+00
   -0.360695733775697E+00
   -0.365897994124459E+00
   -0.371175108472705E+00
   -0.376528148749068E+00
   -0.381958201646039E+00
   -0.387466368769879E+00
   -0.393053766787564E+00
   -0.398721527570316E+00
   -0.404470798333282E+00
   -0.410302741770869E+00
   -0.416218536187204E+00
   -0.422219375621173E+00
   -0.428306469965424E+00
   -0.434481045078699E+00
   -0.440744342890809E+00
   -0.447097621499522E+00
   -0.453542155258578E+00
   -0.460079234855999E+00
   -0.466710167381812E+00
   -0.473436276384241E+00
   -0.480258901913361E+00
   -0.487179400551149E+00
   -0.494199145426818E+00
   -0.501319526216212E+00
   -0.508541949124011E+00
   -0.515867836847406E+00
   -0.523298628519810E+00
   -0.530835779633128E+00
   -0.538480761936996E+00
   -0.546235063313322E+00
   -0.554100187624399E+00
   -0.562077654532722E+00
   -0.570168999290607E+00
   -0.578375772497569E+00
   -0.586699539823349E+00
   -0.595141881694376E+00
   -0.603704392941345E+00
   -0.612388682405515E+00
   -0.621196372501205E+00
   -0.630129098731902E+00
   -0.639188509157262E+00
   -0.648376263808239E+00
   -0.657694034047429E+00
   -0.667143501871689E+00
   -0.676726359153960E+00
   -0.686444306821176E+00
   -0.696299053965069E+00
   -0.706292316882604E+00
   -0.716425818042746E+00
   -0.726701284976221E+00
   -0.737120449084890E+00
   -0.747685044367376E+00
   -0.758396806057562E+00
   -0.769257469172618E+00
   -0.780268766967276E+00
   -0.791432429291117E+00
   -0.802750180845761E+00
   -0.814223739338954E+00
   -0.825854813532731E+00
   -0.837645101183008E+00
   -0.849596286868188E+00
   -0.861710039704654E+00
   -0.873988010947318E+00
   -0.886431831473752E+00
   -0.899043109150844E+00
   -0.911823426083363E+00
   -0.924774335744340E+00
   -0.937897359987700E+00
   -0.951193985944231E+00
   -0.964665662802598E+00
   -0.978313798477879E+00
   -0.992139756170820E+00
   -0.100614485082187E+01
   -0.102033034546488E+01
   -0.103469744748637E+01
   -0.104924730479697E+01
   -0.106398100192295E+01
   -0.107889955602642E+01
   -0.109400391286402E+01
   -0.110929494269466E+01
   -0.112477343614800E+01
   -0.114044010006614E+01
   -0.115629555333188E+01
   -0.117234032269737E+01
   -0.118857483862782E+01
   -0.120499943117503E+01
   -0.122161432589571E+01
   -0.123841963982940E+01
   -0.125541537755013E+01
   -0.127260142730532E+01
   -0.128997755725355E+01
   -0.130754341181134E+01
   -0.132529850811614E+01
   -0.134324223260942E+01
   -0.136137383773983E+01
   -0.137969243878083E+01
   -0.139819701075163E+01
   -0.141688638542239E+01
   -0.143575924837661E+01
   -0.145481413609331E+01
   -0.147404943300042E+01
   -0.149346336843769E+01
   -0.151305401345259E+01
   -0.153281927733642E+01
   -0.155275690378905E+01
   -0.157286446658072E+01
   -0.159313936455670E+01
   -0.161357881580653E+01
   -0.163417985079320E+01
   -0.165493930420955E+01
   -0.167585380529956E+01
   -0.169691976635063E+01
   -0.171813336903088E+01
   -0.173949054821197E+01
   -0.176098697288456E+01
   -0.178261802374020E+01
   -0.180437876696125E+01
   -0.182626392373027E+01
   -0.184826783494270E+01
   -0.187038442058388E+01
   -0.189260713321340E+01
   -0.191492890498977E+01
   -0.193734208766623E+01
   -0.195983838499807E+01
   -0.198240877702398E+01
   -0.200504343572090E+01
   -0.202773163158759E+01
   -0.205046163078703E+01
   -0.207322058257650E+01
   -0.209599439687827E+01
   -0.211876761199648E+01
   -0.214152325266946E+01
   -0.216424267886398E+01
   -0.218690542597060E+01
   -0.220948903734950E+01
   -0.223196889050474E+01
   -0.225431801853196E+01
   -0.227650692889040E+01
   -0.229850342199219E+01
   -0.232027241257749E+01
   -0.234177575734907E+01
   -0.236297209286730E+01
   -0.238381668824886E+01
   -0.240426131775820E+01
   -0.242425415891845E+01
   -0.244373972228163E+01
   -0.246265881946960E+01
   -0.248094857650615E+01
   -0.249854249978501E+01
   -0.251537060223194E+01
   -0.253135959729528E+01
   -0.254643316830921E+01
   -0.256051232048756E+01
   -0.257351582229402E+01
   -0.258536074216796E+01
   -0.259596308553651E+01
   -0.260523853569001E+01
   -0.261310330042099E+01
   -0.261947506431442E+01
   -0.262427404422577E+01
   -0.262742414280171E+01
   -0.262885419190387E+01
   -0.262849927452529E+01
   -0.262630211028926E+01
   -0.262221448596052E+01
   -0.261619870866261E+01
   -0.260822905578789E+01
   -0.259829319202795E+01
   -0.258639352068326E+01
   -0.257254843358131E+01
   -0.255679342171000E+01
   -0.253918200722417E+01
   -0.251978645698178E+01
   -0.249869823837426E+01
   -0.247602818008291E+01
   -0.245190630364460E+01
   -0.242648129643641E+01
   -0.239991960293705E+01
   -0.237240411888631E+01
   -0.234413248217303E+01
   -0.231531496479718E+01
   -0.228617198185823E+01
   -0.225693124592787E+01
   -0.222782460800154E+01
   -0.219908463905218E+01
   -0.217094101853322E+01
   -0.214361680745271E+01
   -0.211732469330196E+01
   -0.209226330160431E+01
   -0.206861367361902E+01
   -0.204653601131858E+01
   -0.202616678877784E+01
   -0.200761632331848E+01
   -0.199096689004722E+01
   -0.197627144989543E+01
   -0.196355304419003E+01
   -0.195280488864403E+01
   -0.194399117712646E+01
   -0.193704858151354E+01
   -0.193188840933783E+01
   -0.192839935694611E+01
   -0.192645077360081E+01
   -0.192589633254950E+01
   -0.192657798958862E+01
   -0.192833009895374E+01
   -0.193098355114930E+01
   -0.193436979798117E+01
   -0.193832463665494E+01
   -0.194269163709654E+01
   -0.194732511404960E+01
   -0.195209256710929E+01
   -0.195687653651089E+01
   -0.196157584885846E+01
   -0.196610625361105E+01
   -0.197040047658916E+01
   -0.197440773966623E+01
   -0.197809281499719E+01
   -0.198143469670444E+01
   -0.198442498230972E+01
   -0.198706606014739E+01
   -0.198936919765969E+01
   -0.199135261933570E+01
   -0.199303965287710E+01
   -0.199445700893268E+01
   -0.199563324454615E+01
   -0.199659744444603E+01
   -0.199737813855806E+01
   -0.199800245958910E+01
   -0.199849553197314E+01
   -0.199888007340683E+01
   -0.199917618290759E+01
   -0.199940128483754E+01
   -0.199957019647374E+01
   -0.199969528712985E+01
   -0.199978669908940E+01
   -0.199985260418677E+01
   -0.199989947425098E+01
   -0.199993234833581E+01
   -0.199995508429351E+01
   -0.199997058650011E+01
   -0.199998100519938E+01
   -0.199998790588770E+01
   -0.199999240938551E+01
   -0.199999530477198E+01
   -0.199999713828229E+01
   -0.199999828169310E+01
   -0.199999898377166E+01
   -0.199999940815266E+01
   -0.199999966063702E+01
   -0.199999980845975E+01
   -0.199999989361134E+01
   -0.199999994186178E+01
   -0.199999996875062E+01
   -0.199999998348400E+01
   -0.199999999141956E+01
   -0.199999999561977E+01
   -0.199999999780370E+01
   -0.199999999891882E+01
   -0.199999999947772E+01
   -0.199999999975256E+01
   -0.199999999988509E+01
   -0.199999999994773E+01
   -0.199999999997672E+01
   -0.199999999998986E+01
   -0.199999999999568E+01
   -0.199999999999821E+01
   -0.199999999999927E+01
   -0.199999999999971E+01
   -0.199999999999989E+01
   -0.199999999999996E+01
   -0.199999999999998E+01
   -0.199999999999999E+01
   -0.200000000000000E+01
   -0.200000000000000E+01
   -0.200000000000000E+01
   -0.200000000000000E+01
   -0.200000000000000E+01
   -0.200000000000000E+01
   -0.200000000000000E+01
   -0.200000000000000E+01
   -0.200000000000000E+01
   -0.200000000000000E+01
   -0.200000000000000E+01
   -0.200000000000000E+01
   -0.200000000000000E+01
   -0.200000000000000E+01
   -0.200000000000000E+01
   -0.200000000000000E+01
   -0.200000000000000E+01
   -0.200000000000000E+01
   -0.200000000000000E+01
   -0.200000000000000E+01
   -0.200000000000000E+01
   -0.200000000000000E+01
   -0.200000000000000E+01
   -0.200000000000000E+01
   -0.200000000000000E+01
   -0.200000000000000E+01
   -0.200000000000000E+01
   -0.200000000000000E+01
   -0.200000000000000E+01
   -0.200000000000000E+01
   -0.200000000000000E+01
   -0.200000000000000E+01
   -0.200000000000000E+01
   -0.200000000000000E+01
   -0.200000000000000E+01
   -0.200000000000000E+01
   -0.200000000000000E+01
   -0.200000000000000E+01
   -0.200000000000000E+01
   -0.200000000000000E+01
   -0.200000000000000E+01
   -0.200000000000000E+01
   -0.200000000000000E+01
   -0.200000000000000E+01
   -0.200000000000000E+01
   -0.200000000000000E+01
   -0.200000000000000E+01
   -0.200000000000000E+01
   -0.200000000000000E+01
   -0.200000000000000E+01
   -0.200000000000000E+01
   -0.200000000000000E+01
   -0.200000000000000E+01
   -0.200000000000000E+01
   -0.200000000000000E+01
   -0.200000000000000E+01
   -0.200000000000000E+01
   -0.200000000000000E+01
   -0.200000000000000E+01
   -0.200000000000000E+01
   -0.200000000000000E+01
   -0.200000000000000E+01
   -0.200000000000000E+01
   -0.200000000000000E+01
   -0.200000000000000E+01
   -0.200000000000000E+01
   -0.200000000000000E+01
   -0.200000000000000E+01
   -0.200000000000000E+01
   -0.200000000000000E+01
   -0.200000000000000E+01
   -0.200000000000000E+01
   -0.200000000000000E+01
   -0.200000000000000E+01
   -0.200000000000000E+01
   -0.200000000000000E+01
   -0.200000000000000E+01
   -0.200000000000000E+01
   -0.200000000000000E+01
   -0.200000000000000E+01
   -0.200000000000000E+01
   -0.200000000000000E+01
   -0.200000000000000E+01
   -0.200000000000000E+01
   -0.200000000000000E+01
   -0.200000000000000E+01
   -0.200000000000000E+01
   -0.200000000000000E+01
   -0.200000000000000E+01
   -0.200000000000000E+01
   -0.200000000000000E+01
   -0.200000000000000E+01
   -0.200000000000000E+01
   -0.200000000000000E+01
   -0.200000000000000E+01
   -0.200000000000000E+01
   -0.200000000000000E+01
   -0.200000000000000E+01
   -0.200000000000000E+01
   -0.200000000000000E+01
   -0.200000000000000E+01
   -0.200000000000000E+01
   -0.200000000000000E+01
   -0.200000000000000E+01
   -0.200000000000000E+01
   -0.200000000000000E+01
   -0.200000000000000E+01
   -0.200000000000000E+01
   -0.200000000000000E+01
   -0.200000000000000E+01
   -0.200000000000000E+01
   -0.200000000000000E+01
   -0.200000000000000E+01
   -0.200000000000000E+01
   -0.200000000000000E+01
   -0.200000000000000E+01
   -0.200000000000000E+01
   -0.200000000000000E+01
   -0.200000000000000E+01
   -0.200000000000000E+01
   -0.200000000000000E+01
   -0.200000000000000E+01
   -0.200000000000000E+01
   -0.200000000000000E+01
   -0.200000000000000E+01
   -0.200000000000000E+01
   -0.200000000000000E+01
   -0.200000000000000E+01
   -0.200000000000000E+01
   -0.200000000000000E+01
   -0.200000000000000E+01
   -0.200000000000000E+01
   -0.200000000000000E+01
   -0.200000000000000E+01
   -0.200000000000000E+01
   -0.200000000000000E+01
   -0.200000000000000E+01
   -0.200000000000000E+01
   -0.200000000000000E+01
   -0.200000000000000E+01
   -0.200000000000000E+01
   -0.200000000000000E+01
   -0.200000000000000E+01
   -0.200000000000000E+01
   -0.200000000000000E+01
   -0.200000000000000E+01
   -0.200000000000000E+01
   -0.200000000000000E+01
   -0.200000000000000E+01
   -0.200000000000000E+01
   -0.200000000000000E+01
   -0.200000000000000E+01
   -0.200000000000000E+01
   -0.200000000000000E+01
   -0.200000000000000E+01
   -0.200000000000000E+01
   -0.200000000000000E+01
   -0.200000000000000E+01
   -0.200000000000000E+01
   -0.200000000000000E+01
   -0.200000000000000E+01
   -0.200000000000000E+01
   -0.200000000000000E+01
   -0.200000000000000E+01
   -0.200000000000000E+01
   -0.200000000000000E+01
   -0.200000000000000E+01
   -0.200000000000000E+01
   -0.200000000000000E+01
   -0.200000000000000E+01
   -0.200000000000000E+01
   -0.200000000000000E+01
   -0.200000000000000E+01
   -0.200000000000000E+01
   -0.200000000000000E+01
   -0.200000000000000E+01
   -0.200000000000000E+01
   -0.200000000000000E+01
   -0.200000000000000E+01
   -0.200000000000000E+01
   -0.200000000000000E+01
   -0.200000000000000E+01
   -0.200000000000000E+01
   -0.200000000000000E+01
   -0.200000000000000E+01
   -0.200000000000000E+01
   -0.200000000000000E+01
   -0.200000000000000E+01
   -0.200000000000000E+01
   -0.200000000000000E+01
   -0.200000000000000E+01
   -0.200000000000000E+01
   -0.200000000000000E+01
   -0.200000000000000E+01
   -0.200000000000000E+01
   -0.200000000000000E+01
   -0.200000000000000E+01
   -0.200000000000000E+01
   -0.200000000000000E+01
   -0.200000000000000E+01
   -0.200000000000000E+01
   -0.200000000000000E+01
   -0.200000000000000E+01
   -0.200000000000000E+01
   -0.200000000000000E+01
   -0.200000000000000E+01
   -0.200000000000000E+01
r*potential (L=2) in Ry
    0.000000000000000E+00
   -0.743160705341254E-05
   -0.149701418731400E-04
   -0.226171429618409E-04
   -0.303741709585236E-04
   -0.382428089570493E-04
   -0.462246628292179E-04
   -0.543213615525027E-04
   -0.625345575425004E-04
   -0.708659269901643E-04
   -0.793171702038900E-04
   -0.878900119565231E-04
   -0.965862018373598E-04
   -0.105407514609212E-03
   -0.114355750570608E-03
   -0.123432735923212E-03
   -0.132640323144517E-03
   -0.141980391365914E-03
   -0.151454846756193E-03
   -0.161065622910563E-03
   -0.170814681245269E-03
   -0.180704011397890E-03
   -0.190735631633394E-03
   -0.200911589256036E-03
   -0.211233961027178E-03
   -0.221704853589133E-03
   -0.232326403895092E-03
   -0.243100779645249E-03
   -0.254030179729194E-03
   -0.265116834674674E-03
   -0.276363007102812E-03
   -0.287770992189871E-03
   -0.299343118135670E-03
   -0.311081746638728E-03
   -0.322989273378260E-03
   -0.335068128503094E-03
   -0.347320777127627E-03
   -0.359749719834923E-03
   -0.372357493187041E-03
   -0.385146670242712E-03
   -0.398119861082459E-03
   -0.411279713341279E-03
   -0.424628912748983E-03
   -0.438170183678314E-03
   -0.451906289700954E-03
   -0.465840034151522E-03
   -0.479974260699700E-03
   -0.494311853930576E-03
   -0.508855739933351E-03
   -0.523608886898507E-03
   -0.538574305723573E-03
   -0.553755050627600E-03
   -0.569154219774487E-03
   -0.584774955905265E-03
   -0.600620446979489E-03
   -0.616693926825848E-03
   -0.632998675802144E-03
   -0.649538021464764E-03
   -0.666315339247784E-03
   -0.683334053151846E-03
   -0.700597636442944E-03
   -0.718109612361267E-03
   -0.735873554840240E-03
   -0.753893089235909E-03
   -0.772171893066825E-03
   -0.790713696764568E-03
   -0.809522284435073E-03
   -0.828601494630912E-03
   -0.847955221134684E-03
   -0.867587413753676E-03
   -0.887502079125964E-03
   -0.907703281538105E-03
   -0.928195143754599E-03
   -0.948981847859281E-03
   -0.970067636108829E-03
   -0.991456811798536E-03
   -0.101315374014056E-02
   -0.103516284915478E-02
   -0.105748863057251E-02
   -0.108013564075320E-02
   -0.110310850161427E-02
   -0.112641190157446E-02
   -0.115005059651057E-02
   -0.117402941072814E-02
   -0.119835323794598E-02
   -0.122302704229494E-02
   -0.124805585933096E-02
   -0.127344479706279E-02
   -0.129919903699447E-02
   -0.132532383518277E-02
   -0.135182452330988E-02
   -0.137870650977152E-02
   -0.140597528078076E-02
   -0.143363640148760E-02
   -0.146169551711480E-02
   -0.149015835410993E-02
   -0.151903072131412E-02
   -0.154831851114748E-02
   -0.157802770081173E-02
   -0.160816435351000E-02
   -0.163873461968427E-02
   -0.166974473827060E-02
   -0.170120103797234E-02
   -0.173310993855180E-02
   -0.176547795214037E-02
   -0.179831168456761E-02
   -0.183161783670934E-02
   -0.186540320585520E-02
   -0.189967468709593E-02
   -0.193443927473050E-02
   -0.196970406369356E-02
   -0.200547625100340E-02
   -0.204176313723080E-02
   -0.207857212798890E-02
   -0.211591073544463E-02
   -0.215378657985181E-02
   -0.219220739110635E-02
   -0.223118101032376E-02
   -0.227071539143947E-02
   -0.231081860283207E-02
   -0.235149882896995E-02
   -0.239276437208164E-02
   -0.243462365385017E-02
   -0.247708521713182E-02
   -0.252015772769956E-02
   -0.256384997601165E-02
   -0.260817087900560E-02
   -0.265312948191804E-02
   -0.269873496013065E-02
   -0.274499662104279E-02
   -0.279192390597095E-02
   -0.283952639207562E-02
   -0.288781379431583E-02
   -0.293679596743185E-02
   -0.298648290795635E-02
   -0.303688475625463E-02
   -0.308801179859403E-02
   -0.313987446924327E-02
   -0.319248335260191E-02
   -0.324584918536046E-02
   -0.329998285869163E-02
   -0.335489542047298E-02
   -0.341059807754171E-02
   -0.346710219798179E-02
   -0.352441931344398E-02
   -0.358256112149933E-02
   -0.364153948802647E-02
   -0.370136644963323E-02
   -0.376205421611319E-02
   -0.382361517293750E-02
   -0.388606188378257E-02
   -0.394940709309415E-02
   -0.401366372868827E-02
   -0.407884490438966E-02
   -0.414496392270807E-02
   -0.421203427755312E-02
   -0.428006965698821E-02
   -0.434908394602411E-02
   -0.441909122945262E-02
   -0.449010579472115E-02
   -0.456214213484854E-02
   -0.463521495138291E-02
   -0.470933915740202E-02
   -0.478452988055683E-02
   -0.486080246615887E-02
   -0.493817248031197E-02
   -0.501665571308909E-02
   -0.509626818175491E-02
   -0.517702613403466E-02
   -0.525894605143012E-02
   -0.534204465258323E-02
   -0.542633889668819E-02
   -0.551184598695255E-02
   -0.559858337410820E-02
   -0.568656875997281E-02
   -0.577582010106253E-02
   -0.586635561225671E-02
   -0.595819377051530E-02
   -0.605135331864978E-02
   -0.614585326914828E-02
   -0.624171290805585E-02
   -0.633895179891044E-02
   -0.643758978673562E-02
   -0.653764700209068E-02
   -0.663914386517902E-02
   -0.674210109001571E-02
   -0.684653968865490E-02
   -0.695248097547820E-02
   -0.705994657154462E-02
   -0.716895840900327E-02
   -0.727953873556936E-02
   -0.739171011906477E-02
   -0.750549545202388E-02
   -0.762091795636565E-02
   -0.773800118813300E-02
   -0.785676904230032E-02
   -0.797724575765020E-02
   -0.809945592172030E-02
   -0.822342447582142E-02
   -0.834917672012779E-02
   -0.847673831884056E-02
   -0.860613530542564E-02
   -0.873739408792690E-02
   -0.887054145435577E-02
   -0.900560457815850E-02
   -0.914261102376198E-02
   -0.928158875219943E-02
   -0.942256612681704E-02
   -0.956557191906267E-02
   -0.971063531435796E-02
   -0.985778591805481E-02
   -0.100070537614777E-01
   -0.101584693080527E-01
   -0.103120634595253E-01
   -0.104678675622669E-01
   -0.106259134136724E-01
   -0.107862332686503E-01
   -0.109488598462054E-01
   -0.111138263361169E-01
   -0.112811664057122E-01
   -0.114509142067382E-01
   -0.116231043823319E-01
   -0.117977720740906E-01
   -0.119749529292448E-01
   -0.121546831079331E-01
   -0.123369992905831E-01
   -0.125219386853976E-01
   -0.127095390359489E-01
   -0.128998386288824E-01
   -0.130928763017310E-01
   -0.132886914508417E-01
   -0.134873240394172E-01
   -0.136888146056720E-01
   -0.138932042711069E-01
   -0.141005347489017E-01
   -0.143108483524298E-01
   -0.145241880038945E-01
   -0.147405972430896E-01
   -0.149601202362866E-01
   -0.151828017852498E-01
   -0.154086873363804E-01
   -0.156378229899933E-01
   -0.158702555097264E-01
   -0.161060323320863E-01
   -0.163452015761309E-01
   -0.165878120532913E-01
   -0.168339132773353E-01
   -0.170835554744743E-01
   -0.173367895936159E-01
   -0.175936673167637E-01
   -0.178542410695671E-01
   -0.181185640320231E-01
   -0.183866901493318E-01
   -0.186586741429085E-01
   -0.189345715215545E-01
   -0.192144385927884E-01
   -0.194983324743408E-01
   -0.197863111058142E-01
   -0.200784332605116E-01
   -0.203747585574347E-01
   -0.206753474734550E-01
   -0.209802613556603E-01
   -0.212895624338794E-01
   -0.216033138333869E-01
   -0.219215795877905E-01
   -0.222444246521049E-01
   -0.225719149160134E-01
   -0.229041172173209E-01
   -0.232410993556002E-01
   -0.235829301060358E-01
   -0.239296792334664E-01
   -0.242814175066300E-01
   -0.246382167126145E-01
   -0.250001496715163E-01
   -0.253672902513100E-01
   -0.257397133829333E-01
   -0.261174950755881E-01
   -0.265007124322633E-01
   -0.268894436654806E-01
   -0.272837681132680E-01
   -0.276837662553630E-01
   -0.280895197296498E-01
   -0.285011113488337E-01
   -0.289186251173556E-01
   -0.293421462485510E-01
   -0.297717611820561E-01
   -0.302075576014651E-01
   -0.306496244522428E-01
   -0.310980519598948E-01
   -0.315529316484008E-01
   -0.320143563589138E-01
   -0.324824202687287E-01
   -0.329572189105253E-01
   -0.334388491918894E-01
   -0.339274094151152E-01
   -0.344229992972940E-01
   -0.349257199906936E-01
   -0.354356741034314E-01
   -0.359529657204467E-01
   -0.364777004247762E-01
   -0.370099853191370E-01
   -0.375499290478214E-01
   -0.380976418189088E-01
   -0.386532354267986E-01
   -0.392168232750695E-01
   -0.397885203996688E-01
   -0.403684434924385E-01
   -0.409567109249809E-01
   -0.415534427728706E-01
   -0.421587608402168E-01
   -0.427727886845816E-01
   -0.433956516422596E-01
   -0.440274768539235E-01
   -0.446683932906419E-01
   -0.453185317802746E-01
   -0.459780250342507E-01
   -0.466470076747353E-01
   -0.473256162621903E-01
   -0.480139893233365E-01
   -0.487122673795207E-01
   -0.494205929754958E-01
   -0.501391107086192E-01
   -0.508679672584756E-01
   -0.516073114169310E-01
   -0.523572941186242E-01
   -0.531180684719021E-01
   -0.538897897902056E-01
   -0.546726156239134E-01
   -0.554667057926492E-01
   -0.562722224180611E-01
   -0.570893299570788E-01
   -0.579181952356562E-01
   -0.587589874830078E-01
   -0.596118783663445E-01
   -0.604770420261179E-01
   -0.613546551117801E-01
   -0.622448968180670E-01
   -0.631479489218133E-01
   -0.640639958193065E-01
   -0.649932245641894E-01
   -0.659358249059182E-01
   -0.668919893287858E-01
   -0.678619130915178E-01
   -0.688457942674514E-01
   -0.698438337853048E-01
   -0.708562354705470E-01
   -0.718832060873773E-01
   -0.729249553813234E-01
   -0.739816961224678E-01
   -0.750536441493131E-01
   -0.761410184132944E-01
   -0.772440410239509E-01
   -0.783629372947649E-01
   -0.794979357896804E-01
   -0.806492683703105E-01
   -0.818171702438459E-01
   -0.830018800116729E-01
   -0.842036397187156E-01
   -0.854226949035098E-01
   -0.866592946490235E-01
   -0.879136916342331E-01
   -0.891861421864684E-01
   -0.904769063345389E-01
   -0.917862478626523E-01
   -0.931144343651389E-01
   -0.944617373019936E-01
   -0.958284320552496E-01
   -0.972147979861951E-01
   -0.986211184934480E-01
   -0.100047681071901E+00
   -0.101494777372550E+00
   -0.102962703263224E+00
   -0.104451758890222E+00
   -0.105962248740879E+00
   -0.107494481707076E+00
   -0.109048771149698E+00
   -0.110625434964067E+00
   -0.112224795646362E+00
   -0.113847180361030E+00
   -0.115492921009226E+00
   -0.117162354298267E+00
   -0.118855821812149E+00
   -0.120573670083112E+00
   -0.122316250664290E+00
   -0.124083920203455E+00
   -0.125877040517863E+00
   -0.127695978670231E+00
   -0.129541107045855E+00
   -0.131412803430882E+00
   -0.133311451091758E+00
   -0.135237438855862E+00
   -0.137191161193343E+00
   -0.139173018300187E+00
   -0.141183416182505E+00
   -0.143222766742084E+00
   -0.145291487863198E+00
   -0.147390003500704E+00
   -0.149518743769423E+00
   -0.151678145034846E+00
   -0.153868650005146E+00
   -0.156090707824535E+00
   -0.158344774167968E+00
   -0.160631311337193E+00
   -0.162950788358192E+00
   -0.165303681079974E+00
   -0.167690472274779E+00
   -0.170111651739656E+00
   -0.172567716399456E+00
   -0.175059170411215E+00
   -0.177586525269955E+00
   -0.180150299915887E+00
   -0.182751020843016E+00
   -0.185389222209154E+00
   -0.188065445947332E+00
   -0.190780241878586E+00
   -0.193534167826138E+00
   -0.196327789730918E+00
   -0.199161681768448E+00
   -0.202036426467030E+00
   -0.204952614827240E+00
   -0.207910846442676E+00
   -0.210911729621943E+00
   -0.213955881511814E+00
   -0.217043928221535E+00
   -0.220176504948220E+00
   -0.223354256103261E+00
   -0.226577835439708E+00
   -0.229847906180522E+00
   -0.233165141147634E+00
   -0.236530222891708E+00
   -0.239943843822507E+00
   -0.243406706339747E+00
   -0.246919522964320E+00
   -0.250483016469739E+00
   -0.254097920013668E+00
   -0.257764977269352E+00
   -0.261484942556793E+00
   -0.265258580973452E+00
   -0.269086668524285E+00
   -0.272969992250860E+00
   -0.276909350359322E+00
   -0.280905552346925E+00
   -0.284959419126835E+00
   -0.289071783150892E+00
   -0.293243488529974E+00
   -0.297475391151611E+00
   -0.301768358794436E+00
   -0.306123271239039E+00
   -0.310541020374780E+00
   -0.315022510302043E+00
   -0.319568657429426E+00
   -0.324180390565262E+00
   -0.328858651002896E+00
   -0.333604392599048E+00
   -0.338418581844562E+00
   -0.343302197926817E+00
   -0.348256232782988E+00
   -0.353281691143331E+00
   -0.358379590563589E+00
   -0.363550961445569E+00
   -0.368796847044879E+00
   -0.374118303464768E+00
   -0.379516399634915E+00
   -0.384992217273998E+00
   -0.390546850834758E+00
   -0.396181407430238E+00
   -0.401897006739791E+00
   -0.407694780893389E+00
   -0.413575874332673E+00
   -0.419541443647131E+00
   -0.425592657383705E+00
   -0.431730695828047E+00
   -0.437956750755567E+00
   -0.444272025150366E+00
   -0.450677732890019E+00
   -0.457175098394159E+00
   -0.463765356234691E+00
   -0.470449750705423E+00
   -0.477229535348831E+00
   -0.484105972437606E+00
   -0.491080332408583E+00
   -0.498153893246594E+00
   -0.505327939815760E+00
   -0.512603763135686E+00
   -0.519982659600026E+00
   -0.527465930134840E+00
   -0.535054879294218E+00
   -0.542750814290623E+00
   -0.550555043957457E+00
   -0.558468877641441E+00
   -0.566493624022426E+00
   -0.574630589858412E+00
   -0.582881078653641E+00
   -0.591246389247829E+00
   -0.599727814324753E+00
   -0.608326638838688E+00
   -0.617044138357412E+00
   -0.625881577320821E+00
   -0.634840207214560E+00
   -0.643921264658448E+00
   -0.653125969409929E+00
   -0.662455522283290E+00
   -0.671911102985921E+00
   -0.681493867873505E+00
   -0.691204947626677E+00
   -0.701045444852439E+00
   -0.711016431614370E+00
   -0.721118946896514E+00
   -0.731353994006744E+00
   -0.741722537926325E+00
   -0.752225502613422E+00
   -0.762863768269342E+00
   -0.773638168577398E+00
   -0.784549487925413E+00
   -0.795598458624016E+00
   -0.806785758134077E+00
   -0.818112006317764E+00
   -0.829577762728849E+00
   -0.841183523959010E+00
   -0.852929721057883E+00
   -0.864816717045582E+00
   -0.876844804537225E+00
   -0.889014203499645E+00
   -0.901325059160954E+00
   -0.913777440093817E+00
   -0.926371336493238E+00
   -0.939106658669227E+00
   -0.951983235773866E+00
   -0.965000814781024E+00
   -0.978159059735077E+00
   -0.991457551282565E+00
   -0.100489578649753E+01
   -0.101847317900735E+01
   -0.103218905942117E+01
   -0.104604267605708E+01
   -0.106003319595777E+01
   -0.107415970617619E+01
   -0.108842121530387E+01
   -0.110281665520413E+01
   -0.111734488290096E+01
   -0.113200468256095E+01
   -0.114679476749165E+01
   -0.116171378206355E+01
   -0.117676030344575E+01
   -0.119193284302685E+01
   -0.120722984737240E+01
   -0.122264969854961E+01
   -0.123819071362757E+01
   -0.125385114313877E+01
   -0.126962916826445E+01
   -0.128552289648293E+01
   -0.130153035539743E+01
   -0.131764948443780E+01
   -0.133387812411054E+01
   -0.135021400245313E+01
   -0.136665471833441E+01
   -0.138319772123165E+01
   -0.139984028710972E+01
   -0.141657949002877E+01
   -0.143341216911516E+01
   -0.145033489054810E+01
   -0.146734390424236E+01
   -0.148443509494712E+01
   -0.150160392753454E+01
   -0.151884538631930E+01
   -0.153615390833505E+01
   -0.155352331059547E+01
   -0.157094671148852E+01
   -0.158841644659262E+01
   -0.160592397936414E+01
   -0.162345980732689E+01
   -0.164101336459492E+01
   -0.165857292178075E+01
   -0.167612548457871E+01
   -0.169365669256621E+01
   -0.171115072003049E+01
   -0.172859018090074E+01
   -0.174595604013945E+01
   -0.176322753421653E+01
   -0.178038210354683E+01
   -0.179739534000728E+01
   -0.181424095285376E+01
   -0.183089075651900E+01
   -0.184731468387855E+01
   -0.186348082860960E+01
   -0.187935552022394E+01
   -0.189490343521711E+01
   -0.191008774752939E+01
   -0.192487032114653E+01
   -0.193921194717024E+01
   -0.195307262704999E+01
   -0.196641190288509E+01
   -0.197918923477569E+01
   -0.199136442412747E+01
   -0.200289808060482E+01
   -0.201375212909565E+01
   -0.202389035161887E+01
   -0.203327895760131E+01
   -0.204188717441015E+01
   -0.204968784849285E+01
   -0.205665804600069E+01
   -0.206277964040964E+01
   -0.206803987346712E+01
   -0.207243187485014E+01
   -0.207595512528709E+01
   -0.207861584763775E+01
   -0.208042731060660E+01
   -0.208141003043695E+01
   -0.208159185714063E+01
   -0.208100793358890E+01
   -0.207970051813250E+01
   -0.207771866432007E+01
   -0.207511775470582E+01
   -0.207195888961319E+01
   -0.206830813595812E+01
   -0.206423564571079E+01
   -0.205981465814105E+01
   -0.205512040447993E+01
   -0.205022893785021E+01
   -0.204521591507699E+01
   -0.204015536008599E+01
   -0.203511844084539E+01
   -0.203017229303752E+01
   -0.202537892372348E+01
   -0.202079422709245E+01
   -0.201646714192613E+01
   -0.201243897667606E+01
   -0.200874292312992E+01
   -0.200540377368297E+01
   -0.200243785044639E+01
   -0.199985314708600E+01
   -0.199764967671153E+01
   -0.199582001167507E+01
   -0.199434999414947E+01
   -0.199321959019399E+01
   -0.199240385499798E+01
   -0.199187397339070E+01
   -0.199159833771626E+01
   -0.199154362490522E+01
   -0.199167583604337E+01
   -0.199196126485479E+01
   -0.199236736609616E+01
   -0.199286350062953E+01
   -0.199342154056085E+01
   -0.199401632491248E+01
   -0.199462596343242E+01
   -0.199523199293109E+01
   -0.199581939661535E+01
   -0.199637650195597E+01
   -0.199689477645774E+01
   -0.199736854317142E+01
   -0.199779463886268E+01
   -0.199817203749930E+01
   -0.199850146028082E+01
   -0.199878499102982E+01
   -0.199902571264906E+01
   -0.199922737680543E+01
   -0.199939411530777E+01
   -0.199953019805525E+01
   -0.199963983916068E+01
   -0.199972705005785E+01
   -0.199979553618848E+01
   -0.199984863227386E+01
   -0.199988927020169E+01
   -0.199991997314543E+01
   -0.199994286959727E+01
   -0.199995972143176E+01
   -0.199997196081413E+01
   -0.199998073161772E+01
   -0.199998693192315E+01
   -0.199999125506001E+01
   -0.199999422746292E+01
   -0.199999624230928E+01
   -0.199999758846915E+01
   -0.199999847472419E+01
   -0.199999904951124E+01
   -0.199999941663457E+01
   -0.199999964748782E+01
   -0.199999979035507E+01
   -0.199999987734064E+01
   -0.199999992942602E+01
   -0.199999996008561E+01
   -0.199999997782004E+01
   -0.199999998789582E+01
   -0.199999999351600E+01
   -0.199999999659229E+01
   -0.199999999824382E+01
   -0.199999999911300E+01
   -0.199999999956118E+01
   -0.199999999978748E+01
   -0.199999999989931E+01
   -0.199999999995335E+01
   -0.199999999997889E+01
   -0.199999999999067E+01
   -0.199999999999598E+01
   -0.199999999999831E+01
   -0.199999999999931E+01
   -0.199999999999972E+01
   -0.199999999999989E+01
   -0.199999999999996E+01
   -0.199999999999999E+01
   -0.199999999999999E+01
   -0.200000000000000E+01
   -0.200000000000000E+01
   -0.200000000000000E+01
   -0.200000000000000E+01
   -0.200000000000000E+01
   -0.200000000000000E+01
   -0.200000000000000E+01
   -0.200000000000000E+01
   -0.200000000000000E+01
   -0.200000000000000E+01
   -0.200000000000000E+01
   -0.200000000000000E+01
   -0.200000000000000E+01
   -0.200000000000000E+01
   -0.200000000000000E+01
   -0.200000000000000E+01
   -0.200000000000000E+01
   -0.200000000000000E+01
   -0.200000000000000E+01
   -0.200000000000000E+01
   -0.200000000000000E+01
   -0.200000000000000E+01
   -0.200000000000000E+01
   -0.200000000000000E+01
   -0.200000000000000E+01
   -0.200000000000000E+01
   -0.200000000000000E+01
   -0.200000000000000E+01
   -0.200000000000000E+01
   -0.200000000000000E+01
   -0.200000000000000E+01
   -0.200000000000000E+01
   -0.200000000000000E+01
   -0.200000000000000E+01
   -0.200000000000000E+01
   -0.200000000000000E+01
   -0.200000000000000E+01
   -0.200000000000000E+01
   -0.200000000000000E+01
   -0.200000000000000E+01
   -0.200000000000000E+01
   -0.200000000000000E+01
   -0.200000000000000E+01
   -0.200000000000000E+01
   -0.200000000000000E+01
   -0.200000000000000E+01
   -0.200000000000000E+01
   -0.200000000000000E+01
   -0.200000000000000E+01
   -0.200000000000000E+01
   -0.200000000000000E+01
   -0.200000000000000E+01
   -0.200000000000000E+01
   -0.200000000000000E+01
   -0.200000000000000E+01
   -0.200000000000000E+01
   -0.200000000000000E+01
   -0.200000000000000E+01
   -0.200000000000000E+01
   -0.200000000000000E+01
   -0.200000000000000E+01
   -0.200000000000000E+01
   -0.200000000000000E+01
   -0.200000000000000E+01
   -0.200000000000000E+01
   -0.200000000000000E+01
   -0.200000000000000E+01
   -0.200000000000000E+01
   -0.200000000000000E+01
   -0.200000000000000E+01
   -0.200000000000000E+01
   -0.200000000000000E+01
   -0.200000000000000E+01
   -0.200000000000000E+01
   -0.200000000000000E+01
   -0.200000000000000E+01
   -0.200000000000000E+01
   -0.200000000000000E+01
   -0.200000000000000E+01
   -0.200000000000000E+01
   -0.200000000000000E+01
   -0.200000000000000E+01
   -0.200000000000000E+01
   -0.200000000000000E+01
   -0.200000000000000E+01
   -0.200000000000000E+01
   -0.200000000000000E+01
   -0.200000000000000E+01
   -0.200000000000000E+01
   -0.200000000000000E+01
   -0.200000000000000E+01
   -0.200000000000000E+01
   -0.200000000000000E+01
   -0.200000000000000E+01
   -0.200000000000000E+01
   -0.200000000000000E+01
   -0.200000000000000E+01
   -0.200000000000000E+01
   -0.200000000000000E+01
   -0.200000000000000E+01
   -0.200000000000000E+01
   -0.200000000000000E+01
   -0.200000000000000E+01
   -0.200000000000000E+01
   -0.200000000000000E+01
   -0.200000000000000E+01
   -0.200000000000000E+01
   -0.200000000000000E+01
   -0.200000000000000E+01
   -0.200000000000000E+01
   -0.200000000000000E+01
   -0.200000000000000E+01
   -0.200000000000000E+01
   -0.200000000000000E+01
   -0.200000000000000E+01
   -0.200000000000000E+01
   -0.200000000000000E+01
   -0.200000000000000E+01
   -0.200000000000000E+01
   -0.200000000000000E+01
   -0.200000000000000E+01
   -0.200000000000000E+01
   -0.200000000000000E+01
   -0.200000000000000E+01
   -0.200000000000000E+01
   -0.200000000000000E+01
   -0.200000000000000E+01
   -0.200000000000000E+01
   -0.200000000000000E+01
   -0.200000000000000E+01
   -0.200000000000000E+01
   -0.200000000000000E+01
   -0.200000000000000E+01
   -0.200000000000000E+01
   -0.200000000000000E+01
   -0.200000000000000E+01
   -0.200000000000000E+01
   -0.200000000000000E+01
   -0.200000000000000E+01
   -0.200000000000000E+01
   -0.200000000000000E+01
   -0.200000000000000E+01
   -0.200000000000000E+01
   -0.200000000000000E+01
   -0.200000000000000E+01
   -0.200000000000000E+01
   -0.200000000000000E+01
   -0.200000000000000E+01
   -0.200000000000000E+01
   -0.200000000000000E+01
   -0.200000000000000E+01
   -0.200000000000000E+01
   -0.200000000000000E+01
   -0.200000000000000E+01
   -0.200000000000000E+01
   -0.200000000000000E+01
   -0.200000000000000E+01
   -0.200000000000000E+01
   -0.200000000000000E+01
   -0.200000000000000E+01
   -0.200000000000000E+01
   -0.200000000000000E+01
   -0.200000000000000E+01
   -0.200000000000000E+01
   -0.200000000000000E+01
   -0.200000000000000E+01
   -0.200000000000000E+01
   -0.200000000000000E+01
   -0.200000000000000E+01
   -0.200000000000000E+01
   -0.200000000000000E+01
   -0.200000000000000E+01
   -0.200000000000000E+01
   -0.200000000000000E+01
   -0.200000000000000E+01
   -0.200000000000000E+01
   -0.200000000000000E+01
   -0.200000000000000E+01
   -0.200000000000000E+01
   -0.200000000000000E+01
   -0.200000000000000E+01
   -0.200000000000000E+01
   -0.200000000000000E+01
   -0.200000000000000E+01
   -0.200000000000000E+01
   -0.200000000000000E+01
   -0.200000000000000E+01
   -0.200000000000000E+01
   -0.200000000000000E+01
   -0.200000000000000E+01
   -0.200000000000000E+01
   -0.200000000000000E+01
   -0.200000000000000E+01
   -0.200000000000000E+01
   -0.200000000000000E+01
   -0.200000000000000E+01
   -0.200000000000000E+01
   -0.200000000000000E+01
   -0.200000000000000E+01
   -0.200000000000000E+01
   -0.200000000000000E+01
   -0.200000000000000E+01
   -0.200000000000000E+01
   -0.200000000000000E+01
   -0.200000000000000E+01
   -0.200000000000000E+01
   -0.200000000000000E+01
