!pp_gamess_Ti_r32
ECP,Ti,10,3,0
6;                                     !Vf
 1 , 8.71856900 , 12.00000000 ;
 2 , 15.24491684 , 2036.19018349 ;
 2 , 9.82555564 , -808.08055980 ;
 2 , 13.73603096 , -6625.61979937 ;
 2 , 12.65487324 , 5366.15483139 ;
 3 , 7.52640456 , 104.62282800 ;
6;                                     !Vs-Vf
 2 , 6.07881775 , -5106.06038516 ;
 2 , 6.60848506 , 4578.80563920 ;
 2 , 5.40637046 , 1243.82498350 ;
 2 , 10.42952601 , -1080.75381734 ;
 2 , 18.39800590 , -246.70835713 ;
 2 , 15.38725831 , 641.17693055 ;
6;                                     !Vp-Vf
 2 , 9.60321938 , 54896.57119892 ;
 2 , 9.66268310 , -54918.74454314 ;
 2 , 15.06789616 , 1286.88683088 ;
 2 , 16.36074466 , -783.75199469 ;
 2 , 7.86465876 , -694.11104708 ;
 2 , 10.26111831 , 230.93428192 ;
6;                                     !Vd-Vf
 2 , 10.56598449 , -4364.80942936 ;
 2 , 2.60127946 , -1.37932491 ;
 2 , 9.33905701 , 1606.86303570 ;
 2 , 18.43432023 , -0.46458304 ;
 2 , 12.28081208 , 5153.21287621 ;
 2 , 13.36648800 , -2406.13416164 ;
