eCEPP Pseudopotential in real space for C 
Atomic number and pseudo-charge
 6  4.00
Energy units (rydberg/hartree/ev)
rydberg
Angular momentum of local component (0=s,1=p,2=d..)
2
NLRULE override (1) VMC/DMC (2) config gen (0 ==> input/default value)
0 0
Number of grid points
 957
R(i) in atomic units
    0.000000000000000E+00
    0.167862832095561E-05
    0.338140915368192E-05
    0.510869001038132E-05
    0.686082340334615E-05
    0.863816691690118E-05
    0.104410832803812E-04
    0.122699404421589E-04
    0.141251116447372E-04
    0.160069755009229E-04
    0.179159160710959E-04
    0.198523229415898E-04
    0.218165913042013E-04
    0.238091220368421E-04
    0.258303217853531E-04
    0.278806030464941E-04
    0.299603842521283E-04
    0.320700898546182E-04
    0.342101504134500E-04
    0.363810026831042E-04
    0.385830897021908E-04
    0.408168608838670E-04
    0.430827721075555E-04
    0.453812858119827E-04
    0.477128710895558E-04
    0.500780037820974E-04
    0.524771665779577E-04
    0.549108491105242E-04
    0.573795480581482E-04
    0.598837672455099E-04
    0.624240177464412E-04
    0.650008179882283E-04
    0.676146938574152E-04
    0.702661788071291E-04
    0.729558139659503E-04
    0.756841482483483E-04
    0.784517384667074E-04
    0.812591494449638E-04
    0.841069541338772E-04
    0.869957337279623E-04
    0.899260777841014E-04
    0.928985843418643E-04
    0.959138600455594E-04
    0.989725202680406E-04
    0.102075189236296E-03
    0.105222500158842E-03
    0.108415095354956E-03
    0.111653626385756E-03
    0.114938754187185E-03
    0.118271149204889E-03
    0.121651491531050E-03
    0.125080471043181E-03
    0.128558787544922E-03
    0.132087150908854E-03
    0.135666281221381E-03
    0.139296908929681E-03
    0.142979774990788E-03
    0.146715631022801E-03
    0.150505239458286E-03
    0.154349373699872E-03
    0.158248818278094E-03
    0.162204369011501E-03
    0.166216833169075E-03
    0.170287029634977E-03
    0.174415789075676E-03
    0.178603954109468E-03
    0.182852379478448E-03
    0.187161932222946E-03
    0.191533491858481E-03
    0.195967950555252E-03
    0.200466213320222E-03
    0.205029198181812E-03
    0.209657836377261E-03
    0.214353072542672E-03
    0.219115864905804E-03
    0.223947185481631E-03
    0.228848020270710E-03
    0.233819369460417E-03
    0.238862247629066E-03
    0.243977683952970E-03
    0.249166722416479E-03
    0.254430422025046E-03
    0.259769857021350E-03
    0.265186117104534E-03
    0.270680307652597E-03
    0.276253549947987E-03
    0.281906981406433E-03
    0.287641755809079E-03
    0.293459043537954E-03
    0.299360031814824E-03
    0.305345924943493E-03
    0.311417944555578E-03
    0.317577329859832E-03
    0.323825337895041E-03
    0.330163243786570E-03
    0.336592341006601E-03
    0.343113941638103E-03
    0.349729376642616E-03
    0.356439996131879E-03
    0.363247169643362E-03
    0.370152286419778E-03
    0.377156755692597E-03
    0.384262006969655E-03
    0.391469490326895E-03
    0.398780676704303E-03
    0.406197058206108E-03
    0.413720148405294E-03
    0.421351482652505E-03
    0.429092618389379E-03
    0.436945135466404E-03
    0.444910636465339E-03
    0.452990747026282E-03
    0.461187116179430E-03
    0.469501416681631E-03
    0.477935345357763E-03
    0.486490623447032E-03
    0.495168996954252E-03
    0.503972237006179E-03
    0.512902140212968E-03
    0.521960529034840E-03
    0.531149252154014E-03
    0.540470184852000E-03
    0.549925229392310E-03
    0.559516315408688E-03
    0.569245400298915E-03
    0.579114469624289E-03
    0.589125537514844E-03
    0.599280647080405E-03
    0.609581870827558E-03
    0.620031311082619E-03
    0.630631100420682E-03
    0.641383402100851E-03
    0.652290410507726E-03
    0.663354351599248E-03
    0.674577483360978E-03
    0.685962096266922E-03
    0.697510513746984E-03
    0.709225092661140E-03
    0.721108223780438E-03
    0.733162332274924E-03
    0.745389878208576E-03
    0.757793357041371E-03
    0.770375300138569E-03
    0.783138275287330E-03
    0.796084887220757E-03
    0.809217778149486E-03
    0.822539628300920E-03
    0.836053156466226E-03
    0.849761120555198E-03
    0.863666318159104E-03
    0.877771587121637E-03
    0.892079806118071E-03
    0.906593895242762E-03
    0.921316816605088E-03
    0.936251574933981E-03
    0.951401218191138E-03
    0.966768838193070E-03
    0.982357571242096E-03
    0.998170598766413E-03
    0.101421114796938E-02
    0.103048249248814E-02
    0.104698795306172E-02
    0.106373089820875E-02
    0.108071474491492E-02
    0.109794295933035E-02
    0.111541905747695E-02
    0.113314660596603E-02
    0.115112922272616E-02
    0.116937057774152E-02
    0.118787439380095E-02
    0.120664444725767E-02
    0.122568456879998E-02
    0.124499864423304E-02
    0.126459061527195E-02
    0.128446448034613E-02
    0.130462429541541E-02
    0.132507417479771E-02
    0.134581829200880E-02
    0.136686088061398E-02
    0.138820623509212E-02
    0.140985871171210E-02
    0.143182272942185E-02
    0.145410277075020E-02
    0.147670338272168E-02
    0.149962917778453E-02
    0.152288483475200E-02
    0.154647509975726E-02
    0.157040478722197E-02
    0.159467878083889E-02
    0.161930203456850E-02
    0.164427957365009E-02
    0.166961649562731E-02
    0.169531797138851E-02
    0.172138924622202E-02
    0.174783564088666E-02
    0.177466255269763E-02
    0.180187545662799E-02
    0.182947990642606E-02
    0.185748153574884E-02
    0.188588605931174E-02
    0.191469927405489E-02
    0.194392706032621E-02
    0.197357538308147E-02
    0.200365029310169E-02
    0.203415792822800E-02
    0.206510451461427E-02
    0.209649636799778E-02
    0.212833989498818E-02
    0.216064159437497E-02
    0.219340805845380E-02
    0.222664597437189E-02
    0.226036212549276E-02
    0.229456339278058E-02
    0.232925675620453E-02
    0.236444929616327E-02
    0.240014819492997E-02
    0.243636073811807E-02
    0.247309431616819E-02
    0.251035642585641E-02
    0.254815467182424E-02
    0.258649676813062E-02
    0.262539053982624E-02
    0.266484392455052E-02
    0.270486497415157E-02
    0.274546185632942E-02
    0.278664285630299E-02
    0.282841637850091E-02
    0.287079094827677E-02
    0.291377521364905E-02
    0.295737794706597E-02
    0.300160804719591E-02
    0.304647454074342E-02
    0.309198658429148E-02
    0.313815346617021E-02
    0.318498460835246E-02
    0.323248956837674E-02
    0.328067804129773E-02
    0.332955986166492E-02
    0.337914500552965E-02
    0.342944359248116E-02
    0.348046588771176E-02
    0.353222230411186E-02
    0.358472340439504E-02
    0.363797990325379E-02
    0.369200266954620E-02
    0.374680272851410E-02
    0.380239126403321E-02
    0.385877962089554E-02
    0.391597930712474E-02
    0.397400199632468E-02
    0.403285953006191E-02
    0.409256392028227E-02
    0.415312735176243E-02
    0.421456218459656E-02
    0.427688095671888E-02
    0.434009638646244E-02
    0.440422137515477E-02
    0.446926900975080E-02
    0.453525256550379E-02
    0.460218550867453E-02
    0.467008149927965E-02
    0.473895439387942E-02
    0.480881824840566E-02
    0.487968732103034E-02
    0.495157607507550E-02
    0.502449918196492E-02
    0.509847152421843E-02
    0.517350819848915E-02
    0.524962451864450E-02
    0.532683601889157E-02
    0.540515845694736E-02
    0.548460781725476E-02
    0.556520031424467E-02
    0.564695239564519E-02
    0.572988074583830E-02
    0.581400228926493E-02
    0.589933419387898E-02
    0.598589387465103E-02
    0.607369899712247E-02
    0.616276748101082E-02
    0.625311750386683E-02
    0.634476750478425E-02
    0.643773618816300E-02
    0.653204252752645E-02
    0.662770576939363E-02
    0.672474543720714E-02
    0.682318133531764E-02
    0.692303355302556E-02
    0.702432246868110E-02
    0.712706875384308E-02
    0.723129337749774E-02
    0.733701761033818E-02
    0.744426302910540E-02
    0.755305152099177E-02
    0.766340528810793E-02
    0.777534685201385E-02
    0.788889905831518E-02
    0.800408508132569E-02
    0.812092842879680E-02
    0.823945294671517E-02
    0.835968282416931E-02
    0.848164259828618E-02
    0.860535715923890E-02
    0.873085175532646E-02
    0.885815199812647E-02
    0.898728386772215E-02
    0.911827371800447E-02
    0.925114828205057E-02
    0.938593467757961E-02
    0.952266041248707E-02
    0.966135339045868E-02
    0.980204191666522E-02
    0.994475470353910E-02
    0.100895208766342E-01
    0.102363699805699E-01
    0.103853319850609E-01
    0.105364372910331E-01
    0.106897167368286E-01
    0.108452016044990E-01
    0.110029236261896E-01
    0.111629149906154E-01
    0.113252083496306E-01
    0.114898368248923E-01
    0.116568340146197E-01
    0.118262340004517E-01
    0.119980713544018E-01
    0.121723811459143E-01
    0.123491989490210E-01
    0.125285608496014E-01
    0.127105034527477E-01
    0.128950638902349E-01
    0.130822798280988E-01
    0.132721894743236E-01
    0.134648315866390E-01
    0.136602454804305E-01
    0.138584710367628E-01
    0.140595487105191E-01
    0.142635195386572E-01
    0.144704251485846E-01
    0.146803077666543E-01
    0.148932102267820E-01
    0.151091759791883E-01
    0.153282490992661E-01
    0.155504742965758E-01
    0.157758969239698E-01
    0.160045629868484E-01
    0.162365191525485E-01
    0.164718127598684E-01
    0.167104918287282E-01
    0.169526050699703E-01
    0.171982018953006E-01
    0.174473324273727E-01
    0.177000475100169E-01
    0.179563987186171E-01
    0.182164383706361E-01
    0.184802195362933E-01
    0.187477960493951E-01
    0.190192225183219E-01
    0.192945543371726E-01
    0.195738476970701E-01
    0.198571595976286E-01
    0.201445478585865E-01
    0.204360711316069E-01
    0.207317889122471E-01
    0.210317615521010E-01
    0.213360502711157E-01
    0.216447171700860E-01
    0.219578252433280E-01
    0.222754383915350E-01
    0.225976214348194E-01
    0.229244401259408E-01
    0.232559611637257E-01
    0.235922522066793E-01
    0.239333818867939E-01
    0.242794198235556E-01
    0.246304366381525E-01
    0.249865039678875E-01
    0.253476944807984E-01
    0.257140818904885E-01
    0.260857409711701E-01
    0.264627475729252E-01
    0.268451786371852E-01
    0.272331122124332E-01
    0.276266274701332E-01
    0.280258047208872E-01
    0.284307254308257E-01
    0.288414722382338E-01
    0.292581289704161E-01
    0.296807806608048E-01
    0.301095135663141E-01
    0.305444151849431E-01
    0.309855742736338E-01
    0.314330808663845E-01
    0.318870262926243E-01
    0.323475031958526E-01
    0.328146055525458E-01
    0.332884286913366E-01
    0.337690693124695E-01
    0.342566255075352E-01
    0.347511967794904E-01
    0.352528840629641E-01
    0.357617897448575E-01
    0.362780176852394E-01
    0.368016732385424E-01
    0.373328632750643E-01
    0.378716962027785E-01
    0.384182819894590E-01
    0.389727321851225E-01
    0.395351599447946E-01
    0.401056800516028E-01
    0.406844089402021E-01
    0.412714647205376E-01
    0.418669672019489E-01
    0.424710379176217E-01
    0.430838001493904E-01
    0.437053789528984E-01
    0.443359011831202E-01
    0.449754955202504E-01
    0.456242924959654E-01
    0.462824245200631E-01
    0.469500259074858E-01
    0.476272329057316E-01
    0.483141837226610E-01
    0.490110185547023E-01
    0.497178796154644E-01
    0.504349111647601E-01
    0.511622595380471E-01
    0.519000731762936E-01
    0.526485026562723E-01
    0.534077007212909E-01
    0.541778223123651E-01
    0.549590245998395E-01
    0.557514670154638E-01
    0.565553112849303E-01
    0.573707214608799E-01
    0.581978639563828E-01
    0.590369075789006E-01
    0.598880235647380E-01
    0.607513856139889E-01
    0.616271699259864E-01
    0.625155552352626E-01
    0.634167228480251E-01
    0.643308566791593E-01
    0.652581432897629E-01
    0.661987719252197E-01
    0.671529345538219E-01
    0.681208259059485E-01
    0.691026435138062E-01
    0.700985877517429E-01
    0.711088618771416E-01
    0.721336720719016E-01
    0.731732274845176E-01
    0.742277402727634E-01
    0.752974256469907E-01
    0.763825019140495E-01
    0.774831905218422E-01
    0.785997161045171E-01
    0.797323065283134E-01
    0.808811929380647E-01
    0.820466098043729E-01
    0.832287949714596E-01
    0.844279897057072E-01
    0.856444387448968E-01
    0.868783903481566E-01
    0.881300963466272E-01
    0.893998121948567E-01
    0.906877970229353E-01
    0.919943136893801E-01
    0.933196288347799E-01
    0.946640129362134E-01
    0.960277403624489E-01
    0.974110894299394E-01
    0.988143424596224E-01
    0.100237785834538E+00
    0.101681710058273E+00
    0.103146409814255E+00
    0.104632184025882E+00
    0.106139335917540E+00
    0.107668173076477E+00
    0.109219007515584E+00
    0.110792155737068E+00
    0.112387938797046E+00
    0.114006682371069E+00
    0.115648716820586E+00
    0.117314377260369E+00
    0.119004003626900E+00
    0.120717940747752E+00
    0.122456538411958E+00
    0.124220151441403E+00
    0.126009139763235E+00
    0.127823868483320E+00
    0.129664707960757E+00
    0.131532033883461E+00
    0.133426227344837E+00
    0.135347674921552E+00
    0.137296768752434E+00
    0.139273906618499E+00
    0.141279492024134E+00
    0.143313934279443E+00
    0.145377648583784E+00
    0.147471056110505E+00
    0.149594584092898E+00
    0.151748665911389E+00
    0.153933741181991E+00
    0.156150255846015E+00
    0.158398662261087E+00
    0.160679419293462E+00
    0.162992992411675E+00
    0.165339853781534E+00
    0.167720482362487E+00
    0.170135364005362E+00
    0.172584991551530E+00
    0.175069864933482E+00
    0.177590491276859E+00
    0.180147385003950E+00
    0.182741067938674E+00
    0.185372069413082E+00
    0.188040926375383E+00
    0.190748183499525E+00
    0.193494393296358E+00
    0.196280116226394E+00
    0.199105920814184E+00
    0.201972383764351E+00
    0.204880090079281E+00
    0.207829633178519E+00
    0.210821615019874E+00
    0.213856646222269E+00
    0.216935346190361E+00
    0.220058343240951E+00
    0.223226274731217E+00
    0.226439787188783E+00
    0.229699536443671E+00
    0.233006187762147E+00
    0.236360415982486E+00
    0.239762905652702E+00
    0.243214351170250E+00
    0.246715456923748E+00
    0.250266937436723E+00
    0.253869517513445E+00
    0.257523932386841E+00
    0.261230927868548E+00
    0.264991260501123E+00
    0.268805697712441E+00
    0.272675017972313E+00
    0.276600010951366E+00
    0.280581477682198E+00
    0.284620230722858E+00
    0.288717094322679E+00
    0.292872904590492E+00
    0.297088509665265E+00
    0.301364769889197E+00
    0.305702557983298E+00
    0.310102759225499E+00
    0.314566271631326E+00
    0.319094006137171E+00
    0.323686886786198E+00
    0.328345850916929E+00
    0.333071849354543E+00
    0.337865846604917E+00
    0.342728821051478E+00
    0.347661765154868E+00
    0.352665685655495E+00
    0.357741603778992E+00
    0.362890555444635E+00
    0.368113591476756E+00
    0.373411777819205E+00
    0.378786195752889E+00
    0.384237942116448E+00
    0.389768129530104E+00
    0.395377886622726E+00
    0.401068358262171E+00
    0.406840705788932E+00
    0.412696107253152E+00
    0.418635757655044E+00
    0.424660869188775E+00
    0.430772671489855E+00
    0.436972411886089E+00
    0.443261355652138E+00
    0.449640786267741E+00
    0.456112005679654E+00
    0.462676334567362E+00
    0.469335112612603E+00
    0.476089698772784E+00
    0.482941471558322E+00
    0.489891829313972E+00
    0.496942190504217E+00
    0.504093994002751E+00
    0.511348699386129E+00
    0.518707787231650E+00
    0.526172759419519E+00
    0.533745139439357E+00
    0.541426472701123E+00
    0.549218326850512E+00
    0.557122292088882E+00
    0.565139981497798E+00
    0.573273031368232E+00
    0.581523101534509E+00
    0.589891875713051E+00
    0.598381061846002E+00
    0.606992392449793E+00
    0.615727624968721E+00
    0.624588542133618E+00
    0.633576952325681E+00
    0.642694689945533E+00
    0.651943615787600E+00
    0.661325617419869E+00
    0.670842609569114E+00
    0.680496534511662E+00
    0.690289362469783E+00
    0.700223092013786E+00
    0.710299750469891E+00
    0.720521394333981E+00
    0.730890109691303E+00
    0.741408012642203E+00
    0.752077249733992E+00
    0.762899998399026E+00
    0.773878467399087E+00
    0.785014897276155E+00
    0.796311560809674E+00
    0.807770763480391E+00
    0.819394843940867E+00
    0.831186174492766E+00
    0.843147161571004E+00
    0.855280246234866E+00
    0.867587904666190E+00
    0.880072648674722E+00
    0.892737026210732E+00
    0.905583621885022E+00
    0.918615057496398E+00
    0.931833992566745E+00
    0.945243124883795E+00
    0.958845191051703E+00
    0.972642967049551E+00
    0.986639268797881E+00
    0.100083695273338E+01
    0.101523891639185E+01
    0.102984809899953E+01
    0.104466748207296E+01
    0.105970009002747E+01
    0.107494899079442E+01
    0.109041729644728E+01
    0.110610816383683E+01
    0.112202479523535E+01
    0.113817043899021E+01
    0.115454839018679E+01
    0.117116199132095E+01
    0.118801463298120E+01
    0.120510975454065E+01
    0.122245084485896E+01
    0.124004144299433E+01
    0.125788513892582E+01
    0.127598557428594E+01
    0.129434644310392E+01
    0.131297149255958E+01
    0.133186452374805E+01
    0.135102939245557E+01
    0.137047000994634E+01
    0.139019034376080E+01
    0.141019441852531E+01
    0.143048631677355E+01
    0.145107017977966E+01
    0.147195020840346E+01
    0.149313066394775E+01
    0.151461586902798E+01
    0.153641020845447E+01
    0.155851813012722E+01
    0.158094414594372E+01
    0.160369283271973E+01
    0.162676883312334E+01
    0.165017685662247E+01
    0.167392168044604E+01
    0.169800815055886E+01
    0.172244118265068E+01
    0.174722576313938E+01
    0.177236695018864E+01
    0.179786987474021E+01
    0.182373974156109E+01
    0.184998183030572E+01
    0.187660149659351E+01
    0.190360417310180E+01
    0.193099537067462E+01
    0.195878067944736E+01
    0.198696576998763E+01
    0.201555639445255E+01
    0.204455838776269E+01
    0.207397766879283E+01
    0.210382024157999E+01
    0.213409219654874E+01
    0.216479971175412E+01
    0.219594905414256E+01
    0.222754658083081E+01
    0.225959874040340E+01
    0.229211207422860E+01
    0.232509321779353E+01
    0.235854890205828E+01
    0.239248595482964E+01
    0.242691130215452E+01
    0.246183196973350E+01
    0.249725508435464E+01
    0.253318787534794E+01
    0.256963767606078E+01
    0.260661192535451E+01
    0.264411816912260E+01
    0.268216406183072E+01
    0.272075736807880E+01
    0.275990596418574E+01
    0.279961783979683E+01
    0.283990109951431E+01
    0.288076396455141E+01
    0.292221477441017E+01
    0.296426198858341E+01
    0.300691418828117E+01
    0.305018007818205E+01
    0.309406848820967E+01
    0.313858837533472E+01
    0.318374882540297E+01
    0.322955905498955E+01
    0.327602841327991E+01
    0.332316638397783E+01
    0.337098258724095E+01
    0.341948678164405E+01
    0.346868886617066E+01
    0.351859888223331E+01
    0.356922701572277E+01
    0.362058359908691E+01
    0.367267911343935E+01
    0.372552419069854E+01
    0.377912961575754E+01
    0.383350632868505E+01
    0.388866542695817E+01
    0.394461816772718E+01
    0.400137597011295E+01
    0.405895041753747E+01
    0.411735326008779E+01
    0.417659641691407E+01
    0.423669197866211E+01
    0.429765220994084E+01
    0.435948955182537E+01
    0.442221662439601E+01
    0.448584622931386E+01
    0.455039135243342E+01
    0.461586516645282E+01
    0.468228103360218E+01
    0.474965250837059E+01
    0.481799334027247E+01
    0.488731747665357E+01
    0.495763906553742E+01
    0.502897245851277E+01
    0.510133221366251E+01
    0.517473309853475E+01
    0.524919009315667E+01
    0.532471839309173E+01
    0.540133341254082E+01
    0.547905078748813E+01
    0.555788637889215E+01
    0.563785627592272E+01
    0.571897679924453E+01
    0.580126450434800E+01
    0.588473618492792E+01
    0.596940887631086E+01
    0.605529985893180E+01
    0.614242666186082E+01
    0.623080706638050E+01
    0.632045910961485E+01
    0.641140108821039E+01
    0.650365156207021E+01
    0.659722935814183E+01
    0.669215357425944E+01
    0.678844358304150E+01
    0.688611903584442E+01
    0.698519986677308E+01
    0.708570629674912E+01
    0.718765883763770E+01
    0.729107829643367E+01
    0.739598577950797E+01
    0.750240269691515E+01
    0.761035076676281E+01
    0.771985201964394E+01
    0.783092880313306E+01
    0.794360378634704E+01
    0.805789996457147E+01
    0.817384066395370E+01
    0.829144954626338E+01
    0.841075061372140E+01
    0.853176821389847E+01
    0.865452704468404E+01
    0.877905215932679E+01
    0.890536897154762E+01
    0.903350326072622E+01
    0.916348117716225E+01
    0.929532924741224E+01
    0.942907437970325E+01
    0.956474386942443E+01
    0.970236540469763E+01
    0.984196707202811E+01
    0.998357736203659E+01
    0.101272251752738E+02
    0.102729398281184E+02
    0.104207510587606E+02
    0.105706890332707E+02
    0.107227843517555E+02
    0.108770680546040E+02
    0.110335716288217E+02
    0.111923270144566E+02
    0.113533666111180E+02
    0.115167232845887E+02
    0.116824303735324E+02
    0.118505216962973E+02
    0.120210315578185E+02
    0.121939947566187E+02
    0.123694465919103E+02
    0.125474228707991E+02
    0.127279599155926E+02
    0.129110945712120E+02
    0.130968642127127E+02
    0.132853067529110E+02
    0.134764606501224E+02
    0.136703649160096E+02
    0.138670591235449E+02
    0.140665834150859E+02
    0.142689785105683E+02
    0.144742857158162E+02
    0.146825469309717E+02
    0.148938046590465E+02
    0.151081020145959E+02
    0.153254827325178E+02
    0.155459911769786E+02
    0.157696723504670E+02
    0.159965719029783E+02
    0.162267361413312E+02
    0.164602120386183E+02
    0.166970472437919E+02
    0.169372900913897E+02
    0.171809896113978E+02
    0.174281955392582E+02
    0.176789583260181E+02
    0.179333291486268E+02
    0.181913599203800E+02
    0.184531033015144E+02
    0.187186127099551E+02
    0.189879423322171E+02
    0.192611471344643E+02
    0.195382828737269E+02
    0.198194061092811E+02
    0.201045742141913E+02
    0.203938453870199E+02
    0.206872786637040E+02
    0.209849339296043E+02
    0.212868719317265E+02
    0.215931542911189E+02
    0.219038435154487E+02
    0.222190030117583E+02
    0.225386970994061E+02
    0.228629910231930E+02
    0.231919509666780E+02
    0.235256440656853E+02
    0.238641384220055E+02
    0.242075031172942E+02
    0.245558082271709E+02
    0.249091248355200E+02
    0.252675250489979E+02
    0.256310820117494E+02
    0.259998699203348E+02
    0.263739640388726E+02
    0.267534407143996E+02
    0.271383773924525E+02
    0.275288526328730E+02
    0.279249461258409E+02
    0.283267387081377E+02
    0.287343123796443E+02
    0.291477503200754E+02
    0.295671369059559E+02
    0.299925577278405E+02
    0.304240996077819E+02
    0.308618506170490E+02
    0.313059000941020E+02
    0.317563386628243E+02
    0.322132582510179E+02
    0.326767521091640E+02
    0.331469148294548E+02
    0.336238423650977E+02
    0.341076320498980E+02
    0.345983826181237E+02
    0.350961942246552E+02
    0.356011684654258E+02
    0.361134083981556E+02
    0.366330185633843E+02
    0.371601050058063E+02
    0.376947752959126E+02
    0.382371385519447E+02
    0.387873054621639E+02
    0.393453883074409E+02
    0.399115009841709E+02
    0.404857590275182E+02
    0.410682796349948E+02
    0.416591816903794E+02
    0.422585857879789E+02
    0.428666142572407E+02
    0.434833911877177E+02
    0.441090424543937E+02
    0.447436957433721E+02
    0.453874805779351E+02
    0.460405283449773E+02
    0.467029723218196E+02
    0.473749477034098E+02
    0.480565916299130E+02
    0.487480432147004E+02
    0.494494435727405E+02
    0.501609358493976E+02
    0.508826652496468E+02
    0.516147790677074E+02
    0.523574267171036E+02
    0.531107597611578E+02
    0.538749319439223E+02
    0.546500992215560E+02
    0.554364197941529E+02
    0.562340541380285E+02
    0.570431650384703E+02
    0.578639176229603E+02
    0.586964793948744E+02
    0.595410202676681E+02
    0.603977125995527E+02
    0.612667312286714E+02
    0.621482535087811E+02
    0.630424593454474E+02
    0.639495312327611E+02
    0.648696542905821E+02
    0.658030163023199E+02
    0.667498077532572E+02
    0.677102218694252E+02
    0.686844546570381E+02
    0.696727049424952E+02
    0.706751744129583E+02
    0.716920676575129E+02
    0.727235922089221E+02
    0.737699585859807E+02
    0.748313803364788E+02
    0.759080740807844E+02
    0.770002595560516E+02
    0.781081596610661E+02
    0.792320005017355E+02
    0.803720114372339E+02
    0.815284251268112E+02
    0.827014775772747E+02
    0.838914081911552E+02
    0.850984598155652E+02
    0.863228787917601E+02
    0.875649150054136E+02
    0.888248219376147E+02
    0.901028567166001E+02
    0.913992801702297E+02
    0.927143568792184E+02
    0.940483552311322E+02
    0.954015474751628E+02
    0.967742097776895E+02
    0.981666222786400E+02
    0.995790691486639E+02
r*potential (L=0) in Ry
    0.000000000000000E+00
    0.596984013966558E-05
    0.120255757884456E-04
    0.181684428317764E-04
    0.243996949373140E-04
    0.307206038107889E-04
    0.371324594555423E-04
    0.436365704357966E-04
    0.502342641437141E-04
    0.569268870702973E-04
    0.637158050801885E-04
    0.706024036904215E-04
    0.775880883531859E-04
    0.846742847426584E-04
    0.918624390459616E-04
    0.991540182583096E-04
    0.106550510482400E-03
    0.114053425232112E-03
    0.121664293740578E-03
    0.129384669272684E-03
    0.137216127442068E-03
    0.145160266532679E-03
    0.153218707824965E-03
    0.161393095926749E-03
    0.169685099108870E-03
    0.178096409645653E-03
    0.186628744160278E-03
    0.195283843975115E-03
    0.204063475467101E-03
    0.212969430428236E-03
    0.222003526431256E-03
    0.231167607200575E-03
    0.240463542988561E-03
    0.249893230957227E-03
    0.259458595565413E-03
    0.269161588961540E-03
    0.279004191382014E-03
    0.288988411555361E-03
    0.299116287112183E-03
    0.309389885001004E-03
    0.319811301910103E-03
    0.330382664695421E-03
    0.341106130814616E-03
    0.351983888767371E-03
    0.363018158542033E-03
    0.374211192068679E-03
    0.385565273678701E-03
    0.397082720571007E-03
    0.408765883284922E-03
    0.420617146179902E-03
    0.432638927922144E-03
    0.444833681978201E-03
    0.457203897115695E-03
    0.469752097911241E-03
    0.482480845265675E-03
    0.495392736926692E-03
    0.508490408019010E-03
    0.521776531582162E-03
    0.535253819116018E-03
    0.548925021134164E-03
    0.562792927725245E-03
    0.576860369122372E-03
    0.591130216280737E-03
    0.605605381463529E-03
    0.620288818836284E-03
    0.635183525069787E-03
    0.650292539951643E-03
    0.665618947006660E-03
    0.681165874126144E-03
    0.696936494206255E-03
    0.712934025795552E-03
    0.729161733751845E-03
    0.745622929908508E-03
    0.762320973750370E-03
    0.779259273099341E-03
    0.796441284809893E-03
    0.813870515474552E-03
    0.831550522139543E-03
    0.849484913030728E-03
    0.867677348289993E-03
    0.886131540722225E-03
    0.904851256553040E-03
    0.923840316197413E-03
    0.943102595039370E-03
    0.962642024222891E-03
    0.982462591454200E-03
    0.100256834181559E-02
    0.102296337859098E-02
    0.104365186410331E-02
    0.106463802056402E-02
    0.108592613093474E-02
    0.110752053980138E-02
    0.112942565426078E-02
    0.115164594482016E-02
    0.117418594630943E-02
    0.119705025880676E-02
    0.122024354857729E-02
    0.124377054902554E-02
    0.126763606166134E-02
    0.129184495707981E-02
    0.131640217595533E-02
    0.134131273004988E-02
    0.136658170323586E-02
    0.139221425253362E-02
    0.141821560916395E-02
    0.144459107961565E-02
    0.147134604672855E-02
    0.149848597079204E-02
    0.152601639065944E-02
    0.155394292487837E-02
    0.158227127283744E-02
    0.161100721592940E-02
    0.164015661873100E-02
    0.166972543019991E-02
    0.169971968488875E-02
    0.173014550417672E-02
    0.176100909751881E-02
    0.179231676371307E-02
    0.182407489218613E-02
    0.185628996429713E-02
    0.188896855466050E-02
    0.192211733248770E-02
    0.195574306294834E-02
    0.198985260855081E-02
    0.202445293054282E-02
    0.205955109033207E-02
    0.209515425092738E-02
    0.213126967840053E-02
    0.216790474336917E-02
    0.220506692250100E-02
    0.224276380003969E-02
    0.228100306935263E-02
    0.231979253450109E-02
    0.235914011183285E-02
    0.239905383159781E-02
    0.243954183958680E-02
    0.248061239879407E-02
    0.252227389110354E-02
    0.256453481899945E-02
    0.260740380730155E-02
    0.265088960492528E-02
    0.269500108666729E-02
    0.273974725501657E-02
    0.278513724199178E-02
    0.283118031100486E-02
    0.287788585875156E-02
    0.292526341712914E-02
    0.297332265518163E-02
    0.302207338107312E-02
    0.307152554408941E-02
    0.312168923666849E-02
    0.317257469646021E-02
    0.322419230841555E-02
    0.327655260690606E-02
    0.332966627787365E-02
    0.338354416101142E-02
    0.343819725197578E-02
    0.349363670463051E-02
    0.354987383332295E-02
    0.360692011519312E-02
    0.366478719251585E-02
    0.372348687507681E-02
    0.378303114258261E-02
    0.384343214710555E-02
    0.390470221556366E-02
    0.396685385223629E-02
    0.402989974131596E-02
    0.409385274949691E-02
    0.415872592860092E-02
    0.422453251824081E-02
    0.429128594852237E-02
    0.435899984278510E-02
    0.442768802038237E-02
    0.449736449950162E-02
    0.456804350002507E-02
    0.463973944643166E-02
    0.471246697074066E-02
    0.478624091549767E-02
    0.486107633680354E-02
    0.493698850738692E-02
    0.501399291972094E-02
    0.509210528918477E-02
    0.517134155727063E-02
    0.525171789483695E-02
    0.533325070540831E-02
    0.541595662852287E-02
    0.549985254312790E-02
    0.558495557102422E-02
    0.567128308036012E-02
    0.575885268917559E-02
    0.584768226899745E-02
    0.593778994848628E-02
    0.602919411713575E-02
    0.612191342902515E-02
    0.621596680662590E-02
    0.631137344466285E-02
    0.640815281403101E-02
    0.650632466576872E-02
    0.660590903508787E-02
    0.670692624546215E-02
    0.680939691277402E-02
    0.691334194952136E-02
    0.701878256908461E-02
    0.712574029005527E-02
    0.723423694062658E-02
    0.734429466304741E-02
    0.745593591814018E-02
    0.756918348988365E-02
    0.768406049006175E-02
    0.780059036297907E-02
    0.791879689024429E-02
    0.803870419562228E-02
    0.816033674995602E-02
    0.828371937615919E-02
    0.840887725428061E-02
    0.853583592664141E-02
    0.866462130304606E-02
    0.879525966606830E-02
    0.892777767641303E-02
    0.906220237835524E-02
    0.919856120525712E-02
    0.933688198516444E-02
    0.947719294648333E-02
    0.961952272373862E-02
    0.976390036341495E-02
    0.991035532988172E-02
    0.100589175114032E-01
    0.102096172262350E-01
    0.103624852288080E-01
    0.105175527160012E-01
    0.106748513335045E-01
    0.108344131822730E-01
    0.109962708250742E-01
    0.111604572931282E-01
    0.113270060928447E-01
    0.114959512126557E-01
    0.116673271299461E-01
    0.118411688180848E-01
    0.120175117535555E-01
    0.121963919231909E-01
    0.123778458315096E-01
    0.125619105081593E-01
    0.127486235154659E-01
    0.129380229560914E-01
    0.131301474808012E-01
    0.133250362963433E-01
    0.135227291734397E-01
    0.137232664548931E-01
    0.139266890638093E-01
    0.141330385119371E-01
    0.143423569081289E-01
    0.145546869669209E-01
    0.147700720172370E-01
    0.149885560112178E-01
    0.152101835331744E-01
    0.154349998086723E-01
    0.156630507137436E-01
    0.158943827842318E-01
    0.161290432252700E-01
    0.163670799208949E-01
    0.166085414437975E-01
    0.168534770652143E-01
    0.171019367649579E-01
    0.173539712415933E-01
    0.176096319227572E-01
    0.178689709756258E-01
    0.181320413175318E-01
    0.183988966267323E-01
    0.186695913533308E-01
    0.189441807303545E-01
    0.192227207849893E-01
    0.195052683499750E-01
    0.197918810751627E-01
    0.200826174392361E-01
    0.203775367616002E-01
    0.206766992144382E-01
    0.209801658349403E-01
    0.212879985377060E-01
    0.216002601273215E-01
    0.219170143111169E-01
    0.222383257121030E-01
    0.225642598820918E-01
    0.228948833150028E-01
    0.232302634603573E-01
    0.235704687369633E-01
    0.239155685467942E-01
    0.242656332890625E-01
    0.246207343744933E-01
    0.249809442397972E-01
    0.253463363623485E-01
    0.257169852750690E-01
    0.260929665815212E-01
    0.264743569712132E-01
    0.268612342351184E-01
    0.272536772814130E-01
    0.276517661514331E-01
    0.280555820358549E-01
    0.284652072911016E-01
    0.288807254559781E-01
    0.293022212685383E-01
    0.297297806831861E-01
    0.301634908880149E-01
    0.306034403223868E-01
    0.310497186947557E-01
    0.315024170007370E-01
    0.319616275414264E-01
    0.324274439419714E-01
    0.328999611703987E-01
    0.333792755566993E-01
    0.338654848121763E-01
    0.343586880490569E-01
    0.348589858003720E-01
    0.353664800401076E-01
    0.358812742036290E-01
    0.364034732083833E-01
    0.369331834748812E-01
    0.374705129479627E-01
    0.380155711183487E-01
    0.385684690444828E-01
    0.391293193746650E-01
    0.396982363694816E-01
    0.402753359245333E-01
    0.408607355934656E-01
    0.414545546113040E-01
    0.420569139180966E-01
    0.426679361828680E-01
    0.432877458278867E-01
    0.439164690532492E-01
    0.445542338617845E-01
    0.452011700842798E-01
    0.458574094050325E-01
    0.465230853877299E-01
    0.471983335016600E-01
    0.478832911482556E-01
    0.485780976879740E-01
    0.492828944675166E-01
    0.499978248473885E-01
    0.507230342298021E-01
    0.514586700869266E-01
    0.522048819894853E-01
    0.529618216357040E-01
    0.537296428806104E-01
    0.545085017656890E-01
    0.552985565488916E-01
    0.560999677350058E-01
    0.569128981063828E-01
    0.577375127540263E-01
    0.585739791090441E-01
    0.594224669744625E-01
    0.602831485574060E-01
    0.611561985016421E-01
    0.620417939204927E-01
    0.629401144301119E-01
    0.638513421831319E-01
    0.647756619026752E-01
    0.657132609167354E-01
    0.666643291929250E-01
    0.676290593735898E-01
    0.686076468112903E-01
    0.696002896046484E-01
    0.706071886345588E-01
    0.716285476007635E-01
    0.726645730587884E-01
    0.737154744572400E-01
    0.747814641754600E-01
    0.758627575615359E-01
    0.769595729706653E-01
    0.780721318038699E-01
    0.792006585470582E-01
    0.803453808104320E-01
    0.815065293682334E-01
    0.826843381988288E-01
    0.838790445251266E-01
    0.850908888553220E-01
    0.863201150239665E-01
    0.875669702333560E-01
    0.888317050952329E-01
    0.901145736727965E-01
    0.914158335230160E-01
    0.927357457392409E-01
    0.940745749941016E-01
    0.954325895826952E-01
    0.968100614660490E-01
    0.982072663148563E-01
    0.996244835534756E-01
    0.101061996404189E+00
    0.102520091931713E+00
    0.103999061087948E+00
    0.105499198756971E+00
    0.107020803800257E+00
    0.108564179102121E+00
    0.110129631615375E+00
    0.111717472407204E+00
    0.113328016705234E+00
    0.114961583943803E+00
    0.116618497810423E+00
    0.118299086292428E+00
    0.120003681723799E+00
    0.121732620832169E+00
    0.123486244786000E+00
    0.125264899241930E+00
    0.127068934392280E+00
    0.128898705012733E+00
    0.130754570510175E+00
    0.132636894970698E+00
    0.134546047207769E+00
    0.136482400810564E+00
    0.138446334192477E+00
    0.140438230639798E+00
    0.142458478360579E+00
    0.144507470533675E+00
    0.146585605357994E+00
    0.148693286101945E+00
    0.150830921153102E+00
    0.152998924068094E+00
    0.155197713622741E+00
    0.157427713862439E+00
    0.159689354152818E+00
    0.161983069230676E+00
    0.164309299255225E+00
    0.166668489859639E+00
    0.169061092202943E+00
    0.171487563022234E+00
    0.173948364685263E+00
    0.176443965243383E+00
    0.178974838484858E+00
    0.181541463988552E+00
    0.184144327177981E+00
    0.186783919375716E+00
    0.189460737858121E+00
    0.192175285910399E+00
    0.194928072881885E+00
    0.197719614241538E+00
    0.200550431633554E+00
    0.203421052932989E+00
    0.206332012301268E+00
    0.209283850241432E+00
    0.212277113652917E+00
    0.215312355885637E+00
    0.218390136793101E+00
    0.221511022784218E+00
    0.224675586873399E+00
    0.227884408728504E+00
    0.231138074716072E+00
    0.234437177943219E+00
    0.237782318295452E+00
    0.241174102469560E+00
    0.244613144000591E+00
    0.248100063281793E+00
    0.251635487576221E+00
    0.255220051018533E+00
    0.258854394605287E+00
    0.262539166171825E+00
    0.266275020353565E+00
    0.270062618529246E+00
    0.273902628743329E+00
    0.277795725604439E+00
    0.281742590156293E+00
    0.285743909717172E+00
    0.289800377683481E+00
    0.293912693292422E+00
    0.298081561338227E+00
    0.302307691835752E+00
    0.306591799624517E+00
    0.310934603905539E+00
    0.315336827702419E+00
    0.319799197237240E+00
    0.324322441210850E+00
    0.328907289975954E+00
    0.333554474590306E+00
    0.338264725735957E+00
    0.343038772489137E+00
    0.347877340923837E+00
    0.352781152530504E+00
    0.357750922429542E+00
    0.362787357357385E+00
    0.367891153400913E+00
    0.373062993453815E+00
    0.378303544366189E+00
    0.383613453756223E+00
    0.388993346450200E+00
    0.394443820514319E+00
    0.399965442838934E+00
    0.405558744232762E+00
    0.411224213981428E+00
    0.416962293821428E+00
    0.422773371277125E+00
    0.428657772304883E+00
    0.434615753184810E+00
    0.440647491596888E+00
    0.446753076814569E+00
    0.452932498945156E+00
    0.459185637142659E+00
    0.465512246715156E+00
    0.471911945045304E+00
    0.478384196239358E+00
    0.484928294417129E+00
    0.491543345552692E+00
    0.498228247773571E+00
    0.504981670024532E+00
    0.511802029001295E+00
    0.518687464259409E+00
    0.525635811404508E+00
    0.532644573272236E+00
    0.539710889009514E+00
    0.546831500973758E+00
    0.554002719373251E+00
    0.561220384580460E+00
    0.568479827060777E+00
    0.575775824872367E+00
    0.583102558708560E+00
    0.590453564473013E+00
    0.597821683399816E+00
    0.605199009756077E+00
    0.612576836193707E+00
    0.619945596850157E+00
    0.627294808335142E+00
    0.634613008782018E+00
    0.641887695188621E+00
    0.649105259323143E+00
    0.656250922526018E+00
    0.663308669798750E+00
    0.670261183635009E+00
    0.677089778117819E+00
    0.683774333878847E+00
    0.690293234591066E+00
    0.696623305743654E+00
    0.702739756526751E+00
    0.708616125732575E+00
    0.714224232656577E+00
    0.719534134056224E+00
    0.724514088293168E+00
    0.729130527844719E+00
    0.733348041419522E+00
    0.737129366946986E+00
    0.740435396726609E+00
    0.743225196017610E+00
    0.745456036316957E+00
    0.747083444509897E+00
    0.748061268976365E+00
    0.748341763593783E+00
    0.747875690386049E+00
    0.746612441324491E+00
    0.744500179483590E+00
    0.741485999387172E+00
    0.737516105944956E+00
    0.732536010870706E+00
    0.726490744889252E+00
    0.719325083378757E+00
    0.710983782357509E+00
    0.701411820914042E+00
    0.690554645301094E+00
    0.678358408976972E+00
    0.664770201894918E+00
    0.649738261329521E+00
    0.633212155511086E+00
    0.615142930341938E+00
    0.595483208526344E+00
    0.574187229597752E+00
    0.551210818619642E+00
    0.526511270821904E+00
    0.500047139172106E+00
    0.471777911934792E+00
    0.441663567711132E+00
    0.409663996348826E+00
    0.375738275542362E+00
    0.339843794980714E+00
    0.301935222613687E+00
    0.261963311063047E+00
    0.219873546452898E+00
    0.175604647012273E+00
    0.129086924727596E+00
    0.802405300825043E-01
    0.289736074740025E-01
   -0.248196028457797E-01
   -0.812606716115867E-01
   -0.140488842236316E+00
   -0.202662784005017E+00
   -0.267962164138095E+00
   -0.336588957282597E+00
   -0.408768403076842E+00
   -0.484749515885166E+00
   -0.564805046137131E+00
   -0.649230790488194E+00
   -0.738344148828362E+00
   -0.832481830584841E+00
   -0.931996621353545E+00
   -0.103725313415636E+01
   -0.114862248796984E+01
   -0.126647587988993E+01
   -0.139117704649852E+01
   -0.152307364457728E+01
   -0.166248762091540E+01
   -0.180970468492668E+01
   -0.196496304515512E+01
   -0.212844162018786E+01
   -0.230024798434700E+01
   -0.248040635679896E+01
   -0.266884598710526E+01
   -0.286539032820597E+01
   -0.306974741668634E+01
   -0.328150189719730E+01
   -0.350010913044525E+01
   -0.372489180985718E+01
   -0.395503947891501E+01
   -0.418961128790979E+01
   -0.442754225496033E+01
   -0.466765320201229E+01
   -0.490866442372752E+01
   -0.514921301843768E+01
   -0.538787366965589E+01
   -0.562318251919729E+01
   -0.585366362501208E+01
   -0.607785735550016E+01
   -0.629434994502784E+01
   -0.650180333043931E+01
   -0.669898431308504E+01
   -0.688479205200424E+01
   -0.705828289678997E+01
   -0.721869161688550E+01
   -0.736544817887624E+01
   -0.749818936340017E+01
   -0.761676469444475E+01
   -0.772123636905932E+01
   -0.781187311531372E+01
   -0.788913815891099E+01
   -0.795367173088653E+01
   -0.800626878620994E+01
   -0.804785281193117E+01
   -0.807944677102990E+01
   -0.810214234372326E+01
   -0.811706868407054E+01
   -0.812536190238581E+01
   -0.812813641346256E+01
   -0.812645916138697E+01
   -0.812132755222361E+01
   -0.811365170797269E+01
   -0.810424141333312E+01
   -0.809379787680516E+01
   -0.808291018556285E+01
   -0.807205611428143E+01
   -0.806160676444725E+01
   -0.805183437215683E+01
   -0.804292253475350E+01
   -0.803497807146939E+01
   -0.802804374814681E+01
   -0.802211115515781E+01
   -0.801713312208555E+01
   -0.801303517200293E+01
   -0.800972565094760E+01
   -0.800710430338977E+01
   -0.800506919226902E+01
   -0.800352197459934E+01
   -0.800237163514153E+01
   -0.800153684817936E+01
   -0.800094718040916E+01
   -0.800054336785987E+01
   -0.800027689972689E+01
   -0.800010912619880E+01
   -0.800001008043383E+01
   -0.799995717140092E+01
   -0.799993386847920E+01
   -0.799992846389255E+01
   -0.799993296772736E+01
   -0.799994216399815E+01
   -0.799995283569738E+01
   -0.799996315199881E+01
   -0.799997220127273E+01
   -0.799997964848064E+01
   -0.799998549386442E+01
   -0.799998991063665E+01
   -0.799999314171530E+01
   -0.799999543867924E+01
   -0.799999702948677E+01
   -0.799999810470520E+01
   -0.799999881481426E+01
   -0.799999927346082E+01
   -0.799999956333928E+01
   -0.799999974269344E+01
   -0.799999985135353E+01
   -0.799999991582142E+01
   -0.799999995327893E+01
   -0.799999997459107E+01
   -0.799999998646370E+01
   -0.799999999293825E+01
   -0.799999999639367E+01
   -0.799999999819789E+01
   -0.799999999911921E+01
   -0.799999999957914E+01
   -0.799999999980351E+01
   -0.799999999991041E+01
   -0.799999999996013E+01
   -0.799999999998269E+01
   -0.799999999999268E+01
   -0.799999999999698E+01
   -0.799999999999879E+01
   -0.799999999999953E+01
   -0.799999999999982E+01
   -0.799999999999993E+01
   -0.799999999999998E+01
   -0.799999999999999E+01
   -0.800000000000000E+01
   -0.800000000000000E+01
   -0.800000000000000E+01
   -0.800000000000000E+01
   -0.800000000000000E+01
   -0.800000000000000E+01
   -0.800000000000000E+01
   -0.800000000000000E+01
   -0.800000000000000E+01
   -0.800000000000000E+01
   -0.800000000000000E+01
   -0.800000000000000E+01
   -0.800000000000000E+01
   -0.800000000000000E+01
   -0.800000000000000E+01
   -0.800000000000000E+01
   -0.800000000000000E+01
   -0.800000000000000E+01
   -0.800000000000000E+01
   -0.800000000000000E+01
   -0.800000000000000E+01
   -0.800000000000000E+01
   -0.800000000000000E+01
   -0.800000000000000E+01
   -0.800000000000000E+01
   -0.800000000000000E+01
   -0.800000000000000E+01
   -0.800000000000000E+01
   -0.800000000000000E+01
   -0.800000000000000E+01
   -0.800000000000000E+01
   -0.800000000000000E+01
   -0.800000000000000E+01
   -0.800000000000000E+01
   -0.800000000000000E+01
   -0.800000000000000E+01
   -0.800000000000000E+01
   -0.800000000000000E+01
   -0.800000000000000E+01
   -0.800000000000000E+01
   -0.800000000000000E+01
   -0.800000000000000E+01
   -0.800000000000000E+01
   -0.800000000000000E+01
   -0.800000000000000E+01
   -0.800000000000000E+01
   -0.800000000000000E+01
   -0.800000000000000E+01
   -0.800000000000000E+01
   -0.800000000000000E+01
   -0.800000000000000E+01
   -0.800000000000000E+01
   -0.800000000000000E+01
   -0.800000000000000E+01
   -0.800000000000000E+01
   -0.800000000000000E+01
   -0.800000000000000E+01
   -0.800000000000000E+01
   -0.800000000000000E+01
   -0.800000000000000E+01
   -0.800000000000000E+01
   -0.800000000000000E+01
   -0.800000000000000E+01
   -0.800000000000000E+01
   -0.800000000000000E+01
   -0.800000000000000E+01
   -0.800000000000000E+01
   -0.800000000000000E+01
   -0.800000000000000E+01
   -0.800000000000000E+01
   -0.800000000000000E+01
   -0.800000000000000E+01
   -0.800000000000000E+01
   -0.800000000000000E+01
   -0.800000000000000E+01
   -0.800000000000000E+01
   -0.800000000000000E+01
   -0.800000000000000E+01
   -0.800000000000000E+01
   -0.800000000000000E+01
   -0.800000000000000E+01
   -0.800000000000000E+01
   -0.800000000000000E+01
   -0.800000000000000E+01
   -0.800000000000000E+01
   -0.800000000000000E+01
   -0.800000000000000E+01
   -0.800000000000000E+01
   -0.800000000000000E+01
   -0.800000000000000E+01
   -0.800000000000000E+01
   -0.800000000000000E+01
   -0.800000000000000E+01
   -0.800000000000000E+01
   -0.800000000000000E+01
   -0.800000000000000E+01
   -0.800000000000000E+01
   -0.800000000000000E+01
   -0.800000000000000E+01
   -0.800000000000000E+01
   -0.800000000000000E+01
   -0.800000000000000E+01
   -0.800000000000000E+01
   -0.800000000000000E+01
   -0.800000000000000E+01
   -0.800000000000000E+01
   -0.800000000000000E+01
   -0.800000000000000E+01
   -0.800000000000000E+01
   -0.800000000000000E+01
   -0.800000000000000E+01
   -0.800000000000000E+01
   -0.800000000000000E+01
   -0.800000000000000E+01
   -0.800000000000000E+01
   -0.800000000000000E+01
   -0.800000000000000E+01
   -0.800000000000000E+01
   -0.800000000000000E+01
   -0.800000000000000E+01
   -0.800000000000000E+01
   -0.800000000000000E+01
   -0.800000000000000E+01
   -0.800000000000000E+01
   -0.800000000000000E+01
   -0.800000000000000E+01
   -0.800000000000000E+01
   -0.800000000000000E+01
   -0.800000000000000E+01
   -0.800000000000000E+01
   -0.800000000000000E+01
   -0.800000000000000E+01
   -0.800000000000000E+01
   -0.800000000000000E+01
   -0.800000000000000E+01
   -0.800000000000000E+01
   -0.800000000000000E+01
   -0.800000000000000E+01
   -0.800000000000000E+01
   -0.800000000000000E+01
   -0.800000000000000E+01
   -0.800000000000000E+01
   -0.800000000000000E+01
   -0.800000000000000E+01
   -0.800000000000000E+01
   -0.800000000000000E+01
   -0.800000000000000E+01
   -0.800000000000000E+01
   -0.800000000000000E+01
   -0.800000000000000E+01
   -0.800000000000000E+01
   -0.800000000000000E+01
   -0.800000000000000E+01
   -0.800000000000000E+01
   -0.800000000000000E+01
   -0.800000000000000E+01
   -0.800000000000000E+01
   -0.800000000000000E+01
   -0.800000000000000E+01
   -0.800000000000000E+01
   -0.800000000000000E+01
   -0.800000000000000E+01
   -0.800000000000000E+01
   -0.800000000000000E+01
   -0.800000000000000E+01
   -0.800000000000000E+01
   -0.800000000000000E+01
   -0.800000000000000E+01
   -0.800000000000000E+01
   -0.800000000000000E+01
   -0.800000000000000E+01
   -0.800000000000000E+01
   -0.800000000000000E+01
   -0.800000000000000E+01
   -0.800000000000000E+01
   -0.800000000000000E+01
   -0.800000000000000E+01
   -0.800000000000000E+01
   -0.800000000000000E+01
   -0.800000000000000E+01
   -0.800000000000000E+01
   -0.800000000000000E+01
   -0.800000000000000E+01
   -0.800000000000000E+01
   -0.800000000000000E+01
   -0.800000000000000E+01
   -0.800000000000000E+01
   -0.800000000000000E+01
   -0.800000000000000E+01
   -0.800000000000000E+01
   -0.800000000000000E+01
   -0.800000000000000E+01
   -0.800000000000000E+01
   -0.800000000000000E+01
   -0.800000000000000E+01
   -0.800000000000000E+01
   -0.800000000000000E+01
   -0.800000000000000E+01
   -0.800000000000000E+01
   -0.800000000000000E+01
   -0.800000000000000E+01
   -0.800000000000000E+01
   -0.800000000000000E+01
   -0.800000000000000E+01
   -0.800000000000000E+01
   -0.800000000000000E+01
   -0.800000000000000E+01
   -0.800000000000000E+01
   -0.800000000000000E+01
   -0.800000000000000E+01
   -0.800000000000000E+01
   -0.800000000000000E+01
   -0.800000000000000E+01
   -0.800000000000000E+01
   -0.800000000000000E+01
   -0.800000000000000E+01
   -0.800000000000000E+01
   -0.800000000000000E+01
   -0.800000000000000E+01
   -0.800000000000000E+01
   -0.800000000000000E+01
   -0.800000000000000E+01
   -0.800000000000000E+01
   -0.800000000000000E+01
   -0.800000000000000E+01
   -0.800000000000000E+01
   -0.800000000000000E+01
   -0.800000000000000E+01
   -0.800000000000000E+01
   -0.800000000000000E+01
   -0.800000000000000E+01
   -0.800000000000000E+01
   -0.800000000000000E+01
   -0.800000000000000E+01
   -0.800000000000000E+01
   -0.800000000000000E+01
   -0.800000000000000E+01
   -0.800000000000000E+01
   -0.800000000000000E+01
   -0.800000000000000E+01
   -0.800000000000000E+01
   -0.800000000000000E+01
   -0.800000000000000E+01
   -0.800000000000000E+01
   -0.800000000000000E+01
   -0.800000000000000E+01
   -0.800000000000000E+01
   -0.800000000000000E+01
   -0.800000000000000E+01
   -0.800000000000000E+01
   -0.800000000000000E+01
   -0.800000000000000E+01
   -0.800000000000000E+01
   -0.800000000000000E+01
   -0.800000000000000E+01
   -0.800000000000000E+01
r*potential (L=1) in Ry
    0.000000000000000E+00
   -0.354627572057445E-04
   -0.714357611707868E-04
   -0.107926353449363E-03
   -0.144941981227772E-03
   -0.182490198844240E-03
   -0.220578669330643E-03
   -0.259215165976421E-03
   -0.298407573914989E-03
   -0.338163891732976E-03
   -0.378492233102617E-03
   -0.419400828437633E-03
   -0.460898026572936E-03
   -0.502992296468499E-03
   -0.545692228937751E-03
   -0.589006538400827E-03
   -0.632944064663055E-03
   -0.677513774719029E-03
   -0.722724764582637E-03
   -0.768586261143425E-03
   -0.815107624049662E-03
   -0.862298347618513E-03
   -0.910168062773679E-03
   -0.958726539010932E-03
   -0.100798368639192E-02
   -0.105794955756666E-02
   -0.110863434982515E-02
   -0.116004840717846E-02
   -0.121220222246981E-02
   -0.126510643951598E-02
   -0.131877185527960E-02
   -0.137320942207258E-02
   -0.142843024979140E-02
   -0.148444560818438E-02
   -0.154126692915174E-02
   -0.159890580907866E-02
   -0.165737401120192E-02
   -0.171668346801060E-02
   -0.177684628368133E-02
   -0.183787473654859E-02
   -0.189978128161050E-02
   -0.196257855307071E-02
   -0.202627936691688E-02
   -0.209089672353621E-02
   -0.215644381036861E-02
   -0.222293400459810E-02
   -0.229038087588285E-02
   -0.235879818912458E-02
   -0.242819990727776E-02
   -0.249860019419922E-02
   -0.257001341753884E-02
   -0.264245415167169E-02
   -0.271593718067252E-02
   -0.279047750133293E-02
   -0.286609032622199E-02
   -0.294279108679091E-02
   -0.302059543652238E-02
   -0.309951925412520E-02
   -0.317957864677486E-02
   -0.326078995340085E-02
   -0.334316974802110E-02
   -0.342673484312456E-02
   -0.351150229310236E-02
   -0.359748939772834E-02
   -0.368471370568968E-02
   -0.377319301816836E-02
   -0.386294539247407E-02
   -0.395398914572946E-02
   -0.404634285860840E-02
   -0.414002537912801E-02
   -0.423505582649524E-02
   -0.433145359500887E-02
   -0.442923835801754E-02
   -0.452843007193480E-02
   -0.462904898031196E-02
   -0.473111561796944E-02
   -0.483465081518766E-02
   -0.493967570195817E-02
   -0.504621171229599E-02
   -0.515428058861393E-02
   -0.526390438615995E-02
   -0.537510547751828E-02
   -0.548790655717530E-02
   -0.560233064615120E-02
   -0.571840109669823E-02
   -0.583614159706647E-02
   -0.595557617633837E-02
   -0.607672920933260E-02
   -0.619962542157869E-02
   -0.632428989436310E-02
   -0.645074806984794E-02
   -0.657902575626334E-02
   -0.670914913317451E-02
   -0.684114475682466E-02
   -0.697503956555464E-02
   -0.711086088530075E-02
   -0.724863643517149E-02
   -0.738839433310467E-02
   -0.753016310160582E-02
   -0.767397167356923E-02
   -0.781984939818274E-02
   -0.796782604691743E-02
   -0.811793181960360E-02
   -0.827019735059405E-02
   -0.842465371501612E-02
   -0.858133243511368E-02
   -0.874026548668032E-02
   -0.890148530558516E-02
   -0.906502479439253E-02
   -0.923091732907687E-02
   -0.939919676583433E-02
   -0.956989744799224E-02
   -0.974305421301817E-02
   -0.991870239962963E-02
   -0.100968778550063E-01
   -0.102776169421058E-01
   -0.104609565470850E-01
   -0.106469340868276E-01
   -0.108355875165809E-01
   -0.110269553377012E-01
   -0.112210766055123E-01
   -0.114179909372750E-01
   -0.116177385202733E-01
   -0.118203601200158E-01
   -0.120258970885549E-01
   -0.122343913729269E-01
   -0.124458855237120E-01
   -0.126604227037189E-01
   -0.128780466967933E-01
   -0.130988019167537E-01
   -0.133227334164556E-01
   -0.135498868969860E-01
   -0.137803087169905E-01
   -0.140140459021344E-01
   -0.142511461546998E-01
   -0.144916578633212E-01
   -0.147356301128606E-01
   -0.149831126944252E-01
   -0.152341561155292E-01
   -0.154888116104013E-01
   -0.157471311504410E-01
   -0.160091674548254E-01
   -0.162749740012682E-01
   -0.165446050369337E-01
   -0.168181155895081E-01
   -0.170955614784297E-01
   -0.173769993262810E-01
   -0.176624865703441E-01
   -0.179520814743235E-01
   -0.182458431402364E-01
   -0.185438315204749E-01
   -0.188461074300410E-01
   -0.191527325589587E-01
   -0.194637694848633E-01
   -0.197792816857735E-01
   -0.200993335530455E-01
   -0.204239904045151E-01
   -0.207533184978277E-01
   -0.210873850439606E-01
   -0.214262582209402E-01
   -0.217700071877556E-01
   -0.221187020984735E-01
   -0.224724141165556E-01
   -0.228312154293818E-01
   -0.231951792629830E-01
   -0.235643798969852E-01
   -0.239388926797694E-01
   -0.243187940438489E-01
   -0.247041615214680E-01
   -0.250950737604258E-01
   -0.254916105401266E-01
   -0.258938527878625E-01
   -0.263018825953287E-01
   -0.267157832353783E-01
   -0.271356391790166E-01
   -0.275615361126406E-01
   -0.279935609555270E-01
   -0.284318018775705E-01
   -0.288763483172790E-01
   -0.293272910000263E-01
   -0.297847219565684E-01
   -0.302487345418255E-01
   -0.307194234539350E-01
   -0.311968847535779E-01
   -0.316812158835842E-01
   -0.321725156888190E-01
   -0.326708844363563E-01
   -0.331764238359422E-01
   -0.336892370607526E-01
   -0.342094287684496E-01
   -0.347371051225415E-01
   -0.352723738140490E-01
   -0.358153440834841E-01
   -0.363661267431453E-01
   -0.369248341997324E-01
   -0.374915804772887E-01
   -0.380664812404712E-01
   -0.386496538181572E-01
   -0.392412172273901E-01
   -0.398412921976695E-01
   -0.404500011955909E-01
   -0.410674684498407E-01
   -0.416938199765495E-01
   -0.423291836050116E-01
   -0.429736890037738E-01
   -0.436274677070998E-01
   -0.442906531418155E-01
   -0.449633806545404E-01
   -0.456457875393114E-01
   -0.463380130656033E-01
   -0.470401985067533E-01
   -0.477524871687940E-01
   -0.484750244197015E-01
   -0.492079577190650E-01
   -0.499514366481818E-01
   -0.507056129405873E-01
   -0.514706405130232E-01
   -0.522466754968514E-01
   -0.530338762699204E-01
   -0.538324034888901E-01
   -0.546424201220220E-01
   -0.554640914824409E-01
   -0.562975852618756E-01
   -0.571430715648853E-01
   -0.580007229435782E-01
   -0.588707144328302E-01
   -0.597532235860102E-01
   -0.606484305112199E-01
   -0.615565179080547E-01
   -0.624776711048942E-01
   -0.634120780967292E-01
   -0.643599295835334E-01
   -0.653214190091869E-01
   -0.662967426009606E-01
   -0.672860994095683E-01
   -0.682896913497964E-01
   -0.693077232417170E-01
   -0.703404028524955E-01
   -0.713879409387994E-01
   -0.724505512898182E-01
   -0.735284507709015E-01
   -0.746218593678268E-01
   -0.757310002317037E-01
   -0.768560997245246E-01
   -0.779973874653715E-01
   -0.791550963772883E-01
   -0.803294627348276E-01
   -0.815207262122822E-01
   -0.827291299326113E-01
   -0.839549205170711E-01
   -0.851983481355601E-01
   -0.864596665576896E-01
   -0.877391332045898E-01
   -0.890370092014613E-01
   -0.903535594308844E-01
   -0.916890525868961E-01
   -0.930437612298454E-01
   -0.944179618420394E-01
   -0.958119348841910E-01
   -0.972259648526798E-01
   -0.986603403376373E-01
   -0.100115354081870E+00
   -0.101591303040633E+00
   -0.103088488442257E+00
   -0.104607215849664E+00
   -0.106147795222753E+00
   -0.107710540981697E+00
   -0.109295772071145E+00
   -0.110903812025355E+00
   -0.112534989034264E+00
   -0.114189636010504E+00
   -0.115868090657399E+00
   -0.117570695537928E+00
   -0.119297798144689E+00
   -0.121049750970875E+00
   -0.122826911582268E+00
   -0.124629642690273E+00
   -0.126458312226010E+00
   -0.128313293415470E+00
   -0.130194964855758E+00
   -0.132103710592438E+00
   -0.134039920197991E+00
   -0.136003988851407E+00
   -0.137996317418929E+00
   -0.140017312535962E+00
   -0.142067386690160E+00
   -0.144146958305723E+00
   -0.146256451828904E+00
   -0.148396297814755E+00
   -0.150566933015129E+00
   -0.152768800467950E+00
   -0.155002349587777E+00
   -0.157268036257679E+00
   -0.159566322922435E+00
   -0.161897678683088E+00
   -0.164262579392866E+00
   -0.166661507754489E+00
   -0.169094953418891E+00
   -0.171563413085365E+00
   -0.174067390603169E+00
   -0.176607397074597E+00
   -0.179183950959548E+00
   -0.181797578181613E+00
   -0.184448812235697E+00
   -0.187138194297212E+00
   -0.189866273332847E+00
   -0.192633606212956E+00
   -0.195440757825570E+00
   -0.198288301192076E+00
   -0.201176817584578E+00
   -0.204106896644958E+00
   -0.207079136505683E+00
   -0.210094143912367E+00
   -0.213152534348116E+00
   -0.216254932159697E+00
   -0.219401970685539E+00
   -0.222594292385610E+00
   -0.225832548973194E+00
   -0.229117401548588E+00
   -0.232449520734763E+00
   -0.235829586815011E+00
   -0.239258289872610E+00
   -0.242736329932535E+00
   -0.246264417105259E+00
   -0.249843271732656E+00
   -0.253473624536061E+00
   -0.257156216766508E+00
   -0.260891800357177E+00
   -0.264681138078101E+00
   -0.268525003693150E+00
   -0.272424182119343E+00
   -0.276379469588517E+00
   -0.280391673811394E+00
   -0.284461614144084E+00
   -0.288590121757065E+00
   -0.292778039806674E+00
   -0.297026223609167E+00
   -0.301335540817364E+00
   -0.305706871599947E+00
   -0.310141108823440E+00
   -0.314639158236926E+00
   -0.319201938659534E+00
   -0.323830382170754E+00
   -0.328525434303633E+00
   -0.333288054240878E+00
   -0.338119215013948E+00
   -0.343019903705159E+00
   -0.347991121652875E+00
   -0.353033884659825E+00
   -0.358149223204614E+00
   -0.363338182656473E+00
   -0.368601823493323E+00
   -0.373941221523189E+00
   -0.379357468109055E+00
   -0.384851670397197E+00
   -0.390424951549080E+00
   -0.396078450976873E+00
   -0.401813324582652E+00
   -0.407630745001374E+00
   -0.413531901847680E+00
   -0.419518001966609E+00
   -0.425590269688307E+00
   -0.431749947086792E+00
   -0.437998294242883E+00
   -0.444336589511356E+00
   -0.450766129792429E+00
   -0.457288230807650E+00
   -0.463904227380311E+00
   -0.470615473720444E+00
   -0.477423343714539E+00
   -0.484329231220054E+00
   -0.491334550364848E+00
   -0.498440735851632E+00
   -0.505649243267558E+00
   -0.512961549399067E+00
   -0.520379152552108E+00
   -0.527903572877870E+00
   -0.535536352704142E+00
   -0.543279056872454E+00
   -0.551133273081123E+00
   -0.559100612234365E+00
   -0.567182708797620E+00
   -0.575381221159245E+00
   -0.583697831998740E+00
   -0.592134248661688E+00
   -0.600692203541567E+00
   -0.609373454468638E+00
   -0.618179785106085E+00
   -0.627113005353614E+00
   -0.636174951758720E+00
   -0.645367487935830E+00
   -0.654692504993555E+00
   -0.664151921970270E+00
   -0.673747686278290E+00
   -0.683481774156868E+00
   -0.693356191134291E+00
   -0.703372972499351E+00
   -0.713534183782474E+00
   -0.723841921246792E+00
   -0.734298312389491E+00
   -0.744905516453737E+00
   -0.755665724951521E+00
   -0.766581162197778E+00
   -0.777654085856141E+00
   -0.788886787496697E+00
   -0.800281593166160E+00
   -0.811840863970852E+00
   -0.823566996672925E+00
   -0.835462424300271E+00
   -0.847529616770573E+00
   -0.859771081529978E+00
   -0.872189364206897E+00
   -0.884787049281432E+00
   -0.897566760770978E+00
   -0.910531162932554E+00
   -0.923682960982432E+00
   -0.937024901833665E+00
   -0.950559774852130E+00
   -0.964290412631718E+00
   -0.978219691789345E+00
   -0.992350533780435E+00
   -0.100668590573561E+01
   -0.102122882131929E+01
   -0.103598234161090E+01
   -0.105094957600960E+01
   -0.106613368316305E+01
   -0.108153787192131E+01
   -0.109716540231646E+01
   -0.111301958656888E+01
   -0.112910379012100E+01
   -0.114542143269940E+01
   -0.116197598940606E+01
   -0.117877099183974E+01
   -0.119581002924819E+01
   -0.121309674971233E+01
   -0.123063486136288E+01
   -0.124842813363072E+01
   -0.126648039853149E+01
   -0.128479555198535E+01
   -0.130337755517276E+01
   -0.132223043592693E+01
   -0.134135829016363E+01
   -0.136076528334903E+01
   -0.138045565200618E+01
   -0.140043370526049E+01
   -0.142070382642474E+01
   -0.144127047462374E+01
   -0.146213818645889E+01
   -0.148331157771264E+01
   -0.150479534509255E+01
   -0.152659426801469E+01
   -0.154871321042577E+01
   -0.157115712266309E+01
   -0.159393104335125E+01
   -0.161704010133423E+01
   -0.164048951764092E+01
   -0.166428460748214E+01
   -0.168843078227636E+01
   -0.171293355170130E+01
   -0.173779852576756E+01
   -0.176303141691038E+01
   -0.178863804209464E+01
   -0.181462432492762E+01
   -0.184099629777339E+01
   -0.186776010386176E+01
   -0.189492199938384E+01
   -0.192248835556539E+01
   -0.195046566070803E+01
   -0.197886052218715E+01
   -0.200767966839440E+01
   -0.203692995061107E+01
   -0.206661834479739E+01
   -0.209675195328130E+01
   -0.212733800632858E+01
   -0.215838386357454E+01
   -0.218989701529566E+01
   -0.222188508349777E+01
   -0.225435582279504E+01
   -0.228731712105248E+01
   -0.232077699976167E+01
   -0.235474361411802E+01
   -0.238922525276465E+01
   -0.242423033716618E+01
   -0.245976742057266E+01
   -0.249584518653174E+01
   -0.253247244690416E+01
   -0.256965813933544E+01
   -0.260741132413363E+01
   -0.264574118050065E+01
   -0.268465700206235E+01
   -0.272416819163965E+01
   -0.276428425520143E+01
   -0.280501479493732E+01
   -0.284636950138723E+01
   -0.288835814456258E+01
   -0.293099056399372E+01
   -0.297427665763683E+01
   -0.301822636957403E+01
   -0.306284967644098E+01
   -0.310815657251724E+01
   -0.315415705341733E+01
   -0.320086109832319E+01
   -0.324827865070300E+01
   -0.329641959746653E+01
   -0.334529374651401E+01
   -0.339491080264320E+01
   -0.344528034178886E+01
   -0.349641178358012E+01
   -0.354831436221366E+01
   -0.360099709565560E+01
   -0.365446875320101E+01
   -0.370873782143877E+01
   -0.376381246868931E+01
   -0.381970050800549E+01
   -0.387640935885047E+01
   -0.393394600759266E+01
   -0.399231696698481E+01
   -0.405152823482357E+01
   -0.411158525201496E+01
   -0.417249286030230E+01
   -0.423425525994283E+01
   -0.429687596764976E+01
   -0.436035777514464E+01
   -0.442470270869162E+01
   -0.448991199000798E+01
   -0.455598599896406E+01
   -0.462292423849857E+01
   -0.469072530218032E+01
   -0.475938684484416E+01
   -0.482890555671359E+01
   -0.489927714139537E+01
   -0.497049629808826E+01
   -0.504255670828765E+01
   -0.511545102718813E+01
   -0.518917087988334E+01
   -0.526370686233611E+01
   -0.533904854693850E+01
   -0.541518449229886E+01
   -0.549210225668122E+01
   -0.556978841427728E+01
   -0.564822857321546E+01
   -0.572740739390163E+01
   -0.580730860594646E+01
   -0.588791502156371E+01
   -0.596920854292856E+01
   -0.605117016056725E+01
   -0.613377993941833E+01
   -0.621701698876784E+01
   -0.630085941182811E+01
   -0.638528423031510E+01
   -0.647026727899803E+01
   -0.655578306486570E+01
   -0.664180458529702E+01
   -0.672830309946310E+01
   -0.681524784714954E+01
   -0.690260570929920E+01
   -0.699034080486760E+01
   -0.707841401908501E+01
   -0.716678245896411E+01
   -0.725539883290911E+01
   -0.734421075260065E+01
   -0.743315995697677E+01
   -0.752218146012281E+01
   -0.761120262723812E+01
   -0.770014218556763E+01
   -0.778890918026763E+01
   -0.787740188859670E+01
   -0.796550670955062E+01
   -0.805309705004129E+01
   -0.814003223288188E+01
   -0.822615645609014E+01
   -0.831129783724270E+01
   -0.839526758066674E+01
   -0.847785930897930E+01
   -0.855884860369746E+01
   -0.863799280214272E+01
   -0.871503109943581E+01
   -0.878968500479958E+01
   -0.886165920043253E+01
   -0.893064284866531E+01
   -0.899631138876641E+01
   -0.905832885844954E+01
   -0.911635076672380E+01
   -0.917002753414361E+01
   -0.921900850375327E+01
   -0.926294651115642E+01
   -0.930150298534457E+01
   -0.933435353346496E+01
   -0.936119394298221E+01
   -0.938174651418812E+01
   -0.939576661535189E+01
   -0.940304933269222E+01
   -0.940343606859807E+01
   -0.939682092499991E+01
   -0.938315669541089E+01
   -0.936246027983736E+01
   -0.933481733238476E+01
   -0.930038595276012E+01
   -0.925939924067013E+01
   -0.921216654682561E+01
   -0.915907327615366E+01
   -0.910057912788040E+01
   -0.903721469306300E+01
   -0.896957637227236E+01
   -0.889831962346472E+01
   -0.882415060130270E+01
   -0.874781630265280E+01
   -0.867009338678643E+01
   -0.859177589083300E+01
   -0.851366210904085E+01
   -0.843654094613712E+01
   -0.836117808837107E+01
   -0.828830235870949E+01
   -0.821859263348158E+01
   -0.815266569532935E+01
   -0.809106538092009E+01
   -0.803425335143360E+01
   -0.798260176991499E+01
   -0.793638811341108E+01
   -0.789579228125927E+01
   -0.786089608642712E+01
   -0.783168513735214E+01
   -0.780805303660489E+01
   -0.778980774339171E+01
   -0.777667987294704E+01
   -0.776833264059187E+01
   -0.776437310465477E+01
   -0.776436432304241E+01
   -0.776783801480922E+01
   -0.777430731163054E+01
   -0.778327919479262E+01
   -0.779426624046794E+01
   -0.780679733809601E+01
   -0.782042710133267E+01
   -0.783474375533860E+01
   -0.784937535477031E+01
   -0.786399426008371E+01
   -0.787831987199568E+01
   -0.789211969168551E+01
   -0.790520883445318E+01
   -0.791744817453769E+01
   -0.792874133678134E+01
   -0.793903077572472E+01
   -0.794829319426083E+01
   -0.795653455267259E+01
   -0.796378490593937E+01
   -0.797009328441950E+01
   -0.797552280261435E+01
   -0.798014614516355E+01
   -0.798404154103939E+01
   -0.798728929852322E+01
   -0.798996893711438E+01
   -0.799215691982081E+01
   -0.799392496162224E+01
   -0.799533886809971E+01
   -0.799645784261240E+01
   -0.799733419085037E+01
   -0.799801334759925E+01
   -0.799853415133922E+01
   -0.799892929690303E+01
   -0.799922590379767E+01
   -0.799944614692424E+01
   -0.799960790637370E+01
   -0.799972540293582E+01
   -0.799980979531286E+01
   -0.799986972334145E+01
   -0.799991178853466E+01
   -0.799994096885697E+01
   -0.799996096886056E+01
   -0.799997450925447E+01
   -0.799998356182429E+01
   -0.799998953657056E+01
   -0.799999342819711E+01
   -0.799999592885107E+01
   -0.799999751346378E+01
   -0.799999850330625E+01
   -0.799999911256124E+01
   -0.799999948190393E+01
   -0.799999970232640E+01
   -0.799999983176633E+01
   -0.799999990652283E+01
   -0.799999994896254E+01
   -0.799999997263298E+01
   -0.799999998559614E+01
   -0.799999999256306E+01
   -0.799999999623540E+01
   -0.799999999813280E+01
   -0.799999999909313E+01
   -0.799999999956898E+01
   -0.799999999979965E+01
   -0.799999999990899E+01
   -0.799999999995962E+01
   -0.799999999998252E+01
   -0.799999999999262E+01
   -0.799999999999696E+01
   -0.799999999999878E+01
   -0.799999999999953E+01
   -0.799999999999982E+01
   -0.799999999999993E+01
   -0.799999999999998E+01
   -0.799999999999999E+01
   -0.800000000000000E+01
   -0.800000000000000E+01
   -0.800000000000000E+01
   -0.800000000000000E+01
   -0.800000000000000E+01
   -0.800000000000000E+01
   -0.800000000000000E+01
   -0.800000000000000E+01
   -0.800000000000000E+01
   -0.800000000000000E+01
   -0.800000000000000E+01
   -0.800000000000000E+01
   -0.800000000000000E+01
   -0.800000000000000E+01
   -0.800000000000000E+01
   -0.800000000000000E+01
   -0.800000000000000E+01
   -0.800000000000000E+01
   -0.800000000000000E+01
   -0.800000000000000E+01
   -0.800000000000000E+01
   -0.800000000000000E+01
   -0.800000000000000E+01
   -0.800000000000000E+01
   -0.800000000000000E+01
   -0.800000000000000E+01
   -0.800000000000000E+01
   -0.800000000000000E+01
   -0.800000000000000E+01
   -0.800000000000000E+01
   -0.800000000000000E+01
   -0.800000000000000E+01
   -0.800000000000000E+01
   -0.800000000000000E+01
   -0.800000000000000E+01
   -0.800000000000000E+01
   -0.800000000000000E+01
   -0.800000000000000E+01
   -0.800000000000000E+01
   -0.800000000000000E+01
   -0.800000000000000E+01
   -0.800000000000000E+01
   -0.800000000000000E+01
   -0.800000000000000E+01
   -0.800000000000000E+01
   -0.800000000000000E+01
   -0.800000000000000E+01
   -0.800000000000000E+01
   -0.800000000000000E+01
   -0.800000000000000E+01
   -0.800000000000000E+01
   -0.800000000000000E+01
   -0.800000000000000E+01
   -0.800000000000000E+01
   -0.800000000000000E+01
   -0.800000000000000E+01
   -0.800000000000000E+01
   -0.800000000000000E+01
   -0.800000000000000E+01
   -0.800000000000000E+01
   -0.800000000000000E+01
   -0.800000000000000E+01
   -0.800000000000000E+01
   -0.800000000000000E+01
   -0.800000000000000E+01
   -0.800000000000000E+01
   -0.800000000000000E+01
   -0.800000000000000E+01
   -0.800000000000000E+01
   -0.800000000000000E+01
   -0.800000000000000E+01
   -0.800000000000000E+01
   -0.800000000000000E+01
   -0.800000000000000E+01
   -0.800000000000000E+01
   -0.800000000000000E+01
   -0.800000000000000E+01
   -0.800000000000000E+01
   -0.800000000000000E+01
   -0.800000000000000E+01
   -0.800000000000000E+01
   -0.800000000000000E+01
   -0.800000000000000E+01
   -0.800000000000000E+01
   -0.800000000000000E+01
   -0.800000000000000E+01
   -0.800000000000000E+01
   -0.800000000000000E+01
   -0.800000000000000E+01
   -0.800000000000000E+01
   -0.800000000000000E+01
   -0.800000000000000E+01
   -0.800000000000000E+01
   -0.800000000000000E+01
   -0.800000000000000E+01
   -0.800000000000000E+01
   -0.800000000000000E+01
   -0.800000000000000E+01
   -0.800000000000000E+01
   -0.800000000000000E+01
   -0.800000000000000E+01
   -0.800000000000000E+01
   -0.800000000000000E+01
   -0.800000000000000E+01
   -0.800000000000000E+01
   -0.800000000000000E+01
   -0.800000000000000E+01
   -0.800000000000000E+01
   -0.800000000000000E+01
   -0.800000000000000E+01
   -0.800000000000000E+01
   -0.800000000000000E+01
   -0.800000000000000E+01
   -0.800000000000000E+01
   -0.800000000000000E+01
   -0.800000000000000E+01
   -0.800000000000000E+01
   -0.800000000000000E+01
   -0.800000000000000E+01
   -0.800000000000000E+01
   -0.800000000000000E+01
   -0.800000000000000E+01
   -0.800000000000000E+01
   -0.800000000000000E+01
   -0.800000000000000E+01
   -0.800000000000000E+01
   -0.800000000000000E+01
   -0.800000000000000E+01
   -0.800000000000000E+01
   -0.800000000000000E+01
   -0.800000000000000E+01
   -0.800000000000000E+01
   -0.800000000000000E+01
   -0.800000000000000E+01
   -0.800000000000000E+01
   -0.800000000000000E+01
   -0.800000000000000E+01
   -0.800000000000000E+01
   -0.800000000000000E+01
   -0.800000000000000E+01
   -0.800000000000000E+01
   -0.800000000000000E+01
   -0.800000000000000E+01
   -0.800000000000000E+01
   -0.800000000000000E+01
   -0.800000000000000E+01
   -0.800000000000000E+01
   -0.800000000000000E+01
   -0.800000000000000E+01
   -0.800000000000000E+01
   -0.800000000000000E+01
   -0.800000000000000E+01
   -0.800000000000000E+01
   -0.800000000000000E+01
   -0.800000000000000E+01
   -0.800000000000000E+01
   -0.800000000000000E+01
   -0.800000000000000E+01
   -0.800000000000000E+01
   -0.800000000000000E+01
   -0.800000000000000E+01
   -0.800000000000000E+01
   -0.800000000000000E+01
   -0.800000000000000E+01
   -0.800000000000000E+01
   -0.800000000000000E+01
   -0.800000000000000E+01
   -0.800000000000000E+01
   -0.800000000000000E+01
   -0.800000000000000E+01
   -0.800000000000000E+01
   -0.800000000000000E+01
   -0.800000000000000E+01
   -0.800000000000000E+01
   -0.800000000000000E+01
   -0.800000000000000E+01
   -0.800000000000000E+01
   -0.800000000000000E+01
   -0.800000000000000E+01
   -0.800000000000000E+01
   -0.800000000000000E+01
   -0.800000000000000E+01
   -0.800000000000000E+01
   -0.800000000000000E+01
   -0.800000000000000E+01
   -0.800000000000000E+01
   -0.800000000000000E+01
   -0.800000000000000E+01
   -0.800000000000000E+01
   -0.800000000000000E+01
   -0.800000000000000E+01
   -0.800000000000000E+01
   -0.800000000000000E+01
   -0.800000000000000E+01
   -0.800000000000000E+01
   -0.800000000000000E+01
   -0.800000000000000E+01
   -0.800000000000000E+01
   -0.800000000000000E+01
   -0.800000000000000E+01
   -0.800000000000000E+01
   -0.800000000000000E+01
   -0.800000000000000E+01
   -0.800000000000000E+01
   -0.800000000000000E+01
   -0.800000000000000E+01
   -0.800000000000000E+01
   -0.800000000000000E+01
   -0.800000000000000E+01
   -0.800000000000000E+01
   -0.800000000000000E+01
   -0.800000000000000E+01
   -0.800000000000000E+01
   -0.800000000000000E+01
   -0.800000000000000E+01
   -0.800000000000000E+01
   -0.800000000000000E+01
   -0.800000000000000E+01
   -0.800000000000000E+01
   -0.800000000000000E+01
   -0.800000000000000E+01
   -0.800000000000000E+01
   -0.800000000000000E+01
   -0.800000000000000E+01
   -0.800000000000000E+01
   -0.800000000000000E+01
   -0.800000000000000E+01
   -0.800000000000000E+01
   -0.800000000000000E+01
   -0.800000000000000E+01
   -0.800000000000000E+01
   -0.800000000000000E+01
   -0.800000000000000E+01
   -0.800000000000000E+01
   -0.800000000000000E+01
   -0.800000000000000E+01
   -0.800000000000000E+01
   -0.800000000000000E+01
   -0.800000000000000E+01
   -0.800000000000000E+01
   -0.800000000000000E+01
   -0.800000000000000E+01
   -0.800000000000000E+01
   -0.800000000000000E+01
   -0.800000000000000E+01
   -0.800000000000000E+01
   -0.800000000000000E+01
   -0.800000000000000E+01
   -0.800000000000000E+01
   -0.800000000000000E+01
   -0.800000000000000E+01
   -0.800000000000000E+01
   -0.800000000000000E+01
   -0.800000000000000E+01
   -0.800000000000000E+01
   -0.800000000000000E+01
r*potential (L=2) in Ry
    0.000000000000000E+00
   -0.310185627817293E-04
   -0.624834281745508E-04
   -0.944010176887733E-04
   -0.126777845228955E-03
   -0.159620518423294E-03
   -0.192935739972146E-03
   -0.226730309015949E-03
   -0.261011122522821E-03
   -0.295785176696135E-03
   -0.331059568402333E-03
   -0.366841496619297E-03
   -0.403138263905549E-03
   -0.439957277890596E-03
   -0.477306052786717E-03
   -0.515192210922500E-03
   -0.553623484298450E-03
   -0.592607716164969E-03
   -0.632152862623052E-03
   -0.672266994248005E-03
   -0.712958297736533E-03
   -0.754235077577519E-03
   -0.796105757746848E-03
   -0.838578883426616E-03
   -0.881663122749072E-03
   -0.925367268565658E-03
   -0.969700240241497E-03
   -0.101467108547570E-02
   -0.106028898214788E-02
   -0.110656324019118E-02
   -0.115350330349237E-02
   -0.120111875181911E-02
   -0.124941930277511E-02
   -0.129841481378331E-02
   -0.134811528409765E-02
   -0.139853085684375E-02
   -0.144967182108901E-02
   -0.150154861394240E-02
   -0.155417182268458E-02
   -0.160755218692854E-02
   -0.166170060081145E-02
   -0.171662811521798E-02
   -0.177234594003558E-02
   -0.182886544644232E-02
   -0.188619816922751E-02
   -0.194435580914583E-02
   -0.200335023530525E-02
   -0.206319348758934E-02
   -0.212389777911446E-02
   -0.218547549872224E-02
   -0.224793921350796E-02
   -0.231130167138535E-02
   -0.237557580368819E-02
   -0.244077472780945E-02
   -0.250691174987832E-02
   -0.257400036747581E-02
   -0.264205427238943E-02
   -0.271108735340741E-02
   -0.278111369915328E-02
   -0.285214760096108E-02
   -0.292420355579204E-02
   -0.299729626919321E-02
   -0.307144065829859E-02
   -0.314665185487356E-02
   -0.322294520840300E-02
   -0.330033628922390E-02
   -0.337884089170306E-02
   -0.345847503746045E-02
   -0.353925497863901E-02
   -0.362119720122146E-02
   -0.370431842839486E-02
   -0.378863562396352E-02
   -0.387416599581110E-02
   -0.396092699941250E-02
   -0.404893634139619E-02
   -0.413821198315794E-02
   -0.422877214452645E-02
   -0.432063530748175E-02
   -0.441382021992706E-02
   -0.450834589951503E-02
   -0.460423163752889E-02
   -0.470149700281957E-02
   -0.480016184579937E-02
   -0.490024630249315E-02
   -0.500177079864780E-02
   -0.510475605390082E-02
   -0.520922308600890E-02
   -0.531519321513733E-02
   -0.542268806821113E-02
   -0.553172958332876E-02
   -0.564234001423941E-02
   -0.575454193488460E-02
   -0.586835824400525E-02
   -0.598381216981492E-02
   -0.610092727474036E-02
   -0.621972746023027E-02
   -0.634023697163322E-02
   -0.646248040314575E-02
   -0.658648270283171E-02
   -0.671226917771375E-02
   -0.683986549893816E-02
   -0.696929770701393E-02
   -0.710059221712725E-02
   -0.723377582453245E-02
   -0.736887571002053E-02
   -0.750591944546632E-02
   -0.764493499945556E-02
   -0.778595074299279E-02
   -0.792899545529153E-02
   -0.807409832964764E-02
   -0.822128897939726E-02
   -0.837059744396046E-02
   -0.852205419497183E-02
   -0.867569014249930E-02
   -0.883153664135242E-02
   -0.898962549748143E-02
   -0.914998897446836E-02
   -0.931265980011160E-02
   -0.947767117310509E-02
   -0.964505676981376E-02
   -0.981485075114632E-02
   -0.998708776952705E-02
   -0.101618029759678E-01
   -0.103390320272419E-01
   -0.105188110931610E-01
   -0.107011768639569E-01
   -0.108861665577697E-01
   -0.110738179282430E-01
   -0.112641692722293E-01
   -0.114572594376057E-01
   -0.116531278312021E-01
   -0.118518144268435E-01
   -0.120533597735085E-01
   -0.122578050036040E-01
   -0.124651918413607E-01
   -0.126755626113474E-01
   -0.128889602471096E-01
   -0.131054282999314E-01
   -0.133250109477233E-01
   -0.135477530040389E-01
   -0.137736999272203E-01
   -0.140028978296755E-01
   -0.142353934872894E-01
   -0.144712343489702E-01
   -0.147104685463328E-01
   -0.149531449035218E-01
   -0.151993129471760E-01
   -0.154490229165360E-01
   -0.157023257736971E-01
   -0.159592732140104E-01
   -0.162199176766325E-01
   -0.164843123552283E-01
   -0.167525112088262E-01
   -0.170245689728313E-01
   -0.173005411701956E-01
   -0.175804841227494E-01
   -0.178644549626962E-01
   -0.181525116442720E-01
   -0.184447129555738E-01
   -0.187411185305566E-01
   -0.190417888612044E-01
   -0.193467853098755E-01
   -0.196561701218259E-01
   -0.199700064379127E-01
   -0.202883583074802E-01
   -0.206112907014315E-01
   -0.209388695254886E-01
   -0.212711616336420E-01
   -0.216082348417957E-01
   -0.219501579416069E-01
   -0.222970007145257E-01
   -0.226488339460367E-01
   -0.230057294401051E-01
   -0.233677600338311E-01
   -0.237349996123153E-01
   -0.241075231237373E-01
   -0.244854065946519E-01
   -0.248687271455052E-01
   -0.252575630063740E-01
   -0.256519935329311E-01
   -0.260520992226418E-01
   -0.264579617311913E-01
   -0.268696638891508E-01
   -0.272872897188813E-01
   -0.277109244516824E-01
   -0.281406545451864E-01
   -0.285765677010036E-01
   -0.290187528826214E-01
   -0.294673003335605E-01
   -0.299223015957928E-01
   -0.303838495284240E-01
   -0.308520383266454E-01
   -0.313269635409580E-01
   -0.318087220966736E-01
   -0.322974123136961E-01
   -0.327931339265880E-01
   -0.332959881049247E-01
   -0.338060774739430E-01
   -0.343235061354857E-01
   -0.348483796892478E-01
   -0.353808052543288E-01
   -0.359208914910945E-01
   -0.364687486233543E-01
   -0.370244884608567E-01
   -0.375882244221088E-01
   -0.381600715575247E-01
   -0.387401465729063E-01
   -0.393285678532623E-01
   -0.399254554869702E-01
   -0.405309312902852E-01
   -0.411451188322029E-01
   -0.417681434596791E-01
   -0.424001323232124E-01
   -0.430412144027957E-01
   -0.436915205342401E-01
   -0.443511834358787E-01
   -0.450203377356543E-01
   -0.456991199985961E-01
   -0.463876687546937E-01
   -0.470861245271700E-01
   -0.477946298611632E-01
   -0.485133293528195E-01
   -0.492423696788063E-01
   -0.499818996262492E-01
   -0.507320701230997E-01
   -0.514930342689409E-01
   -0.522649473662354E-01
   -0.530479669520241E-01
   -0.538422528300803E-01
   -0.546479671035273E-01
   -0.554652742079251E-01
   -0.562943409448332E-01
   -0.571353365158572E-01
   -0.579884325571845E-01
   -0.588538031746183E-01
   -0.597316249791147E-01
   -0.606220771228321E-01
   -0.615253413356994E-01
   -0.624416019625108E-01
   -0.633710460005540E-01
   -0.643138631377810E-01
   -0.652702457915274E-01
   -0.662403891477904E-01
   -0.672244912010711E-01
   -0.682227527947912E-01
   -0.692353776622913E-01
   -0.702625724684196E-01
   -0.713045468517198E-01
   -0.723615134672256E-01
   -0.734336880298724E-01
   -0.745212893585337E-01
   -0.756245394206918E-01
   -0.767436633777515E-01
   -0.778788896310070E-01
   -0.790304498682702E-01
   -0.801985791111715E-01
   -0.813835157631407E-01
   -0.825855016580804E-01
   -0.838047821097394E-01
   -0.850416059617982E-01
   -0.862962256386756E-01
   -0.875688971970674E-01
   -0.888598803782281E-01
   -0.901694386610054E-01
   -0.914978393156389E-01
   -0.928453534583349E-01
   -0.942122561066270E-01
   -0.955988262355345E-01
   -0.970053468345312E-01
   -0.984321049653344E-01
   -0.998793918205275E-01
   -0.101347502783028E+00
   -0.102836737486412E+00
   -0.104347399876110E+00
   -0.105879798271485E+00
   -0.107434245428804E+00
   -0.109011058605120E+00
   -0.110610559623074E+00
   -0.112233074936635E+00
   -0.113878935697783E+00
   -0.115548477824161E+00
   -0.117242042067696E+00
   -0.118959974084219E+00
   -0.120702624504079E+00
   -0.122470349003790E+00
   -0.124263508378700E+00
   -0.126082468616719E+00
   -0.127927600973104E+00
   -0.129799282046329E+00
   -0.131697893855054E+00
   -0.133623823916199E+00
   -0.135577465324152E+00
   -0.137559216831116E+00
   -0.139569482928631E+00
   -0.141608673930255E+00
   -0.143677206055462E+00
   -0.145775501514735E+00
   -0.147903988595904E+00
   -0.150063101751729E+00
   -0.152253281688749E+00
   -0.154474975457418E+00
   -0.156728636543552E+00
   -0.159014724961095E+00
   -0.161333707346229E+00
   -0.163686057052854E+00
   -0.166072254249451E+00
   -0.168492786017340E+00
   -0.170948146450382E+00
   -0.173438836756112E+00
   -0.175965365358350E+00
   -0.178528248001294E+00
   -0.181128007855138E+00
   -0.183765175623212E+00
   -0.186440289650687E+00
   -0.189153896034861E+00
   -0.191906548737048E+00
   -0.194698809696100E+00
   -0.197531248943575E+00
   -0.200404444720592E+00
   -0.203318983596382E+00
   -0.206275460588578E+00
   -0.209274479285247E+00
   -0.212316651968717E+00
   -0.215402599741207E+00
   -0.218532952652291E+00
   -0.221708349828231E+00
   -0.224929439603205E+00
   -0.228196879652448E+00
   -0.231511337127350E+00
   -0.234873488792536E+00
   -0.238284021164957E+00
   -0.241743630655017E+00
   -0.245253023709784E+00
   -0.248812916958297E+00
   -0.252424037359021E+00
   -0.256087122349465E+00
   -0.259802919998010E+00
   -0.263572189157979E+00
   -0.267395699623975E+00
   -0.271274232290535E+00
   -0.275208579313129E+00
   -0.279199544271541E+00
   -0.283247942335676E+00
   -0.287354600433819E+00
   -0.291520357423398E+00
   -0.295746064264284E+00
   -0.300032584194671E+00
   -0.304380792909568E+00
   -0.308791578741964E+00
   -0.313265842846689E+00
   -0.317804499387026E+00
   -0.322408475724115E+00
   -0.327078712609192E+00
   -0.331816164378718E+00
   -0.336621799152428E+00
   -0.341496599034366E+00
   -0.346441560316945E+00
   -0.351457693688079E+00
   -0.356546024441446E+00
   -0.361707592689930E+00
   -0.366943453582285E+00
   -0.372254677523092E+00
   -0.377642350396051E+00
   -0.383107573790666E+00
   -0.388651465232374E+00
   -0.394275158416194E+00
   -0.399979803443931E+00
   -0.405766567065006E+00
   -0.411636632920977E+00
   -0.417591201793801E+00
   -0.423631491857913E+00
   -0.429758738936169E+00
   -0.435974196759738E+00
   -0.442279137231988E+00
   -0.448674850696457E+00
   -0.455162646208946E+00
   -0.461743851813838E+00
   -0.468419814824685E+00
   -0.475191902109150E+00
   -0.482061500378367E+00
   -0.489030016480804E+00
   -0.496098877700691E+00
   -0.503269532061092E+00
   -0.510543448631703E+00
   -0.517922117841443E+00
   -0.525407051795924E+00
   -0.532999784599873E+00
   -0.540701872684589E+00
   -0.548514895140509E+00
   -0.556440454054969E+00
   -0.564480174855232E+00
   -0.572635706656880E+00
   -0.580908722617621E+00
   -0.589300920296630E+00
   -0.597814022019465E+00
   -0.606449775248666E+00
   -0.615209952960105E+00
   -0.624096354025158E+00
   -0.633110803598796E+00
   -0.642255153513642E+00
   -0.651531282680095E+00
   -0.660941097492579E+00
   -0.670486532241974E+00
   -0.680169549534328E+00
   -0.689992140715877E+00
   -0.699956326304452E+00
   -0.710064156427325E+00
   -0.720317711265536E+00
   -0.730719101504753E+00
   -0.741270468792697E+00
   -0.751973986203167E+00
   -0.762831858706683E+00
   -0.773846323647761E+00
   -0.785019651228832E+00
   -0.796354145000788E+00
   -0.807852142360144E+00
   -0.819516015052787E+00
   -0.831348169684253E+00
   -0.843351048236492E+00
   -0.855527128591026E+00
   -0.867878925058414E+00
   -0.880408988913903E+00
   -0.893119908939121E+00
   -0.906014311969668E+00
   -0.919094863448385E+00
   -0.932364267984122E+00
   -0.945825269915718E+00
   -0.959480653880940E+00
   -0.973333245390047E+00
   -0.987385911403634E+00
   -0.100164156091434E+01
   -0.101610314553201E+01
   -0.103077366007175E+01
   -0.104565614314442E+01
   -0.106075367774888E+01
   -0.107606939186538E+01
   -0.109160645904934E+01
   -0.110736809902473E+01
   -0.112335757827614E+01
   -0.113957821063868E+01
   -0.115603335788451E+01
   -0.117272643030512E+01
   -0.118966088728779E+01
   -0.120684023788522E+01
   -0.122426804137670E+01
   -0.124194790781932E+01
   -0.125988349858749E+01
   -0.127807852689901E+01
   -0.129653675832568E+01
   -0.131526201128642E+01
   -0.133425815752044E+01
   -0.135352912253831E+01
   -0.137307888604810E+01
   -0.139291148235382E+01
   -0.141303100072333E+01
   -0.143344158572234E+01
   -0.145414743751122E+01
   -0.147515281210088E+01
   -0.149646202156402E+01
   -0.151807943419749E+01
   -0.154000947463146E+01
   -0.156225662388081E+01
   -0.158482541933378E+01
   -0.160772045467278E+01
   -0.163094637972177E+01
   -0.165450790021463E+01
   -0.167840977747823E+01
   -0.170265682802398E+01
   -0.172725392304109E+01
   -0.175220598778445E+01
   -0.177751800084991E+01
   -0.180319499332915E+01
   -0.182924204783619E+01
   -0.185566429739715E+01
   -0.188246692419466E+01
   -0.190965515815791E+01
   -0.193723427538908E+01
   -0.196520959641653E+01
   -0.199358648426499E+01
   -0.202237034233267E+01
   -0.205156661206483E+01
   -0.208118077041353E+01
   -0.211121832707272E+01
   -0.214168482147798E+01
   -0.217258581956010E+01
   -0.220392691024155E+01
   -0.223571370166517E+01
   -0.226795181714431E+01
   -0.230064689082401E+01
   -0.233380456304300E+01
   -0.236743047538678E+01
   -0.240153026542239E+01
   -0.243610956110621E+01
   -0.247117397485680E+01
   -0.250672909728568E+01
   -0.254278049057984E+01
   -0.257933368153118E+01
   -0.261639415420902E+01
   -0.265396734227372E+01
   -0.269205862093078E+01
   -0.273067329852689E+01
   -0.276981660779114E+01
   -0.280949369672731E+01
   -0.284970961916505E+01
   -0.289046932498076E+01
   -0.293177765000166E+01
   -0.297363930560959E+01
   -0.301605886806417E+01
   -0.305904076756832E+01
   -0.310258927710265E+01
   -0.314670850105871E+01
   -0.319140236370473E+01
   -0.323667459752111E+01
   -0.328252873144662E+01
   -0.332896807907973E+01
   -0.337599572688269E+01
   -0.342361452243945E+01
   -0.347182706282080E+01
   -0.352063568311265E+01
   -0.357004244516505E+01
   -0.362004912662020E+01
   -0.367065721027810E+01
   -0.372186787385696E+01
   -0.377368198020362E+01
   -0.382610006800499E+01
   -0.387912234304611E+01
   -0.393274867005284E+01
   -0.398697856514753E+01
   -0.404181118893341E+01
   -0.409724534020884E+01
   -0.415327945029371E+01
   -0.420991157792957E+01
   -0.426713940468889E+01
   -0.432496023080048E+01
   -0.438337097126422E+01
   -0.444236815209041E+01
   -0.450194790645673E+01
   -0.456210597052837E+01
   -0.462283767863456E+01
   -0.468413795743794E+01
   -0.474600131867112E+01
   -0.480842184994866E+01
   -0.487139320309202E+01
   -0.493490857933105E+01
   -0.499896071066857E+01
   -0.506354183661591E+01
   -0.512864367542754E+01
   -0.519425738888459E+01
   -0.526037353960075E+01
   -0.532698203975316E+01
   -0.539407209007662E+01
   -0.546163210790610E+01
   -0.552964964301177E+01
   -0.559811127994786E+01
   -0.566700252563440E+01
   -0.573630768091420E+01
   -0.580600969488139E+01
   -0.587609000086701E+01
   -0.594652833309678E+01
   -0.601730252321270E+01
   -0.608838827607768E+01
   -0.615975892456739E+01
   -0.623138516340078E+01
   -0.630323476247483E+01
   -0.637527226065372E+01
   -0.644745864152187E+01
   -0.651975099324367E+01
   -0.659210215538303E+01
   -0.666446035631851E+01
   -0.673676884574221E+01
   -0.680896552764492E+01
   -0.688098260015613E+01
   -0.695274620961158E+01
   -0.702417612724528E+01
   -0.709518545792559E+01
   -0.716568039134927E+01
   -0.723556000704291E+01
   -0.730471614536166E+01
   -0.737303335738157E+01
   -0.744038894710926E+01
   -0.750665311973429E+01
   -0.757168924967524E+01
   -0.763535428186857E+01
   -0.769749927906857E+01
   -0.775797012681696E+01
   -0.781660840615717E+01
   -0.787325244207002E+01
   -0.792773853296538E+01
   -0.797990236335918E+01
   -0.802958059809311E+01
   -0.807661265213097E+01
   -0.812084262512626E+01
   -0.816212138465992E+01
   -0.820030877638295E+01
   -0.823527593337878E+01
   -0.826690765103075E+01
   -0.829510478771204E+01
   -0.831978664591105E+01
   -0.834089328318880E+01
   -0.835838769788146E+01
   -0.837225783097012E+01
   -0.838251832330323E+01
   -0.838921196663362E+01
   -0.839241078796199E+01
   -0.839221670967124E+01
   -0.838876173305602E+01
   -0.838220760020289E+01
   -0.837274489878803E+01
   -0.836059158617314E+01
   -0.834599092303737E+01
   -0.832920882241975E+01
   -0.831053063708466E+01
   -0.829025742607853E+01
   -0.826870175962934E+01
   -0.824618313947754E+01
   -0.822302312857393E+01
   -0.819954029905773E+01
   -0.817604511975066E+01
   -0.815283491332258E+01
   -0.813018901813060E+01
   -0.810836428996061E+01
   -0.808759107412766E+01
   -0.806806976844477E+01
   -0.804996808251100E+01
   -0.803341907891666E+01
   -0.801852005790036E+01
   -0.800533231955720E+01
   -0.799388180795942E+01
   -0.798416061076588E+01
   -0.797612925745234E+01
   -0.796971973063204E+01
   -0.796483907947407E+01
   -0.796137350327170E+01
   -0.795919275787188E+01
   -0.795815472878511E+01
   -0.795811001284590E+01
   -0.795890635540021E+01
   -0.796039280186818E+01
   -0.796242344048664E+01
   -0.796486063603752E+01
   -0.796757768108628E+01
   -0.797046082015493E+01
   -0.797341063169909E+01
   -0.797634278112317E+01
   -0.797918818384439E+01
   -0.798189263932279E+01
   -0.798441601403058E+01
   -0.798673106292287E+01
   -0.798882198486605E+01
   -0.799068280783593E+01
   -0.799231569502217E+01
   -0.799372925406373E+01
   -0.799493691949397E+01
   -0.799595546421157E+01
   -0.799680368055032E+01
   -0.799750125636864E+01
   -0.799806785744272E+01
   -0.799852241505762E+01
   -0.799888260755050E+01
   -0.799916451693482E+01
   -0.799938243666917E+01
   -0.799954880398103E+01
   -0.799967422961866E+01
   -0.799976759908938E+01
   -0.799983622190653E+01
   -0.799988600866389E+01
   -0.799992165947302E+01
   -0.799994685108397E+01
   -0.799996441358843E+01
   -0.799997649078347E+01
   -0.799998468093951E+01
   -0.799999015682267E+01
   -0.799999376537929E+01
   -0.799999610854820E+01
   -0.799999760729953E+01
   -0.799999855129173E+01
   -0.799999913657843E+01
   -0.799999949366250E+01
   -0.799999970795433E+01
   -0.799999983439805E+01
   -0.799999990772440E+01
   -0.799999994949785E+01
   -0.799999997286552E+01
   -0.799999998569458E+01
   -0.799999999260364E+01
   -0.799999999625167E+01
   -0.799999999813915E+01
   -0.799999999909554E+01
   -0.799999999956986E+01
   -0.799999999979997E+01
   -0.799999999990910E+01
   -0.799999999995966E+01
   -0.799999999998253E+01
   -0.799999999999262E+01
   -0.799999999999696E+01
   -0.799999999999878E+01
   -0.799999999999953E+01
   -0.799999999999982E+01
   -0.799999999999993E+01
   -0.799999999999998E+01
   -0.799999999999999E+01
   -0.800000000000000E+01
   -0.800000000000000E+01
   -0.800000000000000E+01
   -0.800000000000000E+01
   -0.800000000000000E+01
   -0.800000000000000E+01
   -0.800000000000000E+01
   -0.800000000000000E+01
   -0.800000000000000E+01
   -0.800000000000000E+01
   -0.800000000000000E+01
   -0.800000000000000E+01
   -0.800000000000000E+01
   -0.800000000000000E+01
   -0.800000000000000E+01
   -0.800000000000000E+01
   -0.800000000000000E+01
   -0.800000000000000E+01
   -0.800000000000000E+01
   -0.800000000000000E+01
   -0.800000000000000E+01
   -0.800000000000000E+01
   -0.800000000000000E+01
   -0.800000000000000E+01
   -0.800000000000000E+01
   -0.800000000000000E+01
   -0.800000000000000E+01
   -0.800000000000000E+01
   -0.800000000000000E+01
   -0.800000000000000E+01
   -0.800000000000000E+01
   -0.800000000000000E+01
   -0.800000000000000E+01
   -0.800000000000000E+01
   -0.800000000000000E+01
   -0.800000000000000E+01
   -0.800000000000000E+01
   -0.800000000000000E+01
   -0.800000000000000E+01
   -0.800000000000000E+01
   -0.800000000000000E+01
   -0.800000000000000E+01
   -0.800000000000000E+01
   -0.800000000000000E+01
   -0.800000000000000E+01
   -0.800000000000000E+01
   -0.800000000000000E+01
   -0.800000000000000E+01
   -0.800000000000000E+01
   -0.800000000000000E+01
   -0.800000000000000E+01
   -0.800000000000000E+01
   -0.800000000000000E+01
   -0.800000000000000E+01
   -0.800000000000000E+01
   -0.800000000000000E+01
   -0.800000000000000E+01
   -0.800000000000000E+01
   -0.800000000000000E+01
   -0.800000000000000E+01
   -0.800000000000000E+01
   -0.800000000000000E+01
   -0.800000000000000E+01
   -0.800000000000000E+01
   -0.800000000000000E+01
   -0.800000000000000E+01
   -0.800000000000000E+01
   -0.800000000000000E+01
   -0.800000000000000E+01
   -0.800000000000000E+01
   -0.800000000000000E+01
   -0.800000000000000E+01
   -0.800000000000000E+01
   -0.800000000000000E+01
   -0.800000000000000E+01
   -0.800000000000000E+01
   -0.800000000000000E+01
   -0.800000000000000E+01
   -0.800000000000000E+01
   -0.800000000000000E+01
   -0.800000000000000E+01
   -0.800000000000000E+01
   -0.800000000000000E+01
   -0.800000000000000E+01
   -0.800000000000000E+01
   -0.800000000000000E+01
   -0.800000000000000E+01
   -0.800000000000000E+01
   -0.800000000000000E+01
   -0.800000000000000E+01
   -0.800000000000000E+01
   -0.800000000000000E+01
   -0.800000000000000E+01
   -0.800000000000000E+01
   -0.800000000000000E+01
   -0.800000000000000E+01
   -0.800000000000000E+01
   -0.800000000000000E+01
   -0.800000000000000E+01
   -0.800000000000000E+01
   -0.800000000000000E+01
   -0.800000000000000E+01
   -0.800000000000000E+01
   -0.800000000000000E+01
   -0.800000000000000E+01
   -0.800000000000000E+01
   -0.800000000000000E+01
   -0.800000000000000E+01
   -0.800000000000000E+01
   -0.800000000000000E+01
   -0.800000000000000E+01
   -0.800000000000000E+01
   -0.800000000000000E+01
   -0.800000000000000E+01
   -0.800000000000000E+01
   -0.800000000000000E+01
   -0.800000000000000E+01
   -0.800000000000000E+01
   -0.800000000000000E+01
   -0.800000000000000E+01
   -0.800000000000000E+01
   -0.800000000000000E+01
   -0.800000000000000E+01
   -0.800000000000000E+01
   -0.800000000000000E+01
   -0.800000000000000E+01
   -0.800000000000000E+01
   -0.800000000000000E+01
   -0.800000000000000E+01
   -0.800000000000000E+01
   -0.800000000000000E+01
   -0.800000000000000E+01
   -0.800000000000000E+01
   -0.800000000000000E+01
   -0.800000000000000E+01
   -0.800000000000000E+01
   -0.800000000000000E+01
   -0.800000000000000E+01
   -0.800000000000000E+01
   -0.800000000000000E+01
   -0.800000000000000E+01
   -0.800000000000000E+01
   -0.800000000000000E+01
   -0.800000000000000E+01
   -0.800000000000000E+01
   -0.800000000000000E+01
   -0.800000000000000E+01
   -0.800000000000000E+01
   -0.800000000000000E+01
   -0.800000000000000E+01
   -0.800000000000000E+01
   -0.800000000000000E+01
   -0.800000000000000E+01
   -0.800000000000000E+01
   -0.800000000000000E+01
   -0.800000000000000E+01
   -0.800000000000000E+01
   -0.800000000000000E+01
   -0.800000000000000E+01
   -0.800000000000000E+01
   -0.800000000000000E+01
   -0.800000000000000E+01
   -0.800000000000000E+01
   -0.800000000000000E+01
   -0.800000000000000E+01
   -0.800000000000000E+01
   -0.800000000000000E+01
   -0.800000000000000E+01
   -0.800000000000000E+01
   -0.800000000000000E+01
   -0.800000000000000E+01
   -0.800000000000000E+01
   -0.800000000000000E+01
   -0.800000000000000E+01
   -0.800000000000000E+01
   -0.800000000000000E+01
   -0.800000000000000E+01
   -0.800000000000000E+01
   -0.800000000000000E+01
   -0.800000000000000E+01
   -0.800000000000000E+01
   -0.800000000000000E+01
   -0.800000000000000E+01
   -0.800000000000000E+01
   -0.800000000000000E+01
   -0.800000000000000E+01
   -0.800000000000000E+01
   -0.800000000000000E+01
   -0.800000000000000E+01
   -0.800000000000000E+01
   -0.800000000000000E+01
   -0.800000000000000E+01
   -0.800000000000000E+01
   -0.800000000000000E+01
   -0.800000000000000E+01
   -0.800000000000000E+01
   -0.800000000000000E+01
   -0.800000000000000E+01
   -0.800000000000000E+01
   -0.800000000000000E+01
   -0.800000000000000E+01
   -0.800000000000000E+01
   -0.800000000000000E+01
   -0.800000000000000E+01
   -0.800000000000000E+01
   -0.800000000000000E+01
   -0.800000000000000E+01
   -0.800000000000000E+01
   -0.800000000000000E+01
   -0.800000000000000E+01
   -0.800000000000000E+01
   -0.800000000000000E+01
   -0.800000000000000E+01
   -0.800000000000000E+01
   -0.800000000000000E+01
   -0.800000000000000E+01
   -0.800000000000000E+01
   -0.800000000000000E+01
   -0.800000000000000E+01
   -0.800000000000000E+01
   -0.800000000000000E+01
   -0.800000000000000E+01
   -0.800000000000000E+01
   -0.800000000000000E+01
   -0.800000000000000E+01
   -0.800000000000000E+01
   -0.800000000000000E+01
   -0.800000000000000E+01
   -0.800000000000000E+01
   -0.800000000000000E+01
   -0.800000000000000E+01
   -0.800000000000000E+01
   -0.800000000000000E+01
   -0.800000000000000E+01
   -0.800000000000000E+01
   -0.800000000000000E+01
   -0.800000000000000E+01
   -0.800000000000000E+01
   -0.800000000000000E+01
   -0.800000000000000E+01
   -0.800000000000000E+01
   -0.800000000000000E+01
   -0.800000000000000E+01
   -0.800000000000000E+01
   -0.800000000000000E+01
   -0.800000000000000E+01
   -0.800000000000000E+01
   -0.800000000000000E+01
   -0.800000000000000E+01
   -0.800000000000000E+01
   -0.800000000000000E+01
   -0.800000000000000E+01
   -0.800000000000000E+01
   -0.800000000000000E+01
   -0.800000000000000E+01
   -0.800000000000000E+01
