eCEPP Pseudopotential in real space for H 
Atomic number and pseudo-charge
 1  1.00
Energy units (rydberg/hartree/ev)
rydberg
Angular momentum of local component (0=s,1=p,2=d..)
2
NLRULE override (1) VMC/DMC (2) config gen (0 ==> input/default value)
0 0
Number of grid points
 831
R(i) in atomic units
    0.000000000000000E+00
    0.100717699257337E-04
    0.202884549220915E-04
    0.306521400622879E-04
    0.411649404200769E-04
    0.518290015014071E-04
    0.626464996822875E-04
    0.736196426529533E-04
    0.847506698684231E-04
    0.960418530055376E-04
    0.107495496426575E-03
    0.119113937649539E-03
    0.130899547825208E-03
    0.142854732221053E-03
    0.154981930712119E-03
    0.167283618278965E-03
    0.179762305512770E-03
    0.192420539127709E-03
    0.205260902480700E-03
    0.218286016098625E-03
    0.231498538213145E-03
    0.244901165303202E-03
    0.258496632645333E-03
    0.272287714871896E-03
    0.286277226537335E-03
    0.300468022692584E-03
    0.314862999467746E-03
    0.329465094663145E-03
    0.344277288348889E-03
    0.359302603473059E-03
    0.374544106478647E-03
    0.390004907929370E-03
    0.405688163144491E-03
    0.421597072842775E-03
    0.437734883795702E-03
    0.454104889490090E-03
    0.470710430800245E-03
    0.487554896669783E-03
    0.504641724803263E-03
    0.521974402367774E-03
    0.539556466704608E-03
    0.557391506051186E-03
    0.575483160273356E-03
    0.593835121608243E-03
    0.612451135417775E-03
    0.631335000953054E-03
    0.650490572129734E-03
    0.669921758314538E-03
    0.689632525123110E-03
    0.709626895229334E-03
    0.729908949186299E-03
    0.750482826259088E-03
    0.771352725269530E-03
    0.792522905453124E-03
    0.813997687328284E-03
    0.835781453578088E-03
    0.857878649944727E-03
    0.880293786136807E-03
    0.903031436749716E-03
    0.926096242199233E-03
    0.949492909668562E-03
    0.973226214069006E-03
    0.997300999014448E-03
    0.102172217780986E-02
    0.104649473445406E-02
    0.107162372465681E-02
    0.109711427687069E-02
    0.112297159333768E-02
    0.114920095115088E-02
    0.117580770333151E-02
    0.120279727992133E-02
    0.123017518909087E-02
    0.125794701826356E-02
    0.128611843525603E-02
    0.131469518943483E-02
    0.134368311288978E-02
    0.137308812162426E-02
    0.140291621676250E-02
    0.143317348577440E-02
    0.146386610371782E-02
    0.149500033449888E-02
    0.152658253215028E-02
    0.155861914212810E-02
    0.159111670262720E-02
    0.162408184591558E-02
    0.165752129968792E-02
    0.169144188843860E-02
    0.172585053485448E-02
    0.176075426122772E-02
    0.179616019088894E-02
    0.183207554966096E-02
    0.186850766733347E-02
    0.190546397915899E-02
    0.194295202737024E-02
    0.198097946271942E-02
    0.201955404603960E-02
    0.205868364982862E-02
    0.209837625985570E-02
    0.213863997679127E-02
    0.217948301786017E-02
    0.222091371851867E-02
    0.226294053415558E-02
    0.230557204181793E-02
    0.234881694196137E-02
    0.239268406022582E-02
    0.243718234923665E-02
    0.248232089043177E-02
    0.252810889591503E-02
    0.257455571033627E-02
    0.262167081279842E-02
    0.266946381879204E-02
    0.271794448215769E-02
    0.276712269707658E-02
    0.281700850008979E-02
    0.286761207214658E-02
    0.291894374068219E-02
    0.297101398172551E-02
    0.302383342203707E-02
    0.307741284127781E-02
    0.313176317420904E-02
    0.318689551292409E-02
    0.324282110911200E-02
    0.329955137635386E-02
    0.335709789245213E-02
    0.341547240179349E-02
    0.347468681774574E-02
    0.353475322508906E-02
    0.359568388248243E-02
    0.365749122496535E-02
    0.372018786649571E-02
    0.378378660252409E-02
    0.384830041260510E-02
    0.391374246304636E-02
    0.398012610959549E-02
    0.404746490016587E-02
    0.411577257760153E-02
    0.418506308248191E-02
    0.425535055596684E-02
    0.432664934268263E-02
    0.439897399364954E-02
    0.447233926925146E-02
    0.454676014224822E-02
    0.462225180083141E-02
    0.469882965172398E-02
    0.477650932332454E-02
    0.485530666889691E-02
    0.493523776980552E-02
    0.501631893879736E-02
    0.509856672333119E-02
    0.518199790895462E-02
    0.526662952272982E-02
    0.535247883670843E-02
    0.543956337145657E-02
    0.552790089963053E-02
    0.561750944960388E-02
    0.570840730914683E-02
    0.580061302915842E-02
    0.589414542745258E-02
    0.598902359259848E-02
    0.608526688781628E-02
    0.618289495492882E-02
    0.628192771837030E-02
    0.638238538925249E-02
    0.648428846948953E-02
    0.658765775598210E-02
    0.669251434486173E-02
    0.679887963579621E-02
    0.690677533635693E-02
    0.701622346644912E-02
    0.712724636280572E-02
    0.723986668354603E-02
    0.735410741279985E-02
    0.746999186539823E-02
    0.758754369163167E-02
    0.770678688207678E-02
    0.782774577249243E-02
    0.795044504878628E-02
    0.807490975205282E-02
    0.820116528368389E-02
    0.832923741055274E-02
    0.845915227027261E-02
    0.859093637653111E-02
    0.872461662450118E-02
    0.886022029633007E-02
    0.899777506670716E-02
    0.913730900851201E-02
    0.927885059854355E-02
    0.942242872333184E-02
    0.956807268503332E-02
    0.971581220741098E-02
    0.986567744190054E-02
    0.100176989737639E-01
    0.101719078283311E-01
    0.103283354773321E-01
    0.104870138453200E-01
    0.106479753161858E-01
    0.108112527397679E-01
    0.109768794385564E-01
    0.111448892144931E-01
    0.113153163558705E-01
    0.114881956443294E-01
    0.116635623619572E-01
    0.118414522984888E-01
    0.120219017586101E-01
    0.122049475693680E-01
    0.123906270876856E-01
    0.125789782079867E-01
    0.127700393699291E-01
    0.129638495662498E-01
    0.131604483507228E-01
    0.133598758462314E-01
    0.135621727529565E-01
    0.137673803566835E-01
    0.139755405372272E-01
    0.141866957769796E-01
    0.144008891695798E-01
    0.146181644287084E-01
    0.148385658970091E-01
    0.150621385551385E-01
    0.152889280309455E-01
    0.155189806087837E-01
    0.157523432389575E-01
    0.159890635473031E-01
    0.162291898449094E-01
    0.164727711379765E-01
    0.167198571378179E-01
    0.169704982710054E-01
    0.172247456896606E-01
    0.174826512818943E-01
    0.177442676823958E-01
    0.180096482831755E-01
    0.182788472444605E-01
    0.185519195057489E-01
    0.188289207970212E-01
    0.191099076501148E-01
    0.193949374102605E-01
    0.196840682477864E-01
    0.199773591699895E-01
    0.202748700331779E-01
    0.205766615548870E-01
    0.208827953262706E-01
    0.211933338246711E-01
    0.215083404263702E-01
    0.218278794195228E-01
    0.221520160172772E-01
    0.224808163710846E-01
    0.228143475841993E-01
    0.231526777253732E-01
    0.234958758427484E-01
    0.238440119779481E-01
    0.241971571803715E-01
    0.245553835216936E-01
    0.249187641105746E-01
    0.252873731075794E-01
    0.256612857403133E-01
    0.260405783187747E-01
    0.264253282509286E-01
    0.268156140585048E-01
    0.272115153930227E-01
    0.276131130520472E-01
    0.280204889956779E-01
    0.284337263632765E-01
    0.288529094904339E-01
    0.292781239261821E-01
    0.297094564504530E-01
    0.301469950917895E-01
    0.305908291453106E-01
    0.310410491909349E-01
    0.314977471118670E-01
    0.319610161133494E-01
    0.324309507416842E-01
    0.329076469035285E-01
    0.333912018854680E-01
    0.338817143738711E-01
    0.343792844750298E-01
    0.348840137355896E-01
    0.353960051632739E-01
    0.359153632479062E-01
    0.364421939827348E-01
    0.369766048860649E-01
    0.375187050232010E-01
    0.380686050287055E-01
    0.386264171289780E-01
    0.391922551651587E-01
    0.397662346163618E-01
    0.403484726232429E-01
    0.409390880119058E-01
    0.415382013181534E-01
    0.421459348120866E-01
    0.427624125230585E-01
    0.433877602649865E-01
    0.440221056620291E-01
    0.446655781746324E-01
    0.453183091259506E-01
    0.459804317286476E-01
    0.466520811120831E-01
    0.473333943498911E-01
    0.480245104879541E-01
    0.487255705727808E-01
    0.494367176802910E-01
    0.501580969450158E-01
    0.508898555897171E-01
    0.516321429554334E-01
    0.523851105319588E-01
    0.531489119887588E-01
    0.539237032063329E-01
    0.547096423080268E-01
    0.555068896923034E-01
    0.563156080654777E-01
    0.571359624749224E-01
    0.579681203427521E-01
    0.588122514999913E-01
    0.596685282212346E-01
    0.605371252598052E-01
    0.614182198834196E-01
    0.623119919103653E-01
    0.632186237461987E-01
    0.641383004209719E-01
    0.650712096269942E-01
    0.660175417571375E-01
    0.669774899436924E-01
    0.679512500977838E-01
    0.689390209493537E-01
    0.699410040877183E-01
    0.709574040027102E-01
    0.719884281264111E-01
    0.730342868754860E-01
    0.740951936941259E-01
    0.751713650976087E-01
    0.762630207164864E-01
    0.773703833414092E-01
    0.784936789685928E-01
    0.796331368459415E-01
    0.807889895198340E-01
    0.819614728825830E-01
    0.831508262205768E-01
    0.843572922631144E-01
    0.855811172319430E-01
    0.868225508915078E-01
    0.880818465999258E-01
    0.893592613606918E-01
    0.906550558751295E-01
    0.919694945955965E-01
    0.933028457794548E-01
    0.946553815438190E-01
    0.960273779210903E-01
    0.974191149152913E-01
    0.988308765592105E-01
    0.100262950972369E+00
    0.101715630419822E+00
    0.103189211371804E+00
    0.104683994564236E+00
    0.106200285060101E+00
    0.107738392311702E+00
    0.109298630223817E+00
    0.110881317217760E+00
    0.112486776296370E+00
    0.114115335109931E+00
    0.115767326023036E+00
    0.117443086182421E+00
    0.119142957585771E+00
    0.120867287151519E+00
    0.122616426789641E+00
    0.124390733473483E+00
    0.126190569312606E+00
    0.128016301626694E+00
    0.129868303020516E+00
    0.131746951459968E+00
    0.133652630349210E+00
    0.135585728608916E+00
    0.137546640755645E+00
    0.139535766982354E+00
    0.141553513240076E+00
    0.143600291320763E+00
    0.145676518941333E+00
    0.147782619828915E+00
    0.149919023807325E+00
    0.152086166884790E+00
    0.154284491342931E+00
    0.156514445827021E+00
    0.158776485437551E+00
    0.161071071823111E+00
    0.163398673274599E+00
    0.165759764820799E+00
    0.168154828325323E+00
    0.170584352584954E+00
    0.173048833429403E+00
    0.175548773822496E+00
    0.178084683964829E+00
    0.180657081397884E+00
    0.183266491109659E+00
    0.185913445641803E+00
    0.188598485198307E+00
    0.191322157755746E+00
    0.194085019175115E+00
    0.196887633315275E+00
    0.199730572148020E+00
    0.202614415874817E+00
    0.205539753045211E+00
    0.208507180676942E+00
    0.211517304377784E+00
    0.214570738469145E+00
    0.217668106111436E+00
    0.220810039431254E+00
    0.223997179650386E+00
    0.227230177216671E+00
    0.230509691936754E+00
    0.233836393110735E+00
    0.237210959668768E+00
    0.240634080309617E+00
    0.244106453641212E+00
    0.247628788323225E+00
    0.251201803211694E+00
    0.254826227505730E+00
    0.258502800896342E+00
    0.262232273717390E+00
    0.266015407098721E+00
    0.269852973121502E+00
    0.273745754975792E+00
    0.277694547120378E+00
    0.281700155444915E+00
    0.285763397434390E+00
    0.289885102335966E+00
    0.294066111328214E+00
    0.298307277692787E+00
    0.302609466988560E+00
    0.306973557228283E+00
    0.311400439057762E+00
    0.315891015937634E+00
    0.320446204327745E+00
    0.325066933874191E+00
    0.329754147599037E+00
    0.334508802092783E+00
    0.339331867709582E+00
    0.344224328765279E+00
    0.349187183738297E+00
    0.354221445473404E+00
    0.359328141388428E+00
    0.364508313683933E+00
    0.369763019555919E+00
    0.375093331411576E+00
    0.380500337088150E+00
    0.385985140074956E+00
    0.391548859738578E+00
    0.397192631551318E+00
    0.402917607322932E+00
    0.408724955435691E+00
    0.414615861082837E+00
    0.420591526510457E+00
    0.426653171262850E+00
    0.432802032431410E+00
    0.439039364907105E+00
    0.445366441636581E+00
    0.451784553881944E+00
    0.458295011484297E+00
    0.464899143131053E+00
    0.471598296627103E+00
    0.478393839169880E+00
    0.485287157628388E+00
    0.492279658826237E+00
    0.499372769828758E+00
    0.506567938234243E+00
    0.513866632469381E+00
    0.521270342088940E+00
    0.528780578079763E+00
    0.536398873169140E+00
    0.544126782137612E+00
    0.551965882136280E+00
    0.559917773008679E+00
    0.567984077617280E+00
    0.576166442174693E+00
    0.584466536579636E+00
    0.592886054757734E+00
    0.601426715007226E+00
    0.610090260349641E+00
    0.618878458885527E+00
    0.627793104155292E+00
    0.636836015505238E+00
    0.646009038458864E+00
    0.655314045093507E+00
    0.664752934422409E+00
    0.674327632782276E+00
    0.684040094226413E+00
    0.693892300923518E+00
    0.703886263562215E+00
    0.714024021761402E+00
    0.724307644486510E+00
    0.734739230471748E+00
    0.745320908648419E+00
    0.756054838579410E+00
    0.766943210899921E+00
    0.777988247764543E+00
    0.789192203300768E+00
    0.800557364069019E+00
    0.812086049529309E+00
    0.823780612514602E+00
    0.835643439710995E+00
    0.847676952144804E+00
    0.859883605676657E+00
    0.872265891502705E+00
    0.884826336663032E+00
    0.897567504557386E+00
    0.910491995468335E+00
    0.923602447091946E+00
    0.936901535076092E+00
    0.950391973566523E+00
    0.964076515760771E+00
    0.977957954470048E+00
    0.992039122689207E+00
    0.100632289417492E+01
    0.102081218403217E+01
    0.103550994930918E+01
    0.105041918960089E+01
    0.106554294766116E+01
    0.108088431002370E+01
    0.109644640763204E+01
    0.111223241647849E+01
    0.112824555825230E+01
    0.114448910099715E+01
    0.116096635977815E+01
    0.117768069735836E+01
    0.119463552488511E+01
    0.121183430258610E+01
    0.122928054047569E+01
    0.124697779907112E+01
    0.126492969011924E+01
    0.128313987733361E+01
    0.130161207714217E+01
    0.132035005944571E+01
    0.133935764838730E+01
    0.135863872313270E+01
    0.137819721866203E+01
    0.139803712657288E+01
    0.141816249589492E+01
    0.143857743391621E+01
    0.145928610702150E+01
    0.148029274154249E+01
    0.150160162462034E+01
    0.152321710508067E+01
    0.154514359432105E+01
    0.156738556721129E+01
    0.158994756300674E+01
    0.161283418627464E+01
    0.163605010783388E+01
    0.165960006570820E+01
    0.168348886609319E+01
    0.170772138433715E+01
    0.173230256593607E+01
    0.175723742754295E+01
    0.178253105799159E+01
    0.180818861933518E+01
    0.183421534789979E+01
    0.186061655535299E+01
    0.188739762978796E+01
    0.191456403682302E+01
    0.194212132071719E+01
    0.197007510550158E+01
    0.199843109612726E+01
    0.202719507962950E+01
    0.205637292630887E+01
    0.208597059092921E+01
    0.211599411393297E+01
    0.214644962267395E+01
    0.217734333266781E+01
    0.220868154886053E+01
    0.224047066691523E+01
    0.227271717451733E+01
    0.230542765269869E+01
    0.233860877718062E+01
    0.237226731973635E+01
    0.240641014957303E+01
    0.244104423473359E+01
    0.247617664351891E+01
    0.251181454593026E+01
    0.254796521513265E+01
    0.258463602893913E+01
    0.262183447131654E+01
    0.265956813391283E+01
    0.269784471760645E+01
    0.273667203407793E+01
    0.277605800740417E+01
    0.281601067567562E+01
    0.285653819263671E+01
    0.289764882934993E+01
    0.293935097588383E+01
    0.298165314302530E+01
    0.302456396401650E+01
    0.306809219631677E+01
    0.311224672338990E+01
    0.315703655651711E+01
    0.320247083663614E+01
    0.324855883620674E+01
    0.329530996110307E+01
    0.334273375253329E+01
    0.339083988898679E+01
    0.343963818820939E+01
    0.348913860920705E+01
    0.353935125427830E+01
    0.359028637107601E+01
    0.364195435469876E+01
    0.369436574981233E+01
    0.374753125280171E+01
    0.380146171395409E+01
    0.385616813967320E+01
    0.391166169472560E+01
    0.396795370451921E+01
    0.402505565741468E+01
    0.408297920706997E+01
    0.414173617481870E+01
    0.420133855208272E+01
    0.426179850281934E+01
    0.432312836600389E+01
    0.438534065814782E+01
    0.444844807585322E+01
    0.451246349840395E+01
    0.457739999039416E+01
    0.464327080439452E+01
    0.471008938365693E+01
    0.477786936485804E+01
    0.484662458088234E+01
    0.491636906364520E+01
    0.498711704695660E+01
    0.505888296942602E+01
    0.513168147740920E+01
    0.520552742799714E+01
    0.528043589204833E+01
    0.535642215726439E+01
    0.543350173131013E+01
    0.551169034497839E+01
    0.559100395540047E+01
    0.567145874930277E+01
    0.575307114631022E+01
    0.583585780229731E+01
    0.591983561278728E+01
    0.600502171640029E+01
    0.609143349835110E+01
    0.617908859399717E+01
    0.626800489243776E+01
    0.635820054016484E+01
    0.644969394476650E+01
    0.654250377868369E+01
    0.663664898302097E+01
    0.673214877141209E+01
    0.682902263394127E+01
    0.692729034112074E+01
    0.702697194792570E+01
    0.712808779788719E+01
    0.723065852724390E+01
    0.733470506915375E+01
    0.744024865796600E+01
    0.754731083355490E+01
    0.765591344571563E+01
    0.776607865862352E+01
    0.787782895535746E+01
    0.799118714248830E+01
    0.810617635473341E+01
    0.822282005967804E+01
    0.834114206256480E+01
    0.846116651115189E+01
    0.858291790064131E+01
    0.870642107867798E+01
    0.883170125042076E+01
    0.895878398368648E+01
    0.908769521416789E+01
    0.921846125072680E+01
    0.935110878076331E+01
    0.948566487566232E+01
    0.962215699631836E+01
    0.976061299874001E+01
    0.990106113973484E+01
    0.100435300826762E+02
    0.101880489033532E+02
    0.103346470959041E+02
    0.104833545788363E+02
    0.106342017011318E+02
    0.107872192484413E+02
    0.109424384493665E+02
    0.110998909818343E+02
    0.112596089795611E+02
    0.114216250386108E+02
    0.115859722240477E+02
    0.117526840766841E+02
    0.119217946199258E+02
    0.120933383667153E+02
    0.122673503265761E+02
    0.124438660127570E+02
    0.126229214494800E+02
    0.128045531792924E+02
    0.129887982705247E+02
    0.131756943248553E+02
    0.133652794849849E+02
    0.135575924424204E+02
    0.137526724453716E+02
    0.139505593067612E+02
    0.141512934123497E+02
    0.143549157289778E+02
    0.145614678129271E+02
    0.147709918184010E+02
    0.149835305061278E+02
    0.151991272520877E+02
    0.154178260563647E+02
    0.156396715521270E+02
    0.158647090147356E+02
    0.160929843709843E+02
    0.163245442084728E+02
    0.165594357851144E+02
    0.167977070387810E+02
    0.170394065970859E+02
    0.172845837873085E+02
    0.175332886464610E+02
    0.177855719315004E+02
    0.180414851296870E+02
    0.183010804690923E+02
    0.185644109292580E+02
    0.188315302520083E+02
    0.191024929524178E+02
    0.193773543299373E+02
    0.196561704796795E+02
    0.199389983038670E+02
    0.202258955234457E+02
    0.205169206898643E+02
    0.208121331970240E+02
    0.211115932933998E+02
    0.214153620943366E+02
    0.217235015945214E+02
    0.220360746806361E+02
    0.223531451441913E+02
    0.226747776945452E+02
    0.230010379721103E+02
    0.233319925617490E+02
    0.236677090063631E+02
    0.240082558206777E+02
    0.243537025052248E+02
    0.247041195605267E+02
    0.250595785014844E+02
    0.254201518719726E+02
    0.257859132596450E+02
    0.261569373109522E+02
    0.265332997463760E+02
    0.269150773758832E+02
    0.273023481146005E+02
    0.276951909987169E+02
    0.280936862016131E+02
    0.284979150502236E+02
    0.289079600416348E+02
    0.293239048599214E+02
    0.297458343932245E+02
    0.301738347510766E+02
    0.306079932819751E+02
    0.310483985912085E+02
    0.314951405589400E+02
    0.319483103585504E+02
    0.324080004752449E+02
    0.328743047249288E+02
    0.333473182733529E+02
    0.338271376555363E+02
    0.343138607954672E+02
    0.348075870260880E+02
    0.353084171095675E+02
    0.358164532578651E+02
    0.363317991535908E+02
    0.368545599711649E+02
    0.373848423982830E+02
    0.379227546576891E+02
    0.384684065292623E+02
    0.390219093724213E+02
    0.395833761488510E+02
    0.401529214455566E+02
    0.407306614982490E+02
    0.413167142150665E+02
    0.419111992006385E+02
    0.425142377804947E+02
    0.431259530258262E+02
    0.437464697786020E+02
    0.443759146770478E+02
    0.450144161814909E+02
    0.456621046005768E+02
    0.463191121178636E+02
    0.469855728187984E+02
    0.476616227180822E+02
    0.483473997874288E+02
    0.490430439837222E+02
    0.497486972775803E+02
    0.504645036823284E+02
    0.511906092833908E+02
    0.519271622681043E+02
    0.526743129559607E+02
    0.534322138292857E+02
    0.542010195643573E+02
    0.549808870629735E+02
    0.557719754844735E+02
    0.565744462782195E+02
    0.573884632165466E+02
    0.582141924281858E+02
    0.590518024321686E+02
    0.599014641722195E+02
    0.607633510516426E+02
    0.616376389687107E+02
    0.625245063525639E+02
    0.634241341996240E+02
    0.643367061105331E+02
    0.652624083276242E+02
    0.662014297729300E+02
    0.671539620867393E+02
    0.681201996667080E+02
    0.691003397075323E+02
    0.700945822411941E+02
    0.711031301777837E+02
    0.721261893469109E+02
    0.731639685397123E+02
    0.742166795514616E+02
    0.752845372247947E+02
    0.763677594935553E+02
    0.774665674272722E+02
    0.785811852762761E+02
    0.797118405174662E+02
    0.808587639007343E+02
    0.820221894960576E+02
    0.832023547412693E+02
    0.843995004905154E+02
    0.856138710634101E+02
    0.868457142948973E+02
    0.880952815858304E+02
    0.893628279542792E+02
    0.906486120875754E+02
    0.919528963951070E+02
    0.932759470618717E+02
    0.946180341028017E+02
    0.959794314178697E+02
    0.973604168479875E+02
    0.987612722317095E+02
r*potential (L=0) in Ry
    0.000000000000000E+00
   -0.145845669421492E-03
   -0.293789801738816E-03
   -0.443862590145541E-03
   -0.596094662262247E-03
   -0.750517086387173E-03
   -0.907161377836790E-03
   -0.106605950537761E-02
   -0.122724389775056E-02
   -0.139074745028915E-02
   -0.155660353163300E-02
   -0.172484599053783E-02
   -0.189550916278350E-02
   -0.206862787818146E-02
   -0.224423746768297E-02
   -0.242237377058964E-02
   -0.260307314186770E-02
   -0.278637245956751E-02
   -0.297230913234982E-02
   -0.316092110712036E-02
   -0.335224687677418E-02
   -0.354632548805157E-02
   -0.374319654950682E-02
   -0.394290023959185E-02
   -0.414547731485597E-02
   -0.435096911826371E-02
   -0.455941758763234E-02
   -0.477086526419072E-02
   -0.498535530126138E-02
   -0.520293147306747E-02
   -0.542363818366643E-02
   -0.564752047601221E-02
   -0.587462404114791E-02
   -0.610499522753060E-02
   -0.633868105049045E-02
   -0.657572920182578E-02
   -0.681618805953634E-02
   -0.706010669769651E-02
   -0.730753489647066E-02
   -0.755852315227251E-02
   -0.781312268807074E-02
   -0.807138546384289E-02
   -0.833336418717959E-02
   -0.859911232404148E-02
   -0.886868410967080E-02
   -0.914213455966007E-02
   -0.941951948117996E-02
   -0.970089548436876E-02
   -0.998631999388566E-02
   -0.102758512606304E-01
   -0.105695483736314E-01
   -0.108674712721049E-01
   -0.111696807576879E-01
   -0.114762385068470E-01
   -0.117872070834652E-01
   -0.121026499516110E-01
   -0.124226314884899E-01
   -0.127472169975834E-01
   -0.130764727219764E-01
   -0.134104658578763E-01
   -0.137492645683269E-01
   -0.140929379971199E-01
   -0.144415562829057E-01
   -0.147951905735081E-01
   -0.151539130404446E-01
   -0.155177968936552E-01
   -0.158869163964444E-01
   -0.162613468806365E-01
   -0.166411647619505E-01
   -0.170264475555951E-01
   -0.174172738920887E-01
   -0.178137235333070E-01
   -0.182158773887612E-01
   -0.186238175321107E-01
   -0.190376272179133E-01
   -0.194573908986163E-01
   -0.198831942417922E-01
   -0.203151241476225E-01
   -0.207532687666331E-01
   -0.211977175176844E-01
   -0.216485611062206E-01
   -0.221058915427821E-01
   -0.225698021617832E-01
   -0.230403876405610E-01
   -0.235177440186974E-01
   -0.240019687176205E-01
   -0.244931605604861E-01
   -0.249914197923477E-01
   -0.254968481006141E-01
   -0.260095486358037E-01
   -0.265296260325960E-01
   -0.270571864311861E-01
   -0.275923374989475E-01
   -0.281351884524053E-01
   -0.286858500795265E-01
   -0.292444347623306E-01
   -0.298110564998256E-01
   -0.303858309312742E-01
   -0.309688753597946E-01
   -0.315603087763010E-01
   -0.321602518837884E-01
   -0.327688271219672E-01
   -0.333861586922520E-01
   -0.340123725831099E-01
   -0.346475965957738E-01
   -0.352919603703254E-01
   -0.359455954121539E-01
   -0.366086351187950E-01
   -0.372812148071564E-01
   -0.379634717411349E-01
   -0.386555451596308E-01
   -0.393575763049659E-01
   -0.400697084517097E-01
   -0.407920869359207E-01
   -0.415248591848088E-01
   -0.422681747468240E-01
   -0.430221853221781E-01
   -0.437870447938063E-01
   -0.445629092587729E-01
   -0.453499370601306E-01
   -0.461482888192366E-01
   -0.469581274685350E-01
   -0.477796182848101E-01
   -0.486129289229185E-01
   -0.494582294500062E-01
   -0.503156923802188E-01
   -0.511854927099103E-01
   -0.520678079533588E-01
   -0.529628181789963E-01
   -0.538707060461593E-01
   -0.547916568423689E-01
   -0.557258585211463E-01
   -0.566735017403732E-01
   -0.576347799012035E-01
   -0.586098891875356E-01
   -0.595990286060513E-01
   -0.606024000268322E-01
   -0.616202082245593E-01
   -0.626526609203058E-01
   -0.636999688239309E-01
   -0.647623456770835E-01
   -0.658400082968247E-01
   -0.669331766198772E-01
   -0.680420737475117E-01
   -0.691669259910788E-01
   -0.703079629181954E-01
   -0.714654173995960E-01
   -0.726395256566566E-01
   -0.738305273096038E-01
   -0.750386654264151E-01
   -0.762641865724239E-01
   -0.775073408606366E-01
   -0.787683820027740E-01
   -0.800475673610455E-01
   -0.813451580006685E-01
   -0.826614187431417E-01
   -0.839966182202846E-01
   -0.853510289290534E-01
   -0.867249272871446E-01
   -0.881185936893972E-01
   -0.895323125650053E-01
   -0.909663724355526E-01
   -0.924210659738797E-01
   -0.938966900637975E-01
   -0.953935458606574E-01
   -0.969119388527906E-01
   -0.984521789238300E-01
   -0.100014580415925E+00
   -0.101599462193865E+00
   -0.103207147710121E+00
   -0.104837965070818E+00
   -0.106492247102660E+00
   -0.108170331420804E+00
   -0.109872560497717E+00
   -0.111599281733009E+00
   -0.113350847524273E+00
   -0.115127615338936E+00
   -0.116929947787138E+00
   -0.118758212695654E+00
   -0.120612783182873E+00
   -0.122494037734843E+00
   -0.124402360282410E+00
   -0.126338140279455E+00
   -0.128301772782240E+00
   -0.130293658529898E+00
   -0.132314204026059E+00
   -0.134363821621640E+00
   -0.136442929598820E+00
   -0.138551952256196E+00
   -0.140691319995162E+00
   -0.142861469407504E+00
   -0.145062843364241E+00
   -0.147295891105720E+00
   -0.149561068332995E+00
   -0.151858837300487E+00
   -0.154189666909956E+00
   -0.156554032805800E+00
   -0.158952417471691E+00
   -0.161385310328573E+00
   -0.163853207834036E+00
   -0.166356613583074E+00
   -0.168896038410267E+00
   -0.171472000493375E+00
   -0.174085025458386E+00
   -0.176735646486021E+00
   -0.179424404419712E+00
   -0.182151847875084E+00
   -0.184918533350940E+00
   -0.187725025341779E+00
   -0.190571896451859E+00
   -0.193459727510817E+00
   -0.196389107690870E+00
   -0.199360634625611E+00
   -0.202374914530410E+00
   -0.205432562324445E+00
   -0.208534201754364E+00
   -0.211680465519615E+00
   -0.214871995399433E+00
   -0.218109442381515E+00
   -0.221393466792388E+00
   -0.224724738429489E+00
   -0.228103936694964E+00
   -0.231531750731193E+00
   -0.235008879558067E+00
   -0.238536032212002E+00
   -0.242113927886727E+00
   -0.245743296075825E+00
   -0.249424876717056E+00
   -0.253159420338449E+00
   -0.256947688206183E+00
   -0.260790452474240E+00
   -0.264688496335845E+00
   -0.268642614176684E+00
   -0.272653611729901E+00
   -0.276722306232853E+00
   -0.280849526585644E+00
   -0.285036113511387E+00
   -0.289282919718221E+00
   -0.293590810063031E+00
   -0.297960661716876E+00
   -0.302393364332088E+00
   -0.306889820211017E+00
   -0.311450944476391E+00
   -0.316077665243259E+00
   -0.320770923792469E+00
   -0.325531674745637E+00
   -0.330360886241562E+00
   -0.335259540114023E+00
   -0.340228632070891E+00
   -0.345269171874503E+00
   -0.350382183523192E+00
   -0.355568705433919E+00
   -0.360829790625885E+00
   -0.366166506905036E+00
   -0.371579937049349E+00
   -0.377071178994759E+00
   -0.382641346021609E+00
   -0.388291566941473E+00
   -0.394022986284186E+00
   -0.399836764484905E+00
   -0.405734078071024E+00
   -0.411716119848728E+00
   -0.417784099088972E+00
   -0.423939241712626E+00
   -0.430182790474553E+00
   -0.436516005146318E+00
   -0.442940162697227E+00
   -0.449456557473372E+00
   -0.456066501374324E+00
   -0.462771324027090E+00
   -0.469572372956921E+00
   -0.476471013754526E+00
   -0.483468630239208E+00
   -0.490566624617410E+00
   -0.497766417636105E+00
   -0.505069448730440E+00
   -0.512477176164975E+00
   -0.519991077167830E+00
   -0.527612648056984E+00
   -0.535343404357929E+00
   -0.543184880911802E+00
   -0.551138631973062E+00
   -0.559206231295724E+00
   -0.567389272207045E+00
   -0.575689367667526E+00
   -0.584108150315968E+00
   -0.592647272498244E+00
   -0.601308406278341E+00
   -0.610093243430131E+00
   -0.619003495408189E+00
   -0.628040893295870E+00
   -0.637207187728719E+00
   -0.646504148791138E+00
   -0.655933565884079E+00
   -0.665497247561358E+00
   -0.675197021332026E+00
   -0.685034733426004E+00
   -0.695012248520010E+00
   -0.705131449420559E+00
   -0.715394236700586E+00
   -0.725802528285974E+00
   -0.736358258987987E+00
   -0.747063379977304E+00
   -0.757919858195020E+00
   -0.768929675695640E+00
   -0.780094828916684E+00
   -0.791417327869142E+00
   -0.802899195242553E+00
   -0.814542465418020E+00
   -0.826349183381963E+00
   -0.838321403532834E+00
   -0.850461188372475E+00
   -0.862770607073096E+00
   -0.875251733910237E+00
   -0.887906646551265E+00
   -0.900737424188215E+00
   -0.913746145502925E+00
   -0.926934886451454E+00
   -0.940305717853853E+00
   -0.953860702774265E+00
   -0.967601893675185E+00
   -0.981531329328561E+00
   -0.995651031465045E+00
   -0.100996300114139E+01
   -0.102446921480444E+01
   -0.103917162002868E+01
   -0.105407213090251E+01
   -0.106917262303675E+01
   -0.108447492816692E+01
   -0.109998082831880E+01
   -0.111569204950477E+01
   -0.113161025491608E+01
   -0.114773703757393E+01
   -0.116407391239964E+01
   -0.118062230766181E+01
   -0.119738355575547E+01
   -0.121435888326552E+01
   -0.123154940026386E+01
   -0.124895608878661E+01
   -0.126657979043465E+01
   -0.128442119303794E+01
   -0.130248081632040E+01
   -0.132075899649955E+01
   -0.133925586975153E+01
   -0.135797135446944E+01
   -0.137690513223970E+01
   -0.139605662745861E+01
   -0.141542498550862E+01
   -0.143500904941168E+01
   -0.145480733487526E+01
   -0.147481800364510E+01
   -0.149503883507846E+01
   -0.151546719585113E+01
   -0.153610000771277E+01
   -0.155693371320696E+01
   -0.157796423927538E+01
   -0.159918695867019E+01
   -0.162059664910488E+01
   -0.164218745008192E+01
   -0.166395281734549E+01
   -0.168588547492066E+01
   -0.170797736471505E+01
   -0.173021959367793E+01
   -0.175260237853320E+01
   -0.177511498812817E+01
   -0.179774568346984E+01
   -0.182048165555466E+01
   -0.184330896113678E+01
   -0.186621245662436E+01
   -0.188917573034414E+01
   -0.191218103347064E+01
   -0.193520920997968E+01
   -0.195823962605607E+01
   -0.198125009946217E+01
   -0.200421682945923E+01
   -0.202711432796529E+01
   -0.204991535273380E+01
   -0.207259084344422E+01
   -0.209510986171120E+01
   -0.211743953614039E+01
   -0.213954501368720E+01
   -0.216138941870817E+01
   -0.218293382123229E+01
   -0.220413721611995E+01
   -0.222495651491811E+01
   -0.224534655236011E+01
   -0.226526010959354E+01
   -0.228464795634754E+01
   -0.230345891436733E+01
   -0.232163994454471E+01
   -0.233913626025362E+01
   -0.235589146945452E+01
   -0.237184774815368E+01
   -0.238694604778766E+01
   -0.240112633904146E+01
   -0.241432789449386E+01
   -0.242648961230767E+01
   -0.243755038293693E+01
   -0.244744950050061E+01
   -0.245612712006373E+01
   -0.246352476156520E+01
   -0.246958586052959E+01
   -0.247425636499142E+01
   -0.247748537724129E+01
   -0.247922583806914E+01
   -0.247943525013247E+01
   -0.247807643591656E+01
   -0.247511832448693E+01
   -0.247053675987011E+01
   -0.246431532245109E+01
   -0.245644615326405E+01
   -0.244693076950119E+01
   -0.243578085800260E+01
   -0.242301903195595E+01
   -0.240867953456895E+01
   -0.239280887213212E+01
   -0.237546635771639E+01
   -0.235672454581337E+01
   -0.233666953758866E+01
   -0.231540113615064E+01
   -0.229303283140940E+01
   -0.226969159478214E+01
   -0.224551746526234E+01
   -0.222066291026993E+01
   -0.219529194729410E+01
   -0.216957901566823E+01
   -0.214370759190216E+01
   -0.211786854684453E+01
   -0.209225824853417E+01
   -0.206707642087556E+01
   -0.204252377515511E+01
   -0.201879943878486E+01
   -0.199609821336225E+01
   -0.197460770197499E+01
   -0.195450535342746E+01
   -0.193595547845403E+01
   -0.191910629971734E+01
   -0.190408710314839E+01
   -0.189100556263487E+01
   -0.187994531286978E+01
   -0.187096384601087E+01
   -0.186409080637631E+01
   -0.185932675346503E+01
   -0.185664245695719E+01
   -0.185597877791954E+01
   -0.185724717821510E+01
   -0.186033088521534E+01
   -0.186508672158545E+01
   -0.187134759054981E+01
   -0.187892558617234E+01
   -0.188761567647216E+01
   -0.189719988542308E+01
   -0.190745187894244E+01
   -0.191814184081454E+01
   -0.192904150809688E+01
   -0.193992922288550E+01
   -0.195059484925824E+01
   -0.196084440152886E+01
   -0.197050423320426E+01
   -0.197942464557217E+01
   -0.198748279070542E+01
   -0.199458476557671E+01
   -0.200066682132509E+01
   -0.200569564355318E+01
   -0.200966769460131E+01
   -0.201260764551026E+01
   -0.201456596211556E+01
   -0.201561574456922E+01
   -0.201584895070564E+01
   -0.201537215930834E+01
   -0.201430204797081E+01
   -0.201276077068680E+01
   -0.201087142179702E+01
   -0.200875376520926E+01
   -0.200652039119339E+01
   -0.200427343838259E+01
   -0.200210198725487E+01
   -0.200008019513447E+01
   -0.199826620378257E+01
   -0.199670181126702E+01
   -0.199541286236798E+01
   -0.199441027850062E+01
   -0.199369162092788E+01
   -0.199324306135887E+01
   -0.199304162279972E+01
   -0.199305755104561E+01
   -0.199325668315716E+01
   -0.199360269274859E+01
   -0.199405911153111E+01
   -0.199459105053817E+01
   -0.199516657083549E+01
   -0.199575768027099E+01
   -0.199634095805753E+01
   -0.199689783108380E+01
   -0.199741454358315E+01
   -0.199788187438138E+01
   -0.199829466310353E+01
   -0.199865120862092E+01
   -0.199895260024100E+01
   -0.199920203556867E+01
   -0.199940416967864E+01
   -0.199956452938666E+01
   -0.199968901510612E+01
   -0.199978350200101E+01
   -0.199985354266644E+01
   -0.199990416590697E+01
   -0.199993976060782E+01
   -0.199996403023637E+01
   -0.199998000200265E+01
   -0.199999007483919E+01
   -0.199999609173567E+01
   -0.199999942416100E+01
   -0.200000105892155E+01
   -0.200000168049634E+01
   -0.200000174439131E+01
   -0.200000153919073E+01
   -0.200000123665959E+01
   -0.200000093044817E+01
   -0.200000066470189E+01
   -0.200000045425724E+01
   -0.200000029819440E+01
   -0.200000018840922E+01
   -0.200000011464247E+01
   -0.200000006712856E+01
   -0.200000003774631E+01
   -0.200000002030369E+01
   -0.200000001037963E+01
   -0.200000000498692E+01
   -0.200000000220537E+01
   -0.200000000085808E+01
   -0.200000000025745E+01
   -0.200000000002143E+01
   -0.199999999994921E+01
   -0.199999999994193E+01
   -0.199999999995485E+01
   -0.199999999997010E+01
   -0.199999999998203E+01
   -0.199999999998994E+01
   -0.199999999999468E+01
   -0.199999999999732E+01
   -0.199999999999871E+01
   -0.199999999999940E+01
   -0.199999999999974E+01
   -0.199999999999989E+01
   -0.199999999999995E+01
   -0.199999999999998E+01
   -0.199999999999999E+01
   -0.200000000000000E+01
   -0.200000000000000E+01
   -0.200000000000000E+01
   -0.200000000000000E+01
   -0.200000000000000E+01
   -0.200000000000000E+01
   -0.200000000000000E+01
   -0.200000000000000E+01
   -0.200000000000000E+01
   -0.200000000000000E+01
   -0.200000000000000E+01
   -0.200000000000000E+01
   -0.200000000000000E+01
   -0.200000000000000E+01
   -0.200000000000000E+01
   -0.200000000000000E+01
   -0.200000000000000E+01
   -0.200000000000000E+01
   -0.200000000000000E+01
   -0.200000000000000E+01
   -0.200000000000000E+01
   -0.200000000000000E+01
   -0.200000000000000E+01
   -0.200000000000000E+01
   -0.200000000000000E+01
   -0.200000000000000E+01
   -0.200000000000000E+01
   -0.200000000000000E+01
   -0.200000000000000E+01
   -0.200000000000000E+01
   -0.200000000000000E+01
   -0.200000000000000E+01
   -0.200000000000000E+01
   -0.200000000000000E+01
   -0.200000000000000E+01
   -0.200000000000000E+01
   -0.200000000000000E+01
   -0.200000000000000E+01
   -0.200000000000000E+01
   -0.200000000000000E+01
   -0.200000000000000E+01
   -0.200000000000000E+01
   -0.200000000000000E+01
   -0.200000000000000E+01
   -0.200000000000000E+01
   -0.200000000000000E+01
   -0.200000000000000E+01
   -0.200000000000000E+01
   -0.200000000000000E+01
   -0.200000000000000E+01
   -0.200000000000000E+01
   -0.200000000000000E+01
   -0.200000000000000E+01
   -0.200000000000000E+01
   -0.200000000000000E+01
   -0.200000000000000E+01
   -0.200000000000000E+01
   -0.200000000000000E+01
   -0.200000000000000E+01
   -0.200000000000000E+01
   -0.200000000000000E+01
   -0.200000000000000E+01
   -0.200000000000000E+01
   -0.200000000000000E+01
   -0.200000000000000E+01
   -0.200000000000000E+01
   -0.200000000000000E+01
   -0.200000000000000E+01
   -0.200000000000000E+01
   -0.200000000000000E+01
   -0.200000000000000E+01
   -0.200000000000000E+01
   -0.200000000000000E+01
   -0.200000000000000E+01
   -0.200000000000000E+01
   -0.200000000000000E+01
   -0.200000000000000E+01
   -0.200000000000000E+01
   -0.200000000000000E+01
   -0.200000000000000E+01
   -0.200000000000000E+01
   -0.200000000000000E+01
   -0.200000000000000E+01
   -0.200000000000000E+01
   -0.200000000000000E+01
   -0.200000000000000E+01
   -0.200000000000000E+01
   -0.200000000000000E+01
   -0.200000000000000E+01
   -0.200000000000000E+01
   -0.200000000000000E+01
   -0.200000000000000E+01
   -0.200000000000000E+01
   -0.200000000000000E+01
   -0.200000000000000E+01
   -0.200000000000000E+01
   -0.200000000000000E+01
   -0.200000000000000E+01
   -0.200000000000000E+01
   -0.200000000000000E+01
   -0.200000000000000E+01
   -0.200000000000000E+01
   -0.200000000000000E+01
   -0.200000000000000E+01
   -0.200000000000000E+01
   -0.200000000000000E+01
   -0.200000000000000E+01
   -0.200000000000000E+01
   -0.200000000000000E+01
   -0.200000000000000E+01
   -0.200000000000000E+01
   -0.200000000000000E+01
   -0.200000000000000E+01
   -0.200000000000000E+01
   -0.200000000000000E+01
   -0.200000000000000E+01
   -0.200000000000000E+01
   -0.200000000000000E+01
   -0.200000000000000E+01
   -0.200000000000000E+01
   -0.200000000000000E+01
   -0.200000000000000E+01
   -0.200000000000000E+01
   -0.200000000000000E+01
   -0.200000000000000E+01
   -0.200000000000000E+01
   -0.200000000000000E+01
   -0.200000000000000E+01
   -0.200000000000000E+01
   -0.200000000000000E+01
   -0.200000000000000E+01
   -0.200000000000000E+01
   -0.200000000000000E+01
   -0.200000000000000E+01
   -0.200000000000000E+01
   -0.200000000000000E+01
   -0.200000000000000E+01
   -0.200000000000000E+01
   -0.200000000000000E+01
   -0.200000000000000E+01
   -0.200000000000000E+01
   -0.200000000000000E+01
   -0.200000000000000E+01
   -0.200000000000000E+01
   -0.200000000000000E+01
   -0.200000000000000E+01
   -0.200000000000000E+01
   -0.200000000000000E+01
   -0.200000000000000E+01
   -0.200000000000000E+01
   -0.200000000000000E+01
   -0.200000000000000E+01
   -0.200000000000000E+01
   -0.200000000000000E+01
   -0.200000000000000E+01
   -0.200000000000000E+01
   -0.200000000000000E+01
   -0.200000000000000E+01
   -0.200000000000000E+01
   -0.200000000000000E+01
   -0.200000000000000E+01
   -0.200000000000000E+01
   -0.200000000000000E+01
   -0.200000000000000E+01
   -0.200000000000000E+01
   -0.200000000000000E+01
   -0.200000000000000E+01
   -0.200000000000000E+01
   -0.200000000000000E+01
   -0.200000000000000E+01
   -0.200000000000000E+01
   -0.200000000000000E+01
   -0.200000000000000E+01
   -0.200000000000000E+01
   -0.200000000000000E+01
   -0.200000000000000E+01
   -0.200000000000000E+01
   -0.200000000000000E+01
   -0.200000000000000E+01
   -0.200000000000000E+01
   -0.200000000000000E+01
   -0.200000000000000E+01
   -0.200000000000000E+01
   -0.200000000000000E+01
   -0.200000000000000E+01
   -0.200000000000000E+01
   -0.200000000000000E+01
   -0.200000000000000E+01
   -0.200000000000000E+01
   -0.200000000000000E+01
   -0.200000000000000E+01
   -0.200000000000000E+01
   -0.200000000000000E+01
   -0.200000000000000E+01
   -0.200000000000000E+01
   -0.200000000000000E+01
   -0.200000000000000E+01
   -0.200000000000000E+01
   -0.200000000000000E+01
   -0.200000000000000E+01
   -0.200000000000000E+01
   -0.200000000000000E+01
   -0.200000000000000E+01
   -0.200000000000000E+01
   -0.200000000000000E+01
   -0.200000000000000E+01
   -0.200000000000000E+01
   -0.200000000000000E+01
   -0.200000000000000E+01
   -0.200000000000000E+01
   -0.200000000000000E+01
   -0.200000000000000E+01
   -0.200000000000000E+01
   -0.200000000000000E+01
   -0.200000000000000E+01
   -0.200000000000000E+01
   -0.200000000000000E+01
   -0.200000000000000E+01
   -0.200000000000000E+01
   -0.200000000000000E+01
   -0.200000000000000E+01
   -0.200000000000000E+01
   -0.200000000000000E+01
   -0.200000000000000E+01
   -0.200000000000000E+01
   -0.200000000000000E+01
   -0.200000000000000E+01
   -0.200000000000000E+01
   -0.200000000000000E+01
   -0.200000000000000E+01
   -0.200000000000000E+01
   -0.200000000000000E+01
   -0.200000000000000E+01
   -0.200000000000000E+01
   -0.200000000000000E+01
   -0.200000000000000E+01
   -0.200000000000000E+01
   -0.200000000000000E+01
   -0.200000000000000E+01
   -0.200000000000000E+01
   -0.200000000000000E+01
   -0.200000000000000E+01
   -0.200000000000000E+01
   -0.200000000000000E+01
   -0.200000000000000E+01
   -0.200000000000000E+01
   -0.200000000000000E+01
   -0.200000000000000E+01
   -0.200000000000000E+01
   -0.200000000000000E+01
   -0.200000000000000E+01
   -0.200000000000000E+01
   -0.200000000000000E+01
   -0.200000000000000E+01
   -0.200000000000000E+01
   -0.200000000000000E+01
   -0.200000000000000E+01
   -0.200000000000000E+01
   -0.200000000000000E+01
   -0.200000000000000E+01
   -0.200000000000000E+01
   -0.200000000000000E+01
   -0.200000000000000E+01
   -0.200000000000000E+01
   -0.200000000000000E+01
   -0.200000000000000E+01
   -0.200000000000000E+01
   -0.200000000000000E+01
   -0.200000000000000E+01
   -0.200000000000000E+01
   -0.200000000000000E+01
   -0.200000000000000E+01
   -0.200000000000000E+01
   -0.200000000000000E+01
   -0.200000000000000E+01
   -0.200000000000000E+01
   -0.200000000000000E+01
   -0.200000000000000E+01
   -0.200000000000000E+01
   -0.200000000000000E+01
   -0.200000000000000E+01
   -0.200000000000000E+01
   -0.200000000000000E+01
   -0.200000000000000E+01
r*potential (L=1) in Ry
    0.000000000000000E+00
   -0.113589884725277E-03
   -0.228814128286051E-03
   -0.345696246234009E-03
   -0.464260092468316E-03
   -0.584529864103847E-03
   -0.706530106409458E-03
   -0.830285717817309E-03
   -0.955821955004271E-03
   -0.108316443804644E-02
   -0.121233915564780E-02
   -0.134337247044416E-02
   -0.147629112438337E-02
   -0.161112224418294E-02
   -0.174789334686621E-02
   -0.188663234537821E-02
   -0.202736755428220E-02
   -0.217012769553833E-02
   -0.231494190436534E-02
   -0.246183973518661E-02
   -0.261085116766184E-02
   -0.276200661280539E-02
   -0.291533691919277E-02
   -0.307087337925636E-02
   -0.322864773567176E-02
   -0.338869218783597E-02
   -0.355103939843885E-02
   -0.371572250012909E-02
   -0.388277510227609E-02
   -0.405223129782914E-02
   -0.422412567027533E-02
   -0.439849330069749E-02
   -0.457536977493376E-02
   -0.475479119084014E-02
   -0.493679416565754E-02
   -0.512141584348483E-02
   -0.530869390285940E-02
   -0.549866656444684E-02
   -0.569137259884120E-02
   -0.588685133447753E-02
   -0.608514266565823E-02
   -0.628628706069494E-02
   -0.649032557016752E-02
   -0.669729983530190E-02
   -0.690725209646846E-02
   -0.712022520180269E-02
   -0.733626261594990E-02
   -0.755540842893575E-02
   -0.777770736516436E-02
   -0.800320479254600E-02
   -0.823194673175599E-02
   -0.846397986562692E-02
   -0.869935154867595E-02
   -0.893810981676922E-02
   -0.918030339692530E-02
   -0.942598171725970E-02
   -0.967519491707252E-02
   -0.992799385708112E-02
   -0.101844301298002E-01
   -0.104445560700710E-01
   -0.107084247657423E-01
   -0.109760900685048E-01
   -0.112476066048816E-01
   -0.115230297873768E-01
   -0.118024158257844E-01
   -0.120858217386599E-01
   -0.123733053649571E-01
   -0.126649253758325E-01
   -0.129607412866190E-01
   -0.132608134689723E-01
   -0.135652031631922E-01
   -0.138739724907206E-01
   -0.141871844668200E-01
   -0.145049030134343E-01
   -0.148271929722337E-01
   -0.151541201178491E-01
   -0.154857511712950E-01
   -0.158221538135873E-01
   -0.161633966995552E-01
   -0.165095494718539E-01
   -0.168606827751769E-01
   -0.172168682706744E-01
   -0.175781786505782E-01
   -0.179446876530374E-01
   -0.183164700771675E-01
   -0.186936017983163E-01
   -0.190761597835487E-01
   -0.194642221073555E-01
   -0.198578679675867E-01
   -0.202571777016158E-01
   -0.206622328027352E-01
   -0.210731159367884E-01
   -0.214899109590411E-01
   -0.219127029312952E-01
   -0.223415781392489E-01
   -0.227766241101074E-01
   -0.232179296304451E-01
   -0.236655847643274E-01
   -0.241196808716909E-01
   -0.245803106269895E-01
   -0.250475680381082E-01
   -0.255215484655494E-01
   -0.260023486418948E-01
   -0.264900666915479E-01
   -0.269848021507599E-01
   -0.274866559879446E-01
   -0.279957306242846E-01
   -0.285121299546348E-01
   -0.290359593687263E-01
   -0.295673257726755E-01
   -0.301063376108027E-01
   -0.306531048877643E-01
   -0.312077391910042E-01
   -0.317703537135270E-01
   -0.323410632770005E-01
   -0.329199843551889E-01
   -0.335072350977246E-01
   -0.341029353542207E-01
   -0.347072066987316E-01
   -0.353201724545647E-01
   -0.359419577194495E-01
   -0.365726893910684E-01
   -0.372124961929555E-01
   -0.378615087007670E-01
   -0.385198593689303E-01
   -0.391876825576763E-01
   -0.398651145604603E-01
   -0.405522936317775E-01
   -0.412493600153788E-01
   -0.419564559728923E-01
   -0.426737258128561E-01
   -0.434013159201695E-01
   -0.441393747859670E-01
   -0.448880530379224E-01
   -0.456475034709888E-01
   -0.464178810785799E-01
   -0.471993430842008E-01
   -0.479920489735328E-01
   -0.487961605269797E-01
   -0.496118418526823E-01
   -0.504392594200073E-01
   -0.512785820935176E-01
   -0.521299811674310E-01
   -0.529936304005742E-01
   -0.538697060518390E-01
   -0.547583869161483E-01
   -0.556598543609385E-01
   -0.565742923631665E-01
   -0.575018875468480E-01
   -0.584428292211352E-01
   -0.593973094189413E-01
   -0.603655229361195E-01
   -0.613476673712050E-01
   -0.623439431657270E-01
   -0.633545536450994E-01
   -0.643797050600986E-01
   -0.654196066289363E-01
   -0.664744705799355E-01
   -0.675445121948188E-01
   -0.686299498526175E-01
   -0.697310050742096E-01
   -0.708479025674966E-01
   -0.719808702732273E-01
   -0.731301394114776E-01
   -0.742959445287960E-01
   -0.754785235460238E-01
   -0.766781178067998E-01
   -0.778949721267575E-01
   -0.791293348434269E-01
   -0.803814578668484E-01
   -0.816515967309097E-01
   -0.829400106454158E-01
   -0.842469625489013E-01
   -0.855727191621958E-01
   -0.869175510427529E-01
   -0.882817326397519E-01
   -0.896655423499846E-01
   -0.910692625745355E-01
   -0.924931797762685E-01
   -0.939375845381282E-01
   -0.954027716222692E-01
   -0.968890400300222E-01
   -0.983966930627094E-01
   -0.999260383833191E-01
   -0.101477388079052E+00
   -0.103051058724748E+00
   -0.104647371447209E+00
   -0.106266651990423E+00
   -0.107909230781708E+00
   -0.109575442998781E+00
   -0.111265628637762E+00
   -0.112980132582140E+00
   -0.114719304672688E+00
   -0.116483499778355E+00
   -0.118273077868148E+00
   -0.120088404084005E+00
   -0.121929848814674E+00
   -0.123797787770613E+00
   -0.125692602059921E+00
   -0.127614678265308E+00
   -0.129564408522116E+00
   -0.131542190597403E+00
   -0.133548427970106E+00
   -0.135583529912276E+00
   -0.137647911571421E+00
   -0.139741994053939E+00
   -0.141866204509680E+00
   -0.144020976217618E+00
   -0.146206748672661E+00
   -0.148423967673605E+00
   -0.150673085412230E+00
   -0.152954560563562E+00
   -0.155268858377290E+00
   -0.157616450770360E+00
   -0.159997816420745E+00
   -0.162413440862398E+00
   -0.164863816581388E+00
   -0.167349443113229E+00
   -0.169870827141407E+00
   -0.172428482597093E+00
   -0.175022930760062E+00
   -0.177654700360797E+00
   -0.180324327683799E+00
   -0.183032356672077E+00
   -0.185779339032830E+00
   -0.188565834344313E+00
   -0.191392410163865E+00
   -0.194259642137112E+00
   -0.197168114108309E+00
   -0.200118418231832E+00
   -0.203111155084783E+00
   -0.206146933780700E+00
   -0.209226372084345E+00
   -0.212350096527560E+00
   -0.215518742526137E+00
   -0.218732954497701E+00
   -0.221993385980552E+00
   -0.225300699753432E+00
   -0.228655567956187E+00
   -0.232058672211252E+00
   -0.235510703745942E+00
   -0.239012363515459E+00
   -0.242564362326581E+00
   -0.246167420961946E+00
   -0.249822270304875E+00
   -0.253529651464633E+00
   -0.257290315902071E+00
   -0.261105025555522E+00
   -0.264974552966875E+00
   -0.268899681407708E+00
   -0.272881205005356E+00
   -0.276919928868789E+00
   -0.281016669214170E+00
   -0.285172253489929E+00
   -0.289387520501202E+00
   -0.293663320533461E+00
   -0.298000515475146E+00
   -0.302399978939103E+00
   -0.306862596382614E+00
   -0.311389265225789E+00
   -0.315980894968074E+00
   -0.320638407302616E+00
   -0.325362736228201E+00
   -0.330154828158465E+00
   -0.335015642028064E+00
   -0.339946149395454E+00
   -0.344947334541916E+00
   -0.350020194566446E+00
   -0.355165739476095E+00
   -0.360384992271302E+00
   -0.365678989025782E+00
   -0.371048778960440E+00
   -0.376495424510806E+00
   -0.382020001387410E+00
   -0.387623598628521E+00
   -0.393307318644599E+00
   -0.399072277253796E+00
   -0.404919603707805E+00
   -0.410850440707288E+00
   -0.416865944406106E+00
   -0.422967284403490E+00
   -0.429155643723282E+00
   -0.435432218779295E+00
   -0.441798219325806E+00
   -0.448254868392127E+00
   -0.454803402200173E+00
   -0.461445070063832E+00
   -0.468181134268948E+00
   -0.475012869932600E+00
   -0.481941564840348E+00
   -0.488968519260003E+00
   -0.496095045730437E+00
   -0.503322468823863E+00
   -0.510652124879941E+00
   -0.518085361709985E+00
   -0.525623538269455E+00
   -0.533268024296868E+00
   -0.541020199917129E+00
   -0.548881455207220E+00
   -0.556853189722101E+00
   -0.564936811978563E+00
   -0.573133738894674E+00
   -0.581445395182398E+00
   -0.589873212690813E+00
   -0.598418629697284E+00
   -0.607083090143843E+00
   -0.615868042815905E+00
   -0.624774940460334E+00
   -0.633805238839798E+00
   -0.642960395720191E+00
   -0.652241869787819E+00
   -0.661651119492917E+00
   -0.671189601815932E+00
   -0.680858770952928E+00
   -0.690660076916281E+00
   -0.700594964046768E+00
   -0.710664869432996E+00
   -0.720871221233979E+00
   -0.731215436900564E+00
   -0.741698921291247E+00
   -0.752323064677797E+00
   -0.763089240635939E+00
   -0.773998803816231E+00
   -0.785053087590075E+00
   -0.796253401565663E+00
   -0.807601028968498E+00
   -0.819097223880902E+00
   -0.830743208334791E+00
   -0.842540169251745E+00
   -0.854489255224197E+00
   -0.866591573131327E+00
   -0.878848184582985E+00
   -0.891260102184676E+00
   -0.903828285616345E+00
   -0.916553637517339E+00
   -0.929436999169562E+00
   -0.942479145970425E+00
   -0.955680782686717E+00
   -0.969042538480045E+00
   -0.982564961693898E+00
   -0.996248514391811E+00
   -0.101009356663537E+01
   -0.102410039049012E+01
   -0.103826915374652E+01
   -0.105259991334228E+01
   -0.106709260847131E+01
   -0.108174705336362E+01
   -0.109656292971902E+01
   -0.111153977877662E+01
   -0.112667699300035E+01
   -0.114197380735958E+01
   -0.115742929018221E+01
   -0.117304233355604E+01
   -0.118881164325247E+01
   -0.120473572814487E+01
   -0.122081288909212E+01
   -0.123704120725602E+01
   -0.125341853181944E+01
   -0.126994246707032E+01
   -0.128661035881494E+01
   -0.130341928008244E+01
   -0.132036601608117E+01
   -0.133744704836656E+01
   -0.135465853817941E+01
   -0.137199630891363E+01
   -0.138945582767272E+01
   -0.140703218587552E+01
   -0.142472007887418E+01
   -0.144251378455007E+01
   -0.146040714085821E+01
   -0.147839352229650E+01
   -0.149646581528391E+01
   -0.151461639244108E+01
   -0.153283708577906E+01
   -0.155111915881586E+01
   -0.156945327765783E+01
   -0.158782948110317E+01
   -0.160623714984842E+01
   -0.162466497490639E+01
   -0.164310092537524E+01
   -0.166153221573447E+01
   -0.167994527288372E+01
   -0.169832570318588E+01
   -0.171665825982593E+01
   -0.173492681085262E+01
   -0.175311430833036E+01
   -0.177120275909474E+01
   -0.178917319767523E+01
   -0.180700566202388E+01
   -0.182467917276799E+01
   -0.184217171678695E+01
   -0.185946023599824E+01
   -0.187652062232367E+01
   -0.189332771989210E+01
   -0.190985533561889E+01
   -0.192607625938121E+01
   -0.194196229508119E+01
   -0.195748430395222E+01
   -0.197261226151414E+01
   -0.198731532961791E+01
   -0.200156194503515E+01
   -0.201531992603824E+01
   -0.202855659837965E+01
   -0.204123894200786E+01
   -0.205333375974938E+01
   -0.206480786903549E+01
   -0.207562831755454E+01
   -0.208576262346202E+01
   -0.209517904047640E+01
   -0.210384684782638E+01
   -0.211173666459246E+01
   -0.211882078750053E+01
   -0.212507355067906E+01
   -0.213047170528472E+01
   -0.213499481623879E+01
   -0.213862567260402E+01
   -0.214135070737675E+01
   -0.214316042168350E+01
   -0.214404980756903E+01
   -0.214401876275991E+01
   -0.214307249000521E+01
   -0.214122187285532E+01
   -0.213848381906866E+01
   -0.213488156226033E+01
   -0.213044491195885E+01
   -0.212521044194761E+01
   -0.211922160666974E+01
   -0.211252877560144E+01
   -0.210518917588027E+01
   -0.209726673414071E+01
   -0.208883180948423E+01
   -0.207996081081480E+01
   -0.207073569341554E+01
   -0.206124333163242E+01
   -0.205157476685981E+01
   -0.204182433267281E+01
   -0.203208866189125E+01
   -0.202246558354508E+01
   -0.201305292108130E+01
   -0.200394720663310E+01
   -0.199524232967379E+01
   -0.198702814179845E+01
   -0.197938904259948E+01
   -0.197240257450490E+01
   -0.196613805689890E+01
   -0.196065529171034E+01
   -0.195600337380594E+01
   -0.195221963983874E+01
   -0.194932878857032E+01
   -0.194734220401893E+01
   -0.194625751002370E+01
   -0.194605838092801E+01
   -0.194671462808309E+01
   -0.194818257580820E+01
   -0.195040573341588E+01
   -0.195331576206919E+01
   -0.195683372677803E+01
   -0.196087161500884E+01
   -0.196533409446054E+01
   -0.197012047386943E+01
   -0.197512682259038E+01
   -0.198024819751612E+01
   -0.198538091999240E+01
   -0.199042484109615E+01
   -0.199528553125989E+01
   -0.199987632998744E+01
   -0.200412019347875E+01
   -0.200795128244264E+01
   -0.201131623920152E+01
   -0.201417511224974E+01
   -0.201650189746970E+01
   -0.201828467788255E+01
   -0.201952535765288E+01
   -0.202023900053568E+01
   -0.202045279743770E+01
   -0.202020470161655E+01
   -0.201954178260729E+01
   -0.201851836062250E+01
   -0.201719399136358E+01
   -0.201563137645032E+01
   -0.201389427670284E+01
   -0.201204550413047E+01
   -0.201014506371159E+01
   -0.200824850808388E+01
   -0.200640555748549E+01
   -0.200465902423661E+01
   -0.200304406640780E+01
   -0.200158777986379E+01
   -0.200030912243033E+01
   -0.199921914933673E+01
   -0.199832152611660E+01
   -0.199761327447680E+01
   -0.199708569879321E+01
   -0.199672543620303E+01
   -0.199651557186853E+01
   -0.199643676280943E+01
   -0.199646831845509E+01
   -0.199658919329458E+01
   -0.199677885609645E+01
   -0.199701801043964E+01
   -0.199728915200672E+01
   -0.199757695853077E+01
   -0.199786851781254E+01
   -0.199815340731140E+01
   -0.199842364508221E+01
   -0.199867353607128E+01
   -0.199889943995442E+01
   -0.199909948691642E+01
   -0.199927326628118E+01
   -0.199942151005331E+01
   -0.199954578962961E+01
   -0.199964823960584E+01
   -0.199973131814197E+01
   -0.199979760910714E+01
   -0.199984966747779E+01
   -0.199988990639571E+01
   -0.199992052200314E+01
   -0.199994345067372E+01
   -0.199996035249507E+01
   -0.199997261472429E+01
   -0.199998136929532E+01
   -0.199998751915667E+01
   -0.199999176911732E+01
   -0.199999465785053E+01
   -0.199999658865041E+01
   -0.199999785738264E+01
   -0.199999867677685E+01
   -0.199999919675549E+01
   -0.199999952088587E+01
   -0.199999971929433E+01
   -0.199999983851847E+01
   -0.199999990882279E+01
   -0.199999994949114E+01
   -0.199999997255987E+01
   -0.199999998538648E+01
   -0.199999999237431E+01
   -0.199999999610276E+01
   -0.199999999805025E+01
   -0.199999999904560E+01
   -0.199999999954314E+01
   -0.199999999978625E+01
   -0.199999999990231E+01
   -0.199999999995641E+01
   -0.199999999998102E+01
   -0.199999999999195E+01
   -0.199999999999667E+01
   -0.199999999999866E+01
   -0.199999999999947E+01
   -0.199999999999980E+01
   -0.199999999999993E+01
   -0.199999999999997E+01
   -0.199999999999999E+01
   -0.200000000000000E+01
   -0.200000000000000E+01
   -0.200000000000000E+01
   -0.200000000000000E+01
   -0.200000000000000E+01
   -0.200000000000000E+01
   -0.200000000000000E+01
   -0.200000000000000E+01
   -0.200000000000000E+01
   -0.200000000000000E+01
   -0.200000000000000E+01
   -0.200000000000000E+01
   -0.200000000000000E+01
   -0.200000000000000E+01
   -0.200000000000000E+01
   -0.200000000000000E+01
   -0.200000000000000E+01
   -0.200000000000000E+01
   -0.200000000000000E+01
   -0.200000000000000E+01
   -0.200000000000000E+01
   -0.200000000000000E+01
   -0.200000000000000E+01
   -0.200000000000000E+01
   -0.200000000000000E+01
   -0.200000000000000E+01
   -0.200000000000000E+01
   -0.200000000000000E+01
   -0.200000000000000E+01
   -0.200000000000000E+01
   -0.200000000000000E+01
   -0.200000000000000E+01
   -0.200000000000000E+01
   -0.200000000000000E+01
   -0.200000000000000E+01
   -0.200000000000000E+01
   -0.200000000000000E+01
   -0.200000000000000E+01
   -0.200000000000000E+01
   -0.200000000000000E+01
   -0.200000000000000E+01
   -0.200000000000000E+01
   -0.200000000000000E+01
   -0.200000000000000E+01
   -0.200000000000000E+01
   -0.200000000000000E+01
   -0.200000000000000E+01
   -0.200000000000000E+01
   -0.200000000000000E+01
   -0.200000000000000E+01
   -0.200000000000000E+01
   -0.200000000000000E+01
   -0.200000000000000E+01
   -0.200000000000000E+01
   -0.200000000000000E+01
   -0.200000000000000E+01
   -0.200000000000000E+01
   -0.200000000000000E+01
   -0.200000000000000E+01
   -0.200000000000000E+01
   -0.200000000000000E+01
   -0.200000000000000E+01
   -0.200000000000000E+01
   -0.200000000000000E+01
   -0.200000000000000E+01
   -0.200000000000000E+01
   -0.200000000000000E+01
   -0.200000000000000E+01
   -0.200000000000000E+01
   -0.200000000000000E+01
   -0.200000000000000E+01
   -0.200000000000000E+01
   -0.200000000000000E+01
   -0.200000000000000E+01
   -0.200000000000000E+01
   -0.200000000000000E+01
   -0.200000000000000E+01
   -0.200000000000000E+01
   -0.200000000000000E+01
   -0.200000000000000E+01
   -0.200000000000000E+01
   -0.200000000000000E+01
   -0.200000000000000E+01
   -0.200000000000000E+01
   -0.200000000000000E+01
   -0.200000000000000E+01
   -0.200000000000000E+01
   -0.200000000000000E+01
   -0.200000000000000E+01
   -0.200000000000000E+01
   -0.200000000000000E+01
   -0.200000000000000E+01
   -0.200000000000000E+01
   -0.200000000000000E+01
   -0.200000000000000E+01
   -0.200000000000000E+01
   -0.200000000000000E+01
   -0.200000000000000E+01
   -0.200000000000000E+01
   -0.200000000000000E+01
   -0.200000000000000E+01
   -0.200000000000000E+01
   -0.200000000000000E+01
   -0.200000000000000E+01
   -0.200000000000000E+01
   -0.200000000000000E+01
   -0.200000000000000E+01
   -0.200000000000000E+01
   -0.200000000000000E+01
   -0.200000000000000E+01
   -0.200000000000000E+01
   -0.200000000000000E+01
   -0.200000000000000E+01
   -0.200000000000000E+01
   -0.200000000000000E+01
   -0.200000000000000E+01
   -0.200000000000000E+01
   -0.200000000000000E+01
   -0.200000000000000E+01
   -0.200000000000000E+01
   -0.200000000000000E+01
   -0.200000000000000E+01
   -0.200000000000000E+01
   -0.200000000000000E+01
   -0.200000000000000E+01
   -0.200000000000000E+01
   -0.200000000000000E+01
   -0.200000000000000E+01
   -0.200000000000000E+01
   -0.200000000000000E+01
   -0.200000000000000E+01
   -0.200000000000000E+01
   -0.200000000000000E+01
   -0.200000000000000E+01
   -0.200000000000000E+01
   -0.200000000000000E+01
   -0.200000000000000E+01
   -0.200000000000000E+01
   -0.200000000000000E+01
   -0.200000000000000E+01
   -0.200000000000000E+01
   -0.200000000000000E+01
   -0.200000000000000E+01
   -0.200000000000000E+01
   -0.200000000000000E+01
   -0.200000000000000E+01
   -0.200000000000000E+01
   -0.200000000000000E+01
   -0.200000000000000E+01
   -0.200000000000000E+01
   -0.200000000000000E+01
   -0.200000000000000E+01
   -0.200000000000000E+01
   -0.200000000000000E+01
   -0.200000000000000E+01
   -0.200000000000000E+01
   -0.200000000000000E+01
   -0.200000000000000E+01
   -0.200000000000000E+01
   -0.200000000000000E+01
   -0.200000000000000E+01
   -0.200000000000000E+01
   -0.200000000000000E+01
   -0.200000000000000E+01
   -0.200000000000000E+01
   -0.200000000000000E+01
   -0.200000000000000E+01
   -0.200000000000000E+01
   -0.200000000000000E+01
   -0.200000000000000E+01
   -0.200000000000000E+01
   -0.200000000000000E+01
   -0.200000000000000E+01
   -0.200000000000000E+01
   -0.200000000000000E+01
   -0.200000000000000E+01
   -0.200000000000000E+01
   -0.200000000000000E+01
   -0.200000000000000E+01
   -0.200000000000000E+01
   -0.200000000000000E+01
   -0.200000000000000E+01
   -0.200000000000000E+01
   -0.200000000000000E+01
   -0.200000000000000E+01
   -0.200000000000000E+01
   -0.200000000000000E+01
   -0.200000000000000E+01
   -0.200000000000000E+01
   -0.200000000000000E+01
   -0.200000000000000E+01
   -0.200000000000000E+01
   -0.200000000000000E+01
   -0.200000000000000E+01
   -0.200000000000000E+01
   -0.200000000000000E+01
   -0.200000000000000E+01
   -0.200000000000000E+01
   -0.200000000000000E+01
   -0.200000000000000E+01
   -0.200000000000000E+01
   -0.200000000000000E+01
   -0.200000000000000E+01
   -0.200000000000000E+01
   -0.200000000000000E+01
   -0.200000000000000E+01
   -0.200000000000000E+01
   -0.200000000000000E+01
   -0.200000000000000E+01
   -0.200000000000000E+01
   -0.200000000000000E+01
   -0.200000000000000E+01
   -0.200000000000000E+01
   -0.200000000000000E+01
   -0.200000000000000E+01
   -0.200000000000000E+01
   -0.200000000000000E+01
   -0.200000000000000E+01
   -0.200000000000000E+01
   -0.200000000000000E+01
   -0.200000000000000E+01
   -0.200000000000000E+01
   -0.200000000000000E+01
   -0.200000000000000E+01
   -0.200000000000000E+01
   -0.200000000000000E+01
   -0.200000000000000E+01
   -0.200000000000000E+01
   -0.200000000000000E+01
   -0.200000000000000E+01
   -0.200000000000000E+01
   -0.200000000000000E+01
   -0.200000000000000E+01
   -0.200000000000000E+01
   -0.200000000000000E+01
   -0.200000000000000E+01
   -0.200000000000000E+01
   -0.200000000000000E+01
   -0.200000000000000E+01
   -0.200000000000000E+01
   -0.200000000000000E+01
   -0.200000000000000E+01
   -0.200000000000000E+01
   -0.200000000000000E+01
   -0.200000000000000E+01
   -0.200000000000000E+01
   -0.200000000000000E+01
   -0.200000000000000E+01
   -0.200000000000000E+01
   -0.200000000000000E+01
   -0.200000000000000E+01
   -0.200000000000000E+01
   -0.200000000000000E+01
   -0.200000000000000E+01
   -0.200000000000000E+01
   -0.200000000000000E+01
   -0.200000000000000E+01
   -0.200000000000000E+01
   -0.200000000000000E+01
   -0.200000000000000E+01
   -0.200000000000000E+01
   -0.200000000000000E+01
   -0.200000000000000E+01
   -0.200000000000000E+01
   -0.200000000000000E+01
   -0.200000000000000E+01
   -0.200000000000000E+01
   -0.200000000000000E+01
   -0.200000000000000E+01
   -0.200000000000000E+01
   -0.200000000000000E+01
   -0.200000000000000E+01
   -0.200000000000000E+01
   -0.200000000000000E+01
   -0.200000000000000E+01
   -0.200000000000000E+01
   -0.200000000000000E+01
   -0.200000000000000E+01
   -0.200000000000000E+01
r*potential (L=2) in Ry
    0.000000000000000E+00
   -0.193924084011234E-04
   -0.390638394818566E-04
   -0.590183078882656E-04
   -0.792598860301331E-04
   -0.997927049120785E-04
   -0.120620954976637E-03
   -0.141748886959468E-03
   -0.163180812756870E-03
   -0.184921106305776E-03
   -0.206974204476417E-03
   -0.229344607977814E-03
   -0.252036882276322E-03
   -0.275055658527365E-03
   -0.298405634520600E-03
   -0.322091575638664E-03
   -0.346118315829726E-03
   -0.370490758594026E-03
   -0.395213877984615E-03
   -0.420292719622488E-03
   -0.445732401726330E-03
   -0.471538116157071E-03
   -0.497715129477478E-03
   -0.524268784026989E-03
   -0.551204499012016E-03
   -0.578527771611927E-03
   -0.606244178100957E-03
   -0.634359374986245E-03
   -0.662879100162260E-03
   -0.691809174081831E-03
   -0.721155500944025E-03
   -0.750924069899123E-03
   -0.781120956270931E-03
   -0.811752322796678E-03
   -0.842824420884758E-03
   -0.874343591890566E-03
   -0.906316268410695E-03
   -0.938748975595754E-03
   -0.971648332482076E-03
   -0.100502105334259E-02
   -0.103887394905713E-02
   -0.107321392850246E-02
   -0.110804799996230E-02
   -0.114338327255765E-02
   -0.117922695769769E-02
   -0.121558637055155E-02
   -0.125246893154125E-02
   -0.128988216785619E-02
   -0.132783371498931E-02
   -0.136633131829549E-02
   -0.140538283457227E-02
   -0.144499623366337E-02
   -0.148517960008527E-02
   -0.152594113467722E-02
   -0.156728915627491E-02
   -0.160923210340838E-02
   -0.165177853602417E-02
   -0.169493713723245E-02
   -0.173871671507910E-02
   -0.178312620434346E-02
   -0.182817466836184E-02
   -0.187387130087732E-02
   -0.192022542791613E-02
   -0.196724650969112E-02
   -0.201494414253251E-02
   -0.206332806084650E-02
   -0.211240813910204E-02
   -0.216219439384622E-02
   -0.221269698574862E-02
   -0.226392622167511E-02
   -0.231589255679152E-02
   -0.236860659669750E-02
   -0.242207909959122E-02
   -0.247632097846508E-02
   -0.253134330333317E-02
   -0.258715730349065E-02
   -0.264377436980575E-02
   -0.270120605704472E-02
   -0.275946408623021E-02
   -0.281856034703370E-02
   -0.287850690020221E-02
   -0.293931598002012E-02
   -0.300099999680623E-02
   -0.306357153944696E-02
   -0.312704337796585E-02
   -0.319142846613014E-02
   -0.325673994409486E-02
   -0.332299114108494E-02
   -0.339019557811600E-02
   -0.345836697075421E-02
   -0.352751923191599E-02
   -0.359766647470794E-02
   -0.366882301530767E-02
   -0.374100337588612E-02
   -0.381422228757196E-02
   -0.388849469345861E-02
   -0.396383575165466E-02
   -0.404026083837808E-02
   -0.411778555109511E-02
   -0.419642571170425E-02
   -0.427619736976614E-02
   -0.435711680577992E-02
   -0.443920053450683E-02
   -0.452246530834159E-02
   -0.460692812073236E-02
   -0.469260620964998E-02
   -0.477951706110716E-02
   -0.486767841272828E-02
   -0.495710825737072E-02
   -0.504782484679822E-02
   -0.513984669540727E-02
   -0.523319258400708E-02
   -0.532788156365403E-02
   -0.542393295954132E-02
   -0.552136637494472E-02
   -0.562020169522504E-02
   -0.572045909188840E-02
   -0.582215902670482E-02
   -0.592532225588632E-02
   -0.602996983432505E-02
   -0.613612311989255E-02
   -0.624380377780100E-02
   -0.635303378502718E-02
   -0.646383543480022E-02
   -0.657623134115410E-02
   -0.669024444354556E-02
   -0.680589801153868E-02
   -0.692321564955693E-02
   -0.704222130170364E-02
   -0.716293925665199E-02
   -0.728539415260540E-02
   -0.740961098232943E-02
   -0.753561509825618E-02
   -0.766343221766219E-02
   -0.779308842792102E-02
   -0.792461019183144E-02
   -0.805802435302245E-02
   -0.819335814143612E-02
   -0.833063917888942E-02
   -0.846989548471629E-02
   -0.861115548149079E-02
   -0.875444800083290E-02
   -0.889980228929780E-02
   -0.904724801435009E-02
   -0.919681527042395E-02
   -0.934853458507066E-02
   -0.950243692519462E-02
   -0.965855370337912E-02
   -0.981691678430324E-02
   -0.997755849125111E-02
   -0.101405116127148E-01
   -0.103058094090924E-01
   -0.104734856194821E-01
   -0.106435744685744E-01
   -0.108161106736436E-01
   -0.109911294516388E-01
   -0.111686665263782E-01
   -0.113487581358459E-01
   -0.115314410395935E-01
   -0.117167525262488E-01
   -0.119047304211314E-01
   -0.120954130939777E-01
   -0.122888394667777E-01
   -0.124850490217226E-01
   -0.126840818092676E-01
   -0.128859784563094E-01
   -0.130907801744811E-01
   -0.132985287685659E-01
   -0.135092666450304E-01
   -0.137230368206805E-01
   -0.139398829314406E-01
   -0.141598492412576E-01
   -0.143829806511326E-01
   -0.146093227082802E-01
   -0.148389216154186E-01
   -0.150718242401914E-01
   -0.153080781247234E-01
   -0.155477314953108E-01
   -0.157908332722495E-01
   -0.160374330798018E-01
   -0.162875812563034E-01
   -0.165413288644126E-01
   -0.167987277015040E-01
   -0.170598303102075E-01
   -0.173246899890946E-01
   -0.175933608035141E-01
   -0.178658975965784E-01
   -0.181423560003030E-01
   -0.184227924468988E-01
   -0.187072641802220E-01
   -0.189958292673802E-01
   -0.192885466104983E-01
   -0.195854759586449E-01
   -0.198866779199211E-01
   -0.201922139737127E-01
   -0.205021464831087E-01
   -0.208165387074848E-01
   -0.211354548152567E-01
   -0.214589598968019E-01
   -0.217871199775521E-01
   -0.221200020312573E-01
   -0.224576739934239E-01
   -0.228002047749250E-01
   -0.231476642757867E-01
   -0.235001233991500E-01
   -0.238576540654081E-01
   -0.242203292265217E-01
   -0.245882228805107E-01
   -0.249614100861241E-01
   -0.253399669776869E-01
   -0.257239707801255E-01
   -0.261134998241697E-01
   -0.265086335617321E-01
   -0.269094525814634E-01
   -0.273160386244836E-01
   -0.277284746002868E-01
   -0.281468446028190E-01
   -0.285712339267275E-01
   -0.290017290837782E-01
   -0.294384178194408E-01
   -0.298813891296372E-01
   -0.303307332776508E-01
   -0.307865418111935E-01
   -0.312489075796258E-01
   -0.317179247513260E-01
   -0.321936888312038E-01
   -0.326762966783519E-01
   -0.331658465238308E-01
   -0.336624379885799E-01
   -0.341661721014473E-01
   -0.346771513173308E-01
   -0.351954795354214E-01
   -0.357212621175403E-01
   -0.362546059065590E-01
   -0.367956192448921E-01
   -0.373444119930501E-01
   -0.379010955482413E-01
   -0.384657828630064E-01
   -0.390385884638751E-01
   -0.396196284700247E-01
   -0.402090206119278E-01
   -0.408068842499687E-01
   -0.414133403930104E-01
   -0.420285117168921E-01
   -0.426525225828351E-01
   -0.432854990557341E-01
   -0.439275689223111E-01
   -0.445788617091032E-01
   -0.452395087002607E-01
   -0.459096429551239E-01
   -0.465893993255503E-01
   -0.472789144729595E-01
   -0.479783268850629E-01
   -0.486877768922429E-01
   -0.494074066835455E-01
   -0.501373603222480E-01
   -0.508777837609623E-01
   -0.516288248562312E-01
   -0.523906333825779E-01
   -0.531633610459602E-01
   -0.539471614965879E-01
   -0.547421903410529E-01
   -0.555486051537263E-01
   -0.563665654873717E-01
   -0.571962328829247E-01
   -0.580377708783888E-01
   -0.588913450167946E-01
   -0.597571228531723E-01
   -0.606352739604850E-01
   -0.615259699344731E-01
   -0.624293843973581E-01
   -0.633456930003593E-01
   -0.642750734249753E-01
   -0.652177053829866E-01
   -0.661737706151394E-01
   -0.671434528884730E-01
   -0.681269379922593E-01
   -0.691244137325293E-01
   -0.701360699251671E-01
   -0.711620983875617E-01
   -0.722026929288147E-01
   -0.732580493385158E-01
   -0.743283653741078E-01
   -0.754138407468789E-01
   -0.765146771066375E-01
   -0.776310780251415E-01
   -0.787632489783770E-01
   -0.799113973278042E-01
   -0.810757323007153E-01
   -0.822564649698787E-01
   -0.834538082326790E-01
   -0.846679767899946E-01
   -0.858991871251021E-01
   -0.871476574829355E-01
   -0.884136078500832E-01
   -0.896972599359573E-01
   -0.909988371556319E-01
   -0.923185646149128E-01
   -0.936566690982724E-01
   -0.950133790603641E-01
   -0.963889246219143E-01
   -0.977835375708863E-01
   -0.991974513699082E-01
   -0.100630901171070E+00
   -0.102084123839311E+00
   -0.103557357985748E+00
   -0.105050844012428E+00
   -0.106564824170150E+00
   -0.108099542631133E+00
   -0.109655245578503E+00
   -0.111232181314743E+00
   -0.112830600391420E+00
   -0.114450755762752E+00
   -0.116092902965735E+00
   -0.117757300329832E+00
   -0.119444209219427E+00
   -0.121153894312498E+00
   -0.122886623919257E+00
   -0.124642670344724E+00
   -0.126422310299533E+00
   -0.128225825363512E+00
   -0.130053502506918E+00
   -0.131905634674469E+00
   -0.133782521437654E+00
   -0.135684469721082E+00
   -0.137611794608964E+00
   -0.139564820238096E+00
   -0.141543880784024E+00
   -0.143549321547348E+00
   -0.145581500147377E+00
   -0.147640787830601E+00
   -0.149727570901651E+00
   -0.151842252284589E+00
   -0.153985253222526E+00
   -0.156157015123605E+00
   -0.158358001561447E+00
   -0.160588700438087E+00
   -0.162849626317270E+00
   -0.165141322935791E+00
   -0.167464365900162E+00
   -0.169819365575480E+00
   -0.172206970172719E+00
   -0.174627869039937E+00
   -0.177082796161933E+00
   -0.179572533871797E+00
   -0.182097916776426E+00
   -0.184659835896550E+00
   -0.187259243019983E+00
   -0.189897155264757E+00
   -0.192574659846435E+00
   -0.195292919041227E+00
   -0.198053175333569E+00
   -0.200856756733495E+00
   -0.203705082245484E+00
   -0.206599667466424E+00
   -0.209542130285972E+00
   -0.212534196657815E+00
   -0.215577706405249E+00
   -0.218674619019027E+00
   -0.221827019399630E+00
   -0.225037123490040E+00
   -0.228307283738732E+00
   -0.231639994326057E+00
   -0.235037896080458E+00
   -0.238503781004228E+00
   -0.242040596321769E+00
   -0.245651447956731E+00
   -0.249339603338140E+00
   -0.253108493429773E+00
   -0.256961713871849E+00
   -0.260903025119744E+00
   -0.264936351461134E+00
   -0.269065778791064E+00
   -0.273295551024068E+00
   -0.277630065024101E+00
   -0.282073863936902E+00
   -0.286631628815909E+00
   -0.291308168442358E+00
   -0.296108407253068E+00
   -0.301037371306126E+00
   -0.306100172235563E+00
   -0.311301989171573E+00
   -0.316648048633276E+00
   -0.322143602436765E+00
   -0.327793903702536E+00
   -0.333604181093598E+00
   -0.339579611468747E+00
   -0.345725291194738E+00
   -0.352046206426307E+00
   -0.358547202733902E+00
   -0.365232954535299E+00
   -0.372107934868200E+00
   -0.379176386125730E+00
   -0.386442292464261E+00
   -0.393909354681760E+00
   -0.401580968453201E+00
   -0.409460206895301E+00
   -0.417549808513583E+00
   -0.425852171657595E+00
   -0.434369356671883E+00
   -0.443103096977378E+00
   -0.452054820346277E+00
   -0.461225681639021E+00
   -0.470616608250005E+00
   -0.480228359454498E+00
   -0.490061600758032E+00
   -0.500116994216365E+00
   -0.510395305514366E+00
   -0.520897528361413E+00
   -0.531625026475232E+00
   -0.542579693082399E+00
   -0.553764127459797E+00
   -0.565181827576160E+00
   -0.576837397367027E+00
   -0.588736766592292E+00
   -0.600887420587501E+00
   -0.613298636534868E+00
   -0.625981722157146E+00
   -0.638950251989204E+00
   -0.652220295623748E+00
   -0.665810631577625E+00
   -0.679742939705027E+00
   -0.694041964418657E+00
   -0.708735640396918E+00
   -0.723855171984888E+00
   -0.739435057171397E+00
   -0.755513046877734E+00
   -0.772130030359641E+00
   -0.789329837837173E+00
   -0.807158952058891E+00
   -0.825666121406899E+00
   -0.844901868382079E+00
   -0.864917888892874E+00
   -0.885766339716729E+00
   -0.907499013811521E+00
   -0.930166405814556E+00
   -0.953816673055336E+00
   -0.978494500687382E+00
   -0.100423988306055E+01
   -0.103108683713875E+01
   -0.105906206753257E+01
   -0.108818360646037E+01
   -0.111845945555669E+01
   -0.114988625978438E+01
   -0.118244804663447E+01
   -0.121611506616859E+01
   -0.125084276912189E+01
   -0.128657096109186E+01
   -0.132322317065176E+01
   -0.136070626792197E+01
   -0.139891036760717E+01
   -0.143770904668961E+01
   -0.147695990182366E+01
   -0.151650546501205E+01
   -0.155617448841717E+01
   -0.159578360028248E+01
   -0.163513932407786E+01
   -0.167404044236459E+01
   -0.171228067578290E+01
   -0.174965163633233E+01
   -0.178594600312198E+01
   -0.182096085842821E+01
   -0.185450111264652E+01
   -0.188638293900165E+01
   -0.191643713311297E+01
   -0.194451230909077E+01
   -0.197047784310024E+01
   -0.199422647753156E+01
   -0.201567650421564E+01
   -0.203477345357108E+01
   -0.205149122807031E+01
   -0.206583263274645E+01
   -0.207782927225655E+01
   -0.208754080276288E+01
   -0.209505354695746E+01
   -0.210047850119190E+01
   -0.210394878406501E+01
   -0.210561659509906E+01
   -0.210564976943533E+01
   -0.210422802897472E+01
   -0.210153904134591E+01
   -0.209777440489830E+01
   -0.209312568016634E+01
   -0.208778058571770E+01
   -0.208191946899761E+01
   -0.207571215097476E+01
   -0.206931522758165E+01
   -0.206286989184330E+01
   -0.205650031911258E+01
   -0.205031263502236E+01
   -0.204439446275230E+01
   -0.203881502412888E+01
   -0.203362574901402E+01
   -0.202886133034816E+01
   -0.202454114886940E+01
   -0.202067098247109E+01
   -0.201724491065722E+01
   -0.201424732460270E+01
   -0.201165495764386E+01
   -0.200943885908915E+01
   -0.200756624532666E+01
   -0.200600217544598E+01
   -0.200471101304755E+01
   -0.200365765063825E+01
   -0.200280848712839E+01
   -0.200213216169409E+01
   -0.200160005806241E+01
   -0.200118660171914E+01
   -0.200086937844404E+01
   -0.200062910595376E+01
   -0.200044949146225E+01
   -0.200031700697207E+01
   -0.200022061150128E+01
   -0.200015144569189E+01
   -0.200010251980161E+01
   -0.200006841138066E+01
   -0.200004498434749E+01
   -0.200002913698328E+01
   -0.200001858276193E+01
   -0.200001166502281E+01
   -0.200000720430835E+01
   -0.200000437568997E+01
   -0.200000261251538E+01
   -0.200000153261803E+01
   -0.200000088301993E+01
   -0.200000049941457E+01
   -0.200000027713565E+01
   -0.200000015081481E+01
   -0.200000008044318E+01
   -0.200000004203341E+01
   -0.200000002150402E+01
   -0.200000001076507E+01
   -0.200000000527024E+01
   -0.200000000252173E+01
   -0.200000000117856E+01
   -0.200000000053766E+01
   -0.200000000023927E+01
   -0.200000000010380E+01
   -0.200000000004386E+01
   -0.200000000001804E+01
   -0.200000000000722E+01
   -0.200000000000281E+01
   -0.200000000000106E+01
   -0.200000000000039E+01
   -0.200000000000014E+01
   -0.200000000000005E+01
   -0.200000000000002E+01
   -0.200000000000001E+01
   -0.200000000000000E+01
   -0.200000000000000E+01
   -0.200000000000000E+01
   -0.200000000000000E+01
   -0.200000000000000E+01
   -0.200000000000000E+01
   -0.200000000000000E+01
   -0.200000000000000E+01
   -0.200000000000000E+01
   -0.200000000000000E+01
   -0.200000000000000E+01
   -0.200000000000000E+01
   -0.200000000000000E+01
   -0.200000000000000E+01
   -0.200000000000000E+01
   -0.200000000000000E+01
   -0.200000000000000E+01
   -0.200000000000000E+01
   -0.200000000000000E+01
   -0.200000000000000E+01
   -0.200000000000000E+01
   -0.200000000000000E+01
   -0.200000000000000E+01
   -0.200000000000000E+01
   -0.200000000000000E+01
   -0.200000000000000E+01
   -0.200000000000000E+01
   -0.200000000000000E+01
   -0.200000000000000E+01
   -0.200000000000000E+01
   -0.200000000000000E+01
   -0.200000000000000E+01
   -0.200000000000000E+01
   -0.200000000000000E+01
   -0.200000000000000E+01
   -0.200000000000000E+01
   -0.200000000000000E+01
   -0.200000000000000E+01
   -0.200000000000000E+01
   -0.200000000000000E+01
   -0.200000000000000E+01
   -0.200000000000000E+01
   -0.200000000000000E+01
   -0.200000000000000E+01
   -0.200000000000000E+01
   -0.200000000000000E+01
   -0.200000000000000E+01
   -0.200000000000000E+01
   -0.200000000000000E+01
   -0.200000000000000E+01
   -0.200000000000000E+01
   -0.200000000000000E+01
   -0.200000000000000E+01
   -0.200000000000000E+01
   -0.200000000000000E+01
   -0.200000000000000E+01
   -0.200000000000000E+01
   -0.200000000000000E+01
   -0.200000000000000E+01
   -0.200000000000000E+01
   -0.200000000000000E+01
   -0.200000000000000E+01
   -0.200000000000000E+01
   -0.200000000000000E+01
   -0.200000000000000E+01
   -0.200000000000000E+01
   -0.200000000000000E+01
   -0.200000000000000E+01
   -0.200000000000000E+01
   -0.200000000000000E+01
   -0.200000000000000E+01
   -0.200000000000000E+01
   -0.200000000000000E+01
   -0.200000000000000E+01
   -0.200000000000000E+01
   -0.200000000000000E+01
   -0.200000000000000E+01
   -0.200000000000000E+01
   -0.200000000000000E+01
   -0.200000000000000E+01
   -0.200000000000000E+01
   -0.200000000000000E+01
   -0.200000000000000E+01
   -0.200000000000000E+01
   -0.200000000000000E+01
   -0.200000000000000E+01
   -0.200000000000000E+01
   -0.200000000000000E+01
   -0.200000000000000E+01
   -0.200000000000000E+01
   -0.200000000000000E+01
   -0.200000000000000E+01
   -0.200000000000000E+01
   -0.200000000000000E+01
   -0.200000000000000E+01
   -0.200000000000000E+01
   -0.200000000000000E+01
   -0.200000000000000E+01
   -0.200000000000000E+01
   -0.200000000000000E+01
   -0.200000000000000E+01
   -0.200000000000000E+01
   -0.200000000000000E+01
   -0.200000000000000E+01
   -0.200000000000000E+01
   -0.200000000000000E+01
   -0.200000000000000E+01
   -0.200000000000000E+01
   -0.200000000000000E+01
   -0.200000000000000E+01
   -0.200000000000000E+01
   -0.200000000000000E+01
   -0.200000000000000E+01
   -0.200000000000000E+01
   -0.200000000000000E+01
   -0.200000000000000E+01
   -0.200000000000000E+01
   -0.200000000000000E+01
   -0.200000000000000E+01
   -0.200000000000000E+01
   -0.200000000000000E+01
   -0.200000000000000E+01
   -0.200000000000000E+01
   -0.200000000000000E+01
   -0.200000000000000E+01
   -0.200000000000000E+01
   -0.200000000000000E+01
   -0.200000000000000E+01
   -0.200000000000000E+01
   -0.200000000000000E+01
   -0.200000000000000E+01
   -0.200000000000000E+01
   -0.200000000000000E+01
   -0.200000000000000E+01
   -0.200000000000000E+01
   -0.200000000000000E+01
   -0.200000000000000E+01
   -0.200000000000000E+01
   -0.200000000000000E+01
   -0.200000000000000E+01
   -0.200000000000000E+01
   -0.200000000000000E+01
   -0.200000000000000E+01
   -0.200000000000000E+01
   -0.200000000000000E+01
   -0.200000000000000E+01
   -0.200000000000000E+01
   -0.200000000000000E+01
   -0.200000000000000E+01
   -0.200000000000000E+01
   -0.200000000000000E+01
   -0.200000000000000E+01
   -0.200000000000000E+01
   -0.200000000000000E+01
   -0.200000000000000E+01
   -0.200000000000000E+01
   -0.200000000000000E+01
   -0.200000000000000E+01
   -0.200000000000000E+01
   -0.200000000000000E+01
   -0.200000000000000E+01
   -0.200000000000000E+01
   -0.200000000000000E+01
   -0.200000000000000E+01
   -0.200000000000000E+01
   -0.200000000000000E+01
   -0.200000000000000E+01
   -0.200000000000000E+01
   -0.200000000000000E+01
   -0.200000000000000E+01
   -0.200000000000000E+01
   -0.200000000000000E+01
   -0.200000000000000E+01
   -0.200000000000000E+01
   -0.200000000000000E+01
   -0.200000000000000E+01
   -0.200000000000000E+01
   -0.200000000000000E+01
   -0.200000000000000E+01
   -0.200000000000000E+01
   -0.200000000000000E+01
   -0.200000000000000E+01
   -0.200000000000000E+01
   -0.200000000000000E+01
   -0.200000000000000E+01
   -0.200000000000000E+01
   -0.200000000000000E+01
   -0.200000000000000E+01
   -0.200000000000000E+01
   -0.200000000000000E+01
   -0.200000000000000E+01
   -0.200000000000000E+01
   -0.200000000000000E+01
   -0.200000000000000E+01
   -0.200000000000000E+01
   -0.200000000000000E+01
   -0.200000000000000E+01
   -0.200000000000000E+01
   -0.200000000000000E+01
   -0.200000000000000E+01
   -0.200000000000000E+01
   -0.200000000000000E+01
   -0.200000000000000E+01
   -0.200000000000000E+01
   -0.200000000000000E+01
   -0.200000000000000E+01
   -0.200000000000000E+01
   -0.200000000000000E+01
   -0.200000000000000E+01
   -0.200000000000000E+01
   -0.200000000000000E+01
   -0.200000000000000E+01
   -0.200000000000000E+01
   -0.200000000000000E+01
   -0.200000000000000E+01
   -0.200000000000000E+01
   -0.200000000000000E+01
   -0.200000000000000E+01
   -0.200000000000000E+01
   -0.200000000000000E+01
   -0.200000000000000E+01
   -0.200000000000000E+01
   -0.200000000000000E+01
   -0.200000000000000E+01
   -0.200000000000000E+01
   -0.200000000000000E+01
   -0.200000000000000E+01
   -0.200000000000000E+01
   -0.200000000000000E+01
   -0.200000000000000E+01
   -0.200000000000000E+01
   -0.200000000000000E+01
   -0.200000000000000E+01
   -0.200000000000000E+01
   -0.200000000000000E+01
   -0.200000000000000E+01
   -0.200000000000000E+01
   -0.200000000000000E+01
   -0.200000000000000E+01
   -0.200000000000000E+01
   -0.200000000000000E+01
   -0.200000000000000E+01
   -0.200000000000000E+01
   -0.200000000000000E+01
   -0.200000000000000E+01
   -0.200000000000000E+01
   -0.200000000000000E+01
   -0.200000000000000E+01
   -0.200000000000000E+01
   -0.200000000000000E+01
   -0.200000000000000E+01
   -0.200000000000000E+01
   -0.200000000000000E+01
   -0.200000000000000E+01
   -0.200000000000000E+01
   -0.200000000000000E+01
   -0.200000000000000E+01
   -0.200000000000000E+01
   -0.200000000000000E+01
   -0.200000000000000E+01
   -0.200000000000000E+01
   -0.200000000000000E+01
   -0.200000000000000E+01
   -0.200000000000000E+01
   -0.200000000000000E+01
   -0.200000000000000E+01
   -0.200000000000000E+01
   -0.200000000000000E+01
   -0.200000000000000E+01
   -0.200000000000000E+01
   -0.200000000000000E+01
   -0.200000000000000E+01
   -0.200000000000000E+01
   -0.200000000000000E+01
   -0.200000000000000E+01
   -0.200000000000000E+01
   -0.200000000000000E+01
   -0.200000000000000E+01
   -0.200000000000000E+01
   -0.200000000000000E+01
   -0.200000000000000E+01
   -0.200000000000000E+01
   -0.200000000000000E+01
