!pp_gamess_V_r32
ECP,V,10,3,0
6;                                     !Vf
 1 , 8.85341849 , 13.00000000 ;
 2 , 14.12393489 , 1867.96836501 ;
 2 , 10.01469125 , -417.21852960 ;
 2 , 16.87739786 , -6735.41034163 ;
 2 , 17.42661229 , 5248.95199150 ;
 3 , 8.14766139 , 115.09444039 ;
6;                                     !Vs-Vf
 2 , 10.17155494 , 8356.45311461 ;
 2 , 6.62094357 , -4696.90214626 ;
 2 , 6.44082745 , 3841.01013852 ;
 2 , 11.26210724 , -9732.46537208 ;
 2 , 19.82511254 , -283.67283625 ;
 2 , 14.35306127 , 2549.45147292 ;
6;                                     !Vp-Vf
 2 , 10.25121098 , 40641.87609166 ;
 2 , 10.49109321 , -41560.44342880 ;
 2 , 13.78698077 , 3357.44870266 ;
 2 , 16.29464739 , -896.50859047 ;
 2 , 7.78852113 , -1904.52456590 ;
 2 , 6.63899867 , 382.38901410 ;
6;                                     !Vd-Vf
 2 , 8.60113382 , 4912.28432991 ;
 2 , 10.66649795 , -3909.18544342 ;
 2 , 15.19109774 , 4770.42503977 ;
 2 , 8.06274668 , -2758.79332250 ;
 2 , 19.82455803 , 2754.59891493 ;
 2 , 18.22231464 , -5783.41148429 ;
