ECP,O,2,2,0
6;                                     !Vd
 1 , 10.66724600 , 6.00000000 ;
 2 , 15.99383909 , 1205.56136494 ;
 2 , 10.46631130 , -681.31282442 ;
 2 , 14.63846796 , -2596.46271350 ;
 2 , 12.57698752 , 2055.93858166 ;
 3 , 7.69232349 , 64.00347600 ;
6;                                     !Vs-Vd
 2 , 12.39425757 , -626509.76803052 ;
 2 , 12.38126487 , 627629.94495556 ;
 2 , 8.57877164 , 487.99749041 ;
 2 , 9.89201105 , -2461.01636946 ;
 2 , 27.98844559 , -55.03083765 ;
 2 , 17.25034387 , 925.72364010 ;
6;                                     !Vp-Vd
 2 , 14.78917395 , -356530.14399421 ;
 2 , 14.82015536 , 355376.65864080 ;
 2 , 22.90462005 , -1276.93175571 ;
 2 , 8.47696715 , -178.71210764 ;
 2 , 11.49038177 , 2155.59548006 ;
 2 , 27.17744652 , 443.12421443 ;
