CEPP Pseudopotential in real space for Be
Atomic number and pseudo-charge
 4  2.00
Energy units (rydberg/hartree/ev)
rydberg
Angular momentum of local component (0=s,1=p,2=d..)
2
NLRULE override (1) VMC/DMC (2) config gen (0 ==> input/default value)
0 0
Number of grid points
 929
R(i) in atomic units
    0.000000000000000E+00
    0.251794248143342E-05
    0.507211373052288E-05
    0.766303501557198E-05
    0.102912351050192E-04
    0.129572503753518E-04
    0.156616249205719E-04
    0.184049106632383E-04
    0.211876674671058E-04
    0.240104632513844E-04
    0.268738741066439E-04
    0.297784844123848E-04
    0.327248869563019E-04
    0.357136830552632E-04
    0.387454826780297E-04
    0.418209045697412E-04
    0.449405763781924E-04
    0.481051347819273E-04
    0.513152256201750E-04
    0.545715040246563E-04
    0.578746345532862E-04
    0.612252913258005E-04
    0.646241581613332E-04
    0.680719287179740E-04
    0.715693066343337E-04
    0.751170056731461E-04
    0.787157498669366E-04
    0.823662736657863E-04
    0.860693220872223E-04
    0.898256508682648E-04
    0.936360266196617E-04
    0.975012269823424E-04
    0.101422040786123E-03
    0.105399268210694E-03
    0.109433720948925E-03
    0.113526222372522E-03
    0.117677607700061E-03
    0.121888724167446E-03
    0.126160431200816E-03
    0.130493600591944E-03
    0.134889116676152E-03
    0.139347876512796E-03
    0.143870790068339E-03
    0.148458780402061E-03
    0.153112783854444E-03
    0.157833750238264E-03
    0.162622643032433E-03
    0.167480439578635E-03
    0.172408131280778E-03
    0.177406723807333E-03
    0.182477237296575E-03
    0.187620706564772E-03
    0.192838181317383E-03
    0.198130726363281E-03
    0.203499421832071E-03
    0.208945363394522E-03
    0.214469662486182E-03
    0.220073446534202E-03
    0.225757859187429E-03
    0.231524060549808E-03
    0.237373227417141E-03
    0.243306553517252E-03
    0.249325249753612E-03
    0.255430544452466E-03
    0.261623683613514E-03
    0.267905931164202E-03
    0.274278569217672E-03
    0.280742898334419E-03
    0.287300237787721E-03
    0.293951925832878E-03
    0.300699319980333E-03
    0.307543797272718E-03
    0.314486754565891E-03
    0.321529608814008E-03
    0.328673797358707E-03
    0.335920778222446E-03
    0.343272030406065E-03
    0.350729054190626E-03
    0.358293371443599E-03
    0.365966525929455E-03
    0.373750083624719E-03
    0.381645633037569E-03
    0.389654785532025E-03
    0.397779175656801E-03
    0.406020461478896E-03
    0.414380324921980E-03
    0.422860472109649E-03
    0.431462633713619E-03
    0.440188565306931E-03
    0.449040047722236E-03
    0.458018887415239E-03
    0.467126916833368E-03
    0.476365994789748E-03
    0.485738006842561E-03
    0.495244865679856E-03
    0.504888511509901E-03
    0.514670912457154E-03
    0.524594064963925E-03
    0.534659994197818E-03
    0.544870754465044E-03
    0.555228429629667E-03
    0.565735133538895E-03
    0.576393010454483E-03
    0.587204235490343E-03
    0.598171015056455E-03
    0.609295587309161E-03
    0.620580222607941E-03
    0.632027223978757E-03
    0.643638927584068E-03
    0.655417703199605E-03
    0.667365954698009E-03
    0.679486120539423E-03
    0.691780674269145E-03
    0.704252125022447E-03
    0.716903018036645E-03
    0.729735935170548E-03
    0.742753495431379E-03
    0.755958355509268E-03
    0.769353210319452E-03
    0.782940793552260E-03
    0.796723878231022E-03
    0.810705277277999E-03
    0.824887844088464E-03
    0.839274473113031E-03
    0.853868100448373E-03
    0.868671704436434E-03
    0.883688306272266E-03
    0.898920970620607E-03
    0.914372806241337E-03
    0.930046966623928E-03
    0.945946650631023E-03
    0.962075103151276E-03
    0.978435615761590E-03
    0.995031527398872E-03
    0.101186622504147E-02
    0.102894314440038E-02
    0.104626577062048E-02
    0.106383763899171E-02
    0.108166233567066E-02
    0.109974349841239E-02
    0.111808481731286E-02
    0.113669003556206E-02
    0.115556295020785E-02
    0.117470741293100E-02
    0.119412733083114E-02
    0.121382666722423E-02
    0.123380944245138E-02
    0.125407973469934E-02
    0.127464168083280E-02
    0.129549947723866E-02
    0.131665738068246E-02
    0.133811970917711E-02
    0.135989084286414E-02
    0.138197522490763E-02
    0.140437736240097E-02
    0.142710182728671E-02
    0.145015325728961E-02
    0.147353635686314E-02
    0.149725589814962E-02
    0.152131672195407E-02
    0.154572373873221E-02
    0.157048192959258E-02
    0.159559634731312E-02
    0.162107211737238E-02
    0.164691443899553E-02
    0.167312858621543E-02
    0.169971990894905E-02
    0.172669383408923E-02
    0.175405586661228E-02
    0.178181159070143E-02
    0.180996667088651E-02
    0.183852685319996E-02
    0.186749796634956E-02
    0.189688592290792E-02
    0.192669672051920E-02
    0.195693644312311E-02
    0.198761126219657E-02
    0.201872743801320E-02
    0.205029132092097E-02
    0.208230935263818E-02
    0.211478806756815E-02
    0.214773409413278E-02
    0.218115415612530E-02
    0.221505507408252E-02
    0.224944376667679E-02
    0.228432725212800E-02
    0.231971264963589E-02
    0.235560718083296E-02
    0.239201817125833E-02
    0.242895305185275E-02
    0.246641936047514E-02
    0.250442474344097E-02
    0.254297695708276E-02
    0.258208386933303E-02
    0.262175346132999E-02
    0.266199382904644E-02
    0.270281318494198E-02
    0.274421985963910E-02
    0.278622230362326E-02
    0.282882908896761E-02
    0.287204891108234E-02
    0.291589059048931E-02
    0.296036307462220E-02
    0.300547543965254E-02
    0.305123689234200E-02
    0.309765677192141E-02
    0.314474455199667E-02
    0.319250984248227E-02
    0.324096239156245E-02
    0.329011208768070E-02
    0.333996896155784E-02
    0.339054318823914E-02
    0.344184508917087E-02
    0.349388513430679E-02
    0.354667394424491E-02
    0.360022229239496E-02
    0.365454110717710E-02
    0.370964147425229E-02
    0.376553463878462E-02
    0.382223200773636E-02
    0.387974515219593E-02
    0.393808580973936E-02
    0.399726588682579E-02
    0.405729746122735E-02
    0.411819278449414E-02
    0.417996428445449E-02
    0.424262456775136E-02
    0.430618642241516E-02
    0.437066282047357E-02
    0.443606692059896E-02
    0.450241207079387E-02
    0.456971181111513E-02
    0.463797987643722E-02
    0.470723019925531E-02
    0.477747691252869E-02
    0.484873435256512E-02
    0.492101706194660E-02
    0.499433979249737E-02
    0.506871750829448E-02
    0.514416538872174E-02
    0.522069883156764E-02
    0.529833345616778E-02
    0.537708510659256E-02
    0.545696985488069E-02
    0.553800400431930E-02
    0.562020409277115E-02
    0.570358689604981E-02
    0.578816943134331E-02
    0.587396896068711E-02
    0.596100299448703E-02
    0.604928929509286E-02
    0.613884588042341E-02
    0.622969102764365E-02
    0.632184327689484E-02
    0.641532143507832E-02
    0.651014457969366E-02
    0.660633206273215E-02
    0.670390351462621E-02
    0.680287884825569E-02
    0.690327826301179E-02
    0.700512224891947E-02
    0.710843159081913E-02
    0.721322737260849E-02
    0.731953098154552E-02
    0.742736411261324E-02
    0.753674877294738E-02
    0.764770728632764E-02
    0.776026229773372E-02
    0.787443677796675E-02
    0.799025402833735E-02
    0.810773768542104E-02
    0.822691172588214E-02
    0.834780047136700E-02
    0.847042859346778E-02
    0.859482111875745E-02
    0.872100343389740E-02
    0.884900129081847E-02
    0.897884081197654E-02
    0.911054849568371E-02
    0.924415122151623E-02
    0.937967625580024E-02
    0.951715125717637E-02
    0.965660428224450E-02
    0.979806379128968E-02
    0.994155865409044E-02
    0.100871181558107E-01
    0.102347720029765E-01
    0.103845503295383E-01
    0.105364837030217E-01
    0.106906031307646E-01
    0.108469400662466E-01
    0.110055264155073E-01
    0.111663945436581E-01
    0.113295772814877E-01
    0.114951079321619E-01
    0.116630202780208E-01
    0.118333485874728E-01
    0.120061276219885E-01
    0.121813926431952E-01
    0.123591794200728E-01
    0.125395242362540E-01
    0.127224638974293E-01
    0.129080357388584E-01
    0.130962776329897E-01
    0.132872279971897E-01
    0.134809258015832E-01
    0.136774105770067E-01
    0.138767224230759E-01
    0.140789020163694E-01
    0.142839906187306E-01
    0.144920300856880E-01
    0.147030628749978E-01
    0.149171320553087E-01
    0.151342813149513E-01
    0.153545549708549E-01
    0.155779979775913E-01
    0.158046559365497E-01
    0.160345751052430E-01
    0.162678024067486E-01
    0.165043854392844E-01
    0.167443724859231E-01
    0.169878125244460E-01
    0.172347552373384E-01
    0.174852510219296E-01
    0.177393510006775E-01
    0.179971070316028E-01
    0.182585717188715E-01
    0.185237984235315E-01
    0.187928412744022E-01
    0.190657551791216E-01
    0.193425958353523E-01
    0.196234197421482E-01
    0.199082842114854E-01
    0.201972473799585E-01
    0.204903682206458E-01
    0.207877065551442E-01
    0.210893230657786E-01
    0.213952793079857E-01
    0.217056377228769E-01
    0.220204616499814E-01
    0.223398153401730E-01
    0.226637639687824E-01
    0.229923736488991E-01
    0.233257114448637E-01
    0.236638453859547E-01
    0.240068444802726E-01
    0.243547787288228E-01
    0.247077191398026E-01
    0.250657377430922E-01
    0.254289076049554E-01
    0.257973028429509E-01
    0.261709986410590E-01
    0.265500712650254E-01
    0.269345980779256E-01
    0.273246575559541E-01
    0.277203293044399E-01
    0.281216940740926E-01
    0.285288337774828E-01
    0.289418315057590E-01
    0.293607715456052E-01
    0.297857393964429E-01
    0.302168217878798E-01
    0.306541066974104E-01
    0.310976833683707E-01
    0.315476423281515E-01
    0.320040754066736E-01
    0.324670757551291E-01
    0.329367378649920E-01
    0.334131575873025E-01
    0.338964321522291E-01
    0.343866601889113E-01
    0.348839417455885E-01
    0.353883783100189E-01
    0.359000728301908E-01
    0.364191297353334E-01
    0.369456549572287E-01
    0.374797559518312E-01
    0.380215417211976E-01
    0.385711228357327E-01
    0.391286114567552E-01
    0.396941213593879E-01
    0.402677679557777E-01
    0.408496683186498E-01
    0.414399412051997E-01
    0.420387070813307E-01
    0.426460881462386E-01
    0.432622083573507E-01
    0.438871934556241E-01
    0.445211709912073E-01
    0.451642703494711E-01
    0.458166227774147E-01
    0.464783614104508E-01
    0.471496212995767E-01
    0.478305394389364E-01
    0.485212547937789E-01
    0.492219083288187E-01
    0.499326430370050E-01
    0.506536039687043E-01
    0.513849382613029E-01
    0.521267951692355E-01
    0.528793260944461E-01
    0.536426846172863E-01
    0.544170265278591E-01
    0.552025098578136E-01
    0.559992949125964E-01
    0.568075443041678E-01
    0.576274229841885E-01
    0.584590982776838E-01
    0.593027399171919E-01
    0.601585200774042E-01
    0.610266134103031E-01
    0.619071970808063E-01
    0.628004508029234E-01
    0.637065568764325E-01
    0.646257002240855E-01
    0.655580684293476E-01
    0.665038517746803E-01
    0.674632432803755E-01
    0.684364387439480E-01
    0.694236367800946E-01
    0.704250388612286E-01
    0.714408493585974E-01
    0.724712755839914E-01
    0.735165278320534E-01
    0.745768194231966E-01
    0.756523667471401E-01
    0.767433893070707E-01
    0.778501097644405E-01
    0.789727539844084E-01
    0.801115510819363E-01
    0.812667334685476E-01
    0.824385368997593E-01
    0.836272005231957E-01
    0.848329669273954E-01
    0.860560821913198E-01
    0.872967959345741E-01
    0.885553613683509E-01
    0.898320353471070E-01
    0.911270784209833E-01
    0.924407548889797E-01
    0.937733328528939E-01
    0.951250842720376E-01
    0.964962850187390E-01
    0.978872149346444E-01
    0.992981578878295E-01
    0.100729401830733E+00
    0.102181238858923E+00
    0.103653965270709E+00
    0.105147881627614E+00
    0.106663292815712E+00
    0.108200508107852E+00
    0.109759841226776E+00
    0.111341610409145E+00
    0.112946138470486E+00
    0.114573752871074E+00
    0.116224785782763E+00
    0.117899574156776E+00
    0.119598459792470E+00
    0.121321789407097E+00
    0.123069914706559E+00
    0.124843192457189E+00
    0.126641984558561E+00
    0.128466658117345E+00
    0.130317585522235E+00
    0.132195144519941E+00
    0.134099718292285E+00
    0.136031695534403E+00
    0.137991470534070E+00
    0.139979443252170E+00
    0.141996019404320E+00
    0.144041610543673E+00
    0.146116634144909E+00
    0.148221513689434E+00
    0.150356678751806E+00
    0.152522565087410E+00
    0.154719614721382E+00
    0.156948276038823E+00
    0.159209003876310E+00
    0.161502259614716E+00
    0.163828511273377E+00
    0.166188233605602E+00
    0.168581908195569E+00
    0.171010023556603E+00
    0.173473075230880E+00
    0.175971565890554E+00
    0.178506005440350E+00
    0.181076911121628E+00
    0.183684807617937E+00
    0.186330227162105E+00
    0.189013709644853E+00
    0.191735802724980E+00
    0.194497061941136E+00
    0.197298050825192E+00
    0.200139341017255E+00
    0.203021512382327E+00
    0.205945153128651E+00
    0.208910859927749E+00
    0.211919238036201E+00
    0.214970901419164E+00
    0.218066472875676E+00
    0.221206584165758E+00
    0.224391876139346E+00
    0.227622998867084E+00
    0.230900611772986E+00
    0.234225383769023E+00
    0.237597993391631E+00
    0.241019128940193E+00
    0.244489488617512E+00
    0.248009780672302E+00
    0.251580723543730E+00
    0.255203046008043E+00
    0.258877487327295E+00
    0.262604797400223E+00
    0.266385736915289E+00
    0.270221077505924E+00
    0.274111601908011E+00
    0.278058104119623E+00
    0.282061389563074E+00
    0.286122275249287E+00
    0.290241589944538E+00
    0.294420174339591E+00
    0.298658881221277E+00
    0.302958575646526E+00
    0.307320135118922E+00
    0.311744449767779E+00
    0.316232422529811E+00
    0.320784969333403E+00
    0.325403019285541E+00
    0.330087514861427E+00
    0.334839412096825E+00
    0.339659680783174E+00
    0.344549304665507E+00
    0.349509281643221E+00
    0.354540623973729E+00
    0.359644358479053E+00
    0.364821526755376E+00
    0.370073185385621E+00
    0.375400406155085E+00
    0.380804276270168E+00
    0.386285898580261E+00
    0.391846391802822E+00
    0.397486890751685E+00
    0.403208546568661E+00
    0.409012526958470E+00
    0.414900016427049E+00
    0.420872216523297E+00
    0.426930346084287E+00
    0.433075641484018E+00
    0.439309356885738E+00
    0.445632764497898E+00
    0.452047154833796E+00
    0.458553836974947E+00
    0.465154138838248E+00
    0.471849407446989E+00
    0.478641009205756E+00
    0.485530330179296E+00
    0.492518776375394E+00
    0.499607774031814E+00
    0.506798769907376E+00
    0.514093231577217E+00
    0.521492647732302E+00
    0.528998528483243E+00
    0.536612405668489E+00
    0.544335833166952E+00
    0.552170387215134E+00
    0.560117666728807E+00
    0.568179293629333E+00
    0.576356913174672E+00
    0.584652194295156E+00
    0.593066829934089E+00
    0.601602537393256E+00
    0.610261058683398E+00
    0.619044160879728E+00
    0.627953636482566E+00
    0.636991303783162E+00
    0.646159007234782E+00
    0.655458617829134E+00
    0.664892033478207E+00
    0.674461179401611E+00
    0.684168008519481E+00
    0.694014501851042E+00
    0.704002668918904E+00
    0.714134548159177E+00
    0.724412207337482E+00
    0.734837743970958E+00
    0.745413285756326E+00
    0.756140991004126E+00
    0.767023049079193E+00
    0.778061680847475E+00
    0.789259139129278E+00
    0.800617709159035E+00
    0.812139709051685E+00
    0.823827490275767E+00
    0.835683438133323E+00
    0.847709972246697E+00
    0.859909547052349E+00
    0.872284652301763E+00
    0.884837813569576E+00
    0.897571592769003E+00
    0.910488588674690E+00
    0.923591437453082E+00
    0.936882813200428E+00
    0.950365428488522E+00
    0.964042034918300E+00
    0.977915423681400E+00
    0.991988426129803E+00
    0.100626391435367E+01
    0.102074480176749E+01
    0.103543404370468E+01
    0.105033463802068E+01
    0.106544962570484E+01
    0.108078209150097E+01
    0.109633516453695E+01
    0.111211201896330E+01
    0.112811587460099E+01
    0.114434999759854E+01
    0.116081770109863E+01
    0.117752234591423E+01
    0.119446734121451E+01
    0.121165614522059E+01
    0.122909226591130E+01
    0.124677926173915E+01
    0.126472074235651E+01
    0.128292036935230E+01
    0.130138185699929E+01
    0.132010897301208E+01
    0.133910553931610E+01
    0.135837543282753E+01
    0.137792258624460E+01
    0.139775098885012E+01
    0.141786468732569E+01
    0.143826778657755E+01
    0.145896445057433E+01
    0.147995890319682E+01
    0.150125542910007E+01
    0.152285837458778E+01
    0.154477214849929E+01
    0.156700122310944E+01
    0.158955013504121E+01
    0.161242348619162E+01
    0.163562594467092E+01
    0.165916224575524E+01
    0.168303719285302E+01
    0.170725565848532E+01
    0.173182258528019E+01
    0.175674298698143E+01
    0.178202194947180E+01
    0.180766463181097E+01
    0.183367626728844E+01
    0.186006216449150E+01
    0.188682770838872E+01
    0.191397836142891E+01
    0.194151966465588E+01
    0.196945723883936E+01
    0.199779678562208E+01
    0.202654408868335E+01
    0.205570501491951E+01
    0.208528551564120E+01
    0.211529162778797E+01
    0.214572947516033E+01
    0.217660526966949E+01
    0.220792531260519E+01
    0.223969599592162E+01
    0.227192380354197E+01
    0.230461531268170E+01
    0.233777719519083E+01
    0.237141621891558E+01
    0.240553924907959E+01
    0.244015324968500E+01
    0.247526528493371E+01
    0.251088252066906E+01
    0.254701222583829E+01
    0.258366177397602E+01
    0.262083864470907E+01
    0.265855042528296E+01
    0.269680481211031E+01
    0.273560961234163E+01
    0.277497274545859E+01
    0.281490224489027E+01
    0.285540625965270E+01
    0.289649305601193E+01
    0.293817101917103E+01
    0.298044865498144E+01
    0.302333459167883E+01
    0.306683758164403E+01
    0.311096650318924E+01
    0.315573036236999E+01
    0.320113829482310E+01
    0.324719956763118E+01
    0.329392358121383E+01
    0.334131987124622E+01
    0.338939811060509E+01
    0.343816811134290E+01
    0.348763982669030E+01
    0.353782335308743E+01
    0.358872893224446E+01
    0.364036695323178E+01
    0.369274795460025E+01
    0.374588262653196E+01
    0.379978181302192E+01
    0.385445651409118E+01
    0.390991788803176E+01
    0.396617725368391E+01
    0.402324609274608E+01
    0.408113605211820E+01
    0.413985894627861E+01
    0.419942675969524E+01
    0.425985164927147E+01
    0.432114594682712E+01
    0.438332216161526E+01
    0.444639298287511E+01
    0.451037128242175E+01
    0.457527011727308E+01
    0.464110273231450E+01
    0.470788256300207E+01
    0.477562323810445E+01
    0.484433858248433E+01
    0.491404261991986E+01
    0.498474957596675E+01
    0.505647388086142E+01
    0.512923017246607E+01
    0.520303329925600E+01
    0.527789832334996E+01
    0.535384052358415E+01
    0.543087539863036E+01
    0.550901867015903E+01
    0.558828628604782E+01
    0.566869442363631E+01
    0.575025949302758E+01
    0.583299814043726E+01
    0.591692725159077E+01
    0.600206395516943E+01
    0.608842562630620E+01
    0.617602989013168E+01
    0.626489462537110E+01
    0.635503796799316E+01
    0.644647831491126E+01
    0.653923432773805E+01
    0.663332493659401E+01
    0.672876934397079E+01
    0.682558702865013E+01
    0.692379774967924E+01
    0.702342155040326E+01
    0.712447876255589E+01
    0.722699001040871E+01
    0.733097621498035E+01
    0.743645859830613E+01
    0.754345868776916E+01
    0.765199832049377E+01
    0.776209964780213E+01
    0.787378513973501E+01
    0.798707758963759E+01
    0.810200011881124E+01
    0.821857618123220E+01
    0.833682956833823E+01
    0.845678441388408E+01
    0.857846519886680E+01
    0.870189675652200E+01
    0.882710427739187E+01
    0.895411331446628E+01
    0.908294978839770E+01
    0.921363999279123E+01
    0.934621059957075E+01
    0.948068866442228E+01
    0.961710163231558E+01
    0.975547734310532E+01
    0.989584403721275E+01
    0.100382303613892E+02
    0.101826653745622E+02
    0.103291785537666E+02
    0.104777998001596E+02
    0.106285594451237E+02
    0.107814882564565E+02
    0.109366174446505E+02
    0.110939786692620E+02
    0.112536040453727E+02
    0.114155261501442E+02
    0.115797780294659E+02
    0.117463932046996E+02
    0.119154056795206E+02
    0.120868499468572E+02
    0.122607609959306E+02
    0.124371743193951E+02
    0.126161259205821E+02
    0.127976523208477E+02
    0.129817905670261E+02
    0.131685782389902E+02
    0.133580534573214E+02
    0.135502548910893E+02
    0.137452217657434E+02
    0.139429938711184E+02
    0.141436115695549E+02
    0.143471158041366E+02
    0.145535481070464E+02
    0.147629506080422E+02
    0.149753660430549E+02
    0.151908377629106E+02
    0.154094097421777E+02
    0.156311265881410E+02
    0.158560335499060E+02
    0.160841765276333E+02
    0.163156020819061E+02
    0.165503574432325E+02
    0.167884905216848E+02
    0.170300499166770E+02
    0.172750849268831E+02
    0.175236455602985E+02
    0.177757825444459E+02
    0.180315473367277E+02
    0.182909921349281E+02
    0.185541698878654E+02
    0.188211343061987E+02
    0.190919398733888E+02
    0.193666418568180E+02
    0.196452963190690E+02
    0.199279601293665E+02
    0.202146909751836E+02
    0.205055473740144E+02
    0.208005886853173E+02
    0.210998751226289E+02
    0.214034677658525E+02
    0.217114285737243E+02
    0.220238203964576E+02
    0.223407069885698E+02
    0.226621530218939E+02
    0.229882240987767E+02
    0.233189867654679E+02
    0.236545085257004E+02
    0.239948578544674E+02
    0.243401042119969E+02
    0.246903180579274E+02
    0.250455708656879E+02
    0.254059351370845E+02
    0.257714844170967E+02
    0.261422933088872E+02
    0.265184374890271E+02
    0.268999937229402E+02
    0.272870398805700E+02
    0.276796549522717E+02
    0.280779190649327E+02
    0.284819134983257E+02
    0.288917207016964E+02
    0.293074243105904E+02
    0.297291091639216E+02
    0.301568613212870E+02
    0.305907680805299E+02
    0.310309179955560E+02
    0.314774008944064E+02
    0.319303078975897E+02
    0.323897314366784E+02
    0.328557652731731E+02
    0.333285045176374E+02
    0.338080456491091E+02
    0.342944865347895E+02
    0.347879264500170E+02
    0.352884660985280E+02
    0.357962076330082E+02
    0.363112546759413E+02
    0.368337123407564E+02
    0.373636872532800E+02
    0.379012875734969E+02
    0.384466230176241E+02
    0.389998048805022E+02
    0.395609460583089E+02
    0.401301610715994E+02
    0.407075660886787E+02
    0.412932789493094E+02
    0.418874191887613E+02
    0.424901080622066E+02
    0.431014685694664E+02
    0.437216254801130E+02
    0.443507053589338E+02
    0.449888365917608E+02
    0.456361494116728E+02
    0.462927759255735E+02
    0.469588501411530E+02
    0.476345079942365E+02
    0.483198873765268E+02
    0.490151281637461E+02
    0.497203722441823E+02
    0.504357635476465E+02
    0.511614480748470E+02
    0.518975739271855E+02
    0.526442913369828E+02
    0.534017526981387E+02
    0.541701125972334E+02
    0.549495278450765E+02
    0.557401575087094E+02
    0.565421629438689E+02
    0.573557078279171E+02
    0.581809581932458E+02
    0.590180824611613E+02
    0.598672514762563E+02
    0.607286385412772E+02
    0.616024194524923E+02
    0.624887725355691E+02
    0.633878786819684E+02
    0.642999213858610E+02
    0.652250867815766E+02
    0.661635636815906E+02
    0.671155436150582E+02
    0.680812208669027E+02
    0.690607925174659E+02
    0.700544584827294E+02
    0.710624215551146E+02
    0.720848874448694E+02
    0.731220648220507E+02
    0.741741653591107E+02
    0.752414037740964E+02
    0.763239978744702E+02
    0.774221686015611E+02
    0.785361400756554E+02
    0.796661396417367E+02
    0.808123979158834E+02
    0.819751488323339E+02
    0.831546296912293E+02
    0.843510812070427E+02
    0.855647475577055E+02
    0.867958764344404E+02
    0.880447190923116E+02
    0.893115304015021E+02
    0.905965688993290E+02
    0.919000968430071E+02
    0.932223802631716E+02
    0.945636890181711E+02
    0.959242968491416E+02
    0.973044814358732E+02
    0.987045244534798E+02
    0.100124711629886E+03
r*potential (L=0) in Ry
    0.000000000000000E+00
    0.284181348777284E-05
    0.572451567786097E-05
    0.864869488683908E-05
    0.116149478961236E-04
    0.146238800737667E-04
    0.176761054980032E-04
    0.207722470825745E-04
    0.239129367038563E-04
    0.270988153298148E-04
    0.303305331508188E-04
    0.336087497123343E-04
    0.369341340495272E-04
    0.403073648238040E-04
    0.437291304613161E-04
    0.472001292934577E-04
    0.507210696993842E-04
    0.542926702505826E-04
    0.579156598575208E-04
    0.615907779184074E-04
    0.653187744700917E-04
    0.691004103411357E-04
    0.729364573070869E-04
    0.768276982479870E-04
    0.807749273081458E-04
    0.847789500582140E-04
    0.888405836595885E-04
    0.929606570311825E-04
    0.971400110185959E-04
    0.101379498565719E-03
    0.105679984888806E-03
    0.110042347653053E-03
    0.114467477151714E-03
    0.118956276487801E-03
    0.123509661758390E-03
    0.128128562241583E-03
    0.132813920586164E-03
    0.137566693003972E-03
    0.142387849465059E-03
    0.147278373895636E-03
    0.152239264378889E-03
    0.157271533358662E-03
    0.162376207846089E-03
    0.167554329629189E-03
    0.172806955485480E-03
    0.178135157397652E-03
    0.183540022772340E-03
    0.189022654662052E-03
    0.194584171990280E-03
    0.200225709779862E-03
    0.205948419384617E-03
    0.211753468724323E-03
    0.217642042523073E-03
    0.223615342551055E-03
    0.229674587869819E-03
    0.235821015081067E-03
    0.242055878579029E-03
    0.248380450806460E-03
    0.254796022514333E-03
    0.261303903025256E-03
    0.267905420500690E-03
    0.274601922212005E-03
    0.281394774815437E-03
    0.288285364631003E-03
    0.295275097925431E-03
    0.302365401199153E-03
    0.309557721477435E-03
    0.316853526605694E-03
    0.324254305549063E-03
    0.331761568696263E-03
    0.339376848167858E-03
    0.347101698128931E-03
    0.354937695106268E-03
    0.362886438310107E-03
    0.370949549960508E-03
    0.379128675618426E-03
    0.387425484521546E-03
    0.395841669924947E-03
    0.404378949446675E-03
    0.413039065418276E-03
    0.421823785240387E-03
    0.430734901743431E-03
    0.439774233553509E-03
    0.448943625463554E-03
    0.458244948809825E-03
    0.467680101853820E-03
    0.477251010169682E-03
    0.486959627037178E-03
    0.496807933840339E-03
    0.506797940471825E-03
    0.516931685743118E-03
    0.527211237800610E-03
    0.537638694547683E-03
    0.548216184072858E-03
    0.558945865084108E-03
    0.569829927349414E-03
    0.580870592143668E-03
    0.592070112701998E-03
    0.603430774679622E-03
    0.614954896618316E-03
    0.626644830419590E-03
    0.638502961824681E-03
    0.650531710901440E-03
    0.662733532538239E-03
    0.675110916944970E-03
    0.687666390161262E-03
    0.700402514572010E-03
    0.713321889430314E-03
    0.726427151387949E-03
    0.739720975033468E-03
    0.753206073438043E-03
    0.766885198709159E-03
    0.780761142552284E-03
    0.794836736840607E-03
    0.809114854192984E-03
    0.823598408560193E-03
    0.838290355819629E-03
    0.853193694378554E-03
    0.868311465786024E-03
    0.883646755353623E-03
    0.899202692785129E-03
    0.914982452815236E-03
    0.930989255857471E-03
    0.947226368661431E-03
    0.963697104979474E-03
    0.980404826243006E-03
    0.997352942248496E-03
    0.101454491185337E-02
    0.103198424368188E-02
    0.104967449684123E-02
    0.106761928164783E-02
    0.108582226036421E-02
    0.110428714794635E-02
    0.112301771280190E-02
    0.114201777755922E-02
    0.116129121984753E-02
    0.118084197308826E-02
    0.120067402729784E-02
    0.122079142990192E-02
    0.124119828656149E-02
    0.126189876201068E-02
    0.128289708090677E-02
    0.130419752869238E-02
    0.132580445247003E-02
    0.134772226188932E-02
    0.136995543004688E-02
    0.139250849439926E-02
    0.141538605768892E-02
    0.143859278888361E-02
    0.146213342412921E-02
    0.148601276771630E-02
    0.151023569306064E-02
    0.153480714369774E-02
    0.155973213429178E-02
    0.158501575165898E-02
    0.161066315580577E-02
    0.163667958098183E-02
    0.166307033674833E-02
    0.168984080906150E-02
    0.171699646137183E-02
    0.174454283573905E-02
    0.177248555396316E-02
    0.180083031873178E-02
    0.182958291478390E-02
    0.185874921009050E-02
    0.188833515705207E-02
    0.191834679371337E-02
    0.194879024499573E-02
    0.197967172394696E-02
    0.201099753300940E-02
    0.204277406530607E-02
    0.207500780594538E-02
    0.210770533334466E-02
    0.214087332057264E-02
    0.217451853671132E-02
    0.220864784823740E-02
    0.224326822042355E-02
    0.227838671875994E-02
    0.231401051039611E-02
    0.235014686560367E-02
    0.238680315925996E-02
    0.242398687235316E-02
    0.246170559350894E-02
    0.249996702053917E-02
    0.253877896201286E-02
    0.257814933884968E-02
    0.261808618593648E-02
    0.265859765376697E-02
    0.269969201010508E-02
    0.274137764167220E-02
    0.278366305585867E-02
    0.282655688245995E-02
    0.287006787543775E-02
    0.291420491470643E-02
    0.295897700794519E-02
    0.300439329243631E-02
    0.305046303692974E-02
    0.309719564353465E-02
    0.314460064963812E-02
    0.319268772985139E-02
    0.324146669798419E-02
    0.329094750904744E-02
    0.334114026128470E-02
    0.339205519823293E-02
    0.344370271081285E-02
    0.349609333944935E-02
    0.354923777622241E-02
    0.360314686704900E-02
    0.365783161389631E-02
    0.371330317702680E-02
    0.376957287727563E-02
    0.382665219836072E-02
    0.388455278922617E-02
    0.394328646641923E-02
    0.400286521650161E-02
    0.406330119849535E-02
    0.412460674636392E-02
    0.418679437152900E-02
    0.424987676542341E-02
    0.431386680208082E-02
    0.437877754076263E-02
    0.444462222862267E-02
    0.451141430341019E-02
    0.457916739621173E-02
    0.464789533423241E-02
    0.471761214361717E-02
    0.478833205231265E-02
    0.486006949297017E-02
    0.493283910589038E-02
    0.500665574201038E-02
    0.508153446593364E-02
    0.515749055900361E-02
    0.523453952242134E-02
    0.531269708040807E-02
    0.539197918341322E-02
    0.547240201136842E-02
    0.555398197698837E-02
    0.563673572911916E-02
    0.572068015613462E-02
    0.580583238938153E-02
    0.589220980667431E-02
    0.597983003583993E-02
    0.606871095831371E-02
    0.615887071278683E-02
    0.625032769890618E-02
    0.634310058102735E-02
    0.643720829202159E-02
    0.653267003713733E-02
    0.662950529791724E-02
    0.672773383617147E-02
    0.682737569800796E-02
    0.692845121792061E-02
    0.703098102293609E-02
    0.713498603682021E-02
    0.724048748434464E-02
    0.734750689561480E-02
    0.745606611045995E-02
    0.756618728288613E-02
    0.767789288559304E-02
    0.779120571455571E-02
    0.790614889367179E-02
    0.802274587947555E-02
    0.814102046591940E-02
    0.826099678922392E-02
    0.838269933279748E-02
    0.850615293222620E-02
    0.863138278033553E-02
    0.875841443232420E-02
    0.888727381097174E-02
    0.901798721192052E-02
    0.915058130903339E-02
    0.928508315982799E-02
    0.942152021098875E-02
    0.955992030395775E-02
    0.970031168060552E-02
    0.984272298898285E-02
    0.998718328915479E-02
    0.101337220591180E-01
    0.102823692008026E-01
    0.104331550461597E-01
    0.105861103633356E-01
    0.107412663629344E-01
    0.108986547043696E-01
    0.110583075023065E-01
    0.112202573331959E-01
    0.113845372419013E-01
    0.115511807484206E-01
    0.117202218547024E-01
    0.118916950515605E-01
    0.120656353256857E-01
    0.122420781667576E-01
    0.124210595746573E-01
    0.126026160667824E-01
    0.127867846854657E-01
    0.129736030054988E-01
    0.131631091417627E-01
    0.133553417569655E-01
    0.135503400694905E-01
    0.137481438613541E-01
    0.139487934862769E-01
    0.141523298778682E-01
    0.143587945579252E-01
    0.145682296448501E-01
    0.147806778621849E-01
    0.149961825472657E-01
    0.152147876599990E-01
    0.154365377917607E-01
    0.156614781744198E-01
    0.158896546894875E-01
    0.161211138773948E-01
    0.163559029468993E-01
    0.165940697846218E-01
    0.168356629647172E-01
    0.170807317586778E-01
    0.173293261452732E-01
    0.175814968206278E-01
    0.178372952084361E-01
    0.180967734703205E-01
    0.183599845163296E-01
    0.186269820155810E-01
    0.188978204070506E-01
    0.191725549105075E-01
    0.194512415375988E-01
    0.197339371030847E-01
    0.200206992362251E-01
    0.203115863923206E-01
    0.206066578644081E-01
    0.209059737951140E-01
    0.212095951886647E-01
    0.215175839230583E-01
    0.218300027623968E-01
    0.221469153693815E-01
    0.224683863179731E-01
    0.227944811062174E-01
    0.231252661692380E-01
    0.234608088923983E-01
    0.238011776246325E-01
    0.241464416919483E-01
    0.244966714111024E-01
    0.248519381034479E-01
    0.252123141089583E-01
    0.255778728004258E-01
    0.259486885978363E-01
    0.263248369829221E-01
    0.267063945138926E-01
    0.270934388403434E-01
    0.274860487183455E-01
    0.278843040257136E-01
    0.282882857774544E-01
    0.286980761413960E-01
    0.291137584539963E-01
    0.295354172363326E-01
    0.299631382102707E-01
    0.303970083148128E-01
    0.308371157226248E-01
    0.312835498567410E-01
    0.317364014074457E-01
    0.321957623493295E-01
    0.326617259585202E-01
    0.331343868300845E-01
    0.336138408956004E-01
    0.341001854408952E-01
    0.345935191239496E-01
    0.350939419929610E-01
    0.356015555045657E-01
    0.361164625422133E-01
    0.366387674346913E-01
    0.371685759747923E-01
    0.377059954381210E-01
    0.382511346020333E-01
    0.388041037647011E-01
    0.393650147642967E-01
    0.399339809982875E-01
    0.405111174428337E-01
    0.410965406722793E-01
    0.416903688787255E-01
    0.422927218916776E-01
    0.429037211977512E-01
    0.435234899604270E-01
    0.441521530398389E-01
    0.447898370125812E-01
    0.454366701915194E-01
    0.460927826455862E-01
    0.467583062195446E-01
    0.474333745536987E-01
    0.481181231035302E-01
    0.488126891592374E-01
    0.495172118651528E-01
    0.502318322390117E-01
    0.509566931910450E-01
    0.516919395428644E-01
    0.524377180461082E-01
    0.531941774008131E-01
    0.539614682734744E-01
    0.547397433147554E-01
    0.555291571768028E-01
    0.563298665301246E-01
    0.571420300799791E-01
    0.579658085822273E-01
    0.588013648585905E-01
    0.596488638112555E-01
    0.605084724367665E-01
    0.613803598391340E-01
    0.622646972420929E-01
    0.631616580004325E-01
    0.640714176103181E-01
    0.649941537185192E-01
    0.659300461304541E-01
    0.668792768169517E-01
    0.678420299196302E-01
    0.688184917547822E-01
    0.698088508156496E-01
    0.708132977729660E-01
    0.718320254736346E-01
    0.728652289374029E-01
    0.739131053513862E-01
    0.749758540622836E-01
    0.760536765661192E-01
    0.771467764953342E-01
    0.782553596030402E-01
    0.793796337442383E-01
    0.805198088537914E-01
    0.816760969209304E-01
    0.828487119600551E-01
    0.840378699775843E-01
    0.852437889345883E-01
    0.864666887049262E-01
    0.877067910285927E-01
    0.889643194599624E-01
    0.902394993106011E-01
    0.915325575862972E-01
    0.928437229179437E-01
    0.941732254858846E-01
    0.955212969373141E-01
    0.968881702962976E-01
    0.982740798659593E-01
    0.996792611223561E-01
    0.101103950599532E+00
    0.102548385765223E+00
    0.104012804886649E+00
    0.105497446885809E+00
    0.107002551183660E+00
    0.108528357532523E+00
    0.110075105836048E+00
    0.111643035956011E+00
    0.113232387505198E+00
    0.114843399625597E+00
    0.116476310751060E+00
    0.118131358353601E+00
    0.119808778672406E+00
    0.121508806424642E+00
    0.123231674497068E+00
    0.124977613617450E+00
    0.126746852004705E+00
    0.128539614996684E+00
    0.130356124654446E+00
    0.132196599341846E+00
    0.134061253279201E+00
    0.135950296069784E+00
    0.137863932197815E+00
    0.139802360496630E+00
    0.141765773585617E+00
    0.143754357274526E+00
    0.145768289933676E+00
    0.147807741828589E+00
    0.149872874417535E+00
    0.151963839610450E+00
    0.154080778987691E+00
    0.156223822977037E+00
    0.158393089987386E+00
    0.160588685497567E+00
    0.162810701098715E+00
    0.165059213488653E+00
    0.167334283416787E+00
    0.169635954578029E+00
    0.171964252454338E+00
    0.174319183102536E+00
    0.176700731887130E+00
    0.179108862156995E+00
    0.181543513864881E+00
    0.184004602128850E+00
    0.186492015734941E+00
    0.189005615580525E+00
    0.191545233058065E+00
    0.194110668379221E+00
    0.196701688839545E+00
    0.199318027024332E+00
    0.201959378956527E+00
    0.204625402188012E+00
    0.207315713836022E+00
    0.210029888566924E+00
    0.212767456530103E+00
    0.215527901245319E+00
    0.218310657447469E+00
    0.221115108893398E+00
    0.223940586136131E+00
    0.226786364272641E+00
    0.229651660672149E+00
    0.232535632692786E+00
    0.235437375395397E+00
    0.238355919264239E+00
    0.241290227945329E+00
    0.244239196014251E+00
    0.247201646786298E+00
    0.250176330182933E+00
    0.253161920669618E+00
    0.256157015281170E+00
    0.259160131751856E+00
    0.262169706768427E+00
    0.265184094365253E+00
    0.268201564481533E+00
    0.271220301701245E+00
    0.274238404197036E+00
    0.277253882899527E+00
    0.280264660913541E+00
    0.283268573202457E+00
    0.286263366561181E+00
    0.289246699897048E+00
    0.292216144836255E+00
    0.295169186671037E+00
    0.298103225659687E+00
    0.301015578687547E+00
    0.303903481292128E+00
    0.306764090049458E+00
    0.309594485311428E+00
    0.312391674275152E+00
    0.315152594355050E+00
    0.317874116816274E+00
    0.320553050614085E+00
    0.323186146367631E+00
    0.325770100378094E+00
    0.328301558580134E+00
    0.330777120291806E+00
    0.333193341601392E+00
    0.335546738199744E+00
    0.337833787433554E+00
    0.340050929318291E+00
    0.342194566209280E+00
    0.344261060785341E+00
    0.346246731951679E+00
    0.348147848217088E+00
    0.349960618045309E+00
    0.351681176621571E+00
    0.353305568413263E+00
    0.354829724838760E+00
    0.356249436291094E+00
    0.357560317694237E+00
    0.358757766700064E+00
    0.359836913564662E+00
    0.360792561675043E+00
    0.361619117632903E+00
    0.362310509742970E+00
    0.362860093701789E+00
    0.363260544241167E+00
    0.363503731451875E+00
    0.363580580500942E+00
    0.363480913463699E+00
    0.363193272023872E+00
    0.362704719855993E+00
    0.362000623599206E+00
    0.361064411465522E+00
    0.359877308704394E+00
    0.358418049375044E+00
    0.356662564164406E+00
    0.354583644337930E+00
    0.352150582328971E+00
    0.349328789965750E+00
    0.346079395908298E+00
    0.342358824525893E+00
    0.338118359191807E+00
    0.333303693808858E+00
    0.327854477306685E+00
    0.321703856868033E+00
    0.314778026742240E+00
    0.306995790682022E+00
    0.298268147283236E+00
    0.288497908801366E+00
    0.277579365342741E+00
    0.265398007657917E+00
    0.251830323068106E+00
    0.236743680296357E+00
    0.219996320110020E+00
    0.201437469660496E+00
    0.180907599174467E+00
    0.158238840146082E+00
    0.133255584334763E+00
    0.105775282617024E+00
    0.756094619984075E-01
    0.425649777876495E-01
    0.644551599469817E-02
   -0.329466416337997E-01
   -0.758085809474534E-01
   -0.122334442343819E+00
   -0.172712831696654E+00
   -0.227123961608000E+00
   -0.285736536196904E+00
   -0.348704400343837E+00
   -0.416162982786766E+00
   -0.488225571602794E+00
   -0.564979470255036E+00
   -0.646482092337513E+00
   -0.732757063161572E+00
   -0.823790406096241E+00
   -0.919526900754139E+00
   -0.101986670831208E+01
   -0.112466236604191E+01
   -0.123371625804528E+01
   -0.134677867176546E+01
   -0.146354654962150E+01
   -0.158366304163013E+01
   -0.170671795775161E+01
   -0.183224920758979E+01
   -0.195974529977164E+01
   -0.208864895372931E+01
   -0.221836185277124E+01
   -0.234825053950059E+01
   -0.247765342326630E+01
   -0.260588883507930E+01
   -0.273226402918257E+01
   -0.285608499333614E+01
   -0.297666689317734E+01
   -0.309334494122233E+01
   -0.320548544979237E+01
   -0.331249680104519E+01
   -0.341384004802515E+01
   -0.350903884977410E+01
   -0.359768844243221E+01
   -0.367946335797845E+01
   -0.375412362349569E+01
   -0.382151920680198E+01
   -0.388159251862118E+01
   -0.393437883622801E+01
   -0.398000457713003E+01
   -0.401868342167498E+01
   -0.405071035778552E+01
   -0.407645379616681E+01
   -0.409634597684380E+01
   -0.411087195417277E+01
   -0.412055750401857E+01
   -0.412595634037393E+01
   -0.412763705661633E+01
   -0.412617021686983E+01
   -0.412211601448558E+01
   -0.411601288741819E+01
   -0.410836743528863E+01
   -0.409964592229708E+01
   -0.409026757697236E+01
   -0.408059981793028E+01
   -0.407095544884744E+01
   -0.406159178051431E+01
   -0.405271155784544E+01
   -0.404446549945803E+01
   -0.403695620056330E+01
   -0.403024310918485E+01
   -0.402434826272734E+01
   -0.401926246704159E+01
   -0.401495161251358E+01
   -0.401136284937021E+01
   -0.400843038443937E+01
   -0.400608071046638E+01
   -0.400423713286458E+01
   -0.400282351354175E+01
   -0.400176720356703E+01
   -0.400100118285510E+01
   -0.400046546343413E+01
   -0.400010784178648E+01
   -0.399988410465646E+01
   -0.399975780188807E+01
   -0.399969970027160E+01
   -0.399968702554580E+01
   -0.399970258744366E+01
   -0.399973386691451E+01
   -0.399977212725470E+01
   -0.399981159345783E+01
   -0.399984872794700E+01
   -0.399988161688779E+01
   -0.399990947002790E+01
   -0.399993222864329E+01
   -0.399995027057915E+01
   -0.399996419823646E+01
   -0.399997469422394E+01
   -0.399998242976941E+01
   -0.399998801237667E+01
   -0.399999196118517E+01
   -0.399999470068871E+01
   -0.399999656563080E+01
   -0.399999781184606E+01
   -0.399999862946374E+01
   -0.399999915619638E+01
   -0.399999948941631E+01
   -0.399999969641144E+01
   -0.399999982266361E+01
   -0.399999989826056E+01
   -0.399999994269013E+01
   -0.399999996831359E+01
   -0.399999998281059E+01
   -0.399999999085423E+01
   -0.399999999522950E+01
   -0.399999999756166E+01
   -0.399999999877933E+01
   -0.399999999940179E+01
   -0.399999999971317E+01
   -0.399999999986552E+01
   -0.399999999993838E+01
   -0.399999999997243E+01
   -0.399999999998796E+01
   -0.399999999999487E+01
   -0.399999999999787E+01
   -0.399999999999914E+01
   -0.399999999999966E+01
   -0.399999999999987E+01
   -0.399999999999995E+01
   -0.399999999999998E+01
   -0.399999999999999E+01
   -0.400000000000000E+01
   -0.400000000000000E+01
   -0.400000000000000E+01
   -0.400000000000000E+01
   -0.400000000000000E+01
   -0.400000000000000E+01
   -0.400000000000000E+01
   -0.400000000000000E+01
   -0.400000000000000E+01
   -0.400000000000000E+01
   -0.400000000000000E+01
   -0.400000000000000E+01
   -0.400000000000000E+01
   -0.400000000000000E+01
   -0.400000000000000E+01
   -0.400000000000000E+01
   -0.400000000000000E+01
   -0.400000000000000E+01
   -0.400000000000000E+01
   -0.400000000000000E+01
   -0.400000000000000E+01
   -0.400000000000000E+01
   -0.400000000000000E+01
   -0.400000000000000E+01
   -0.400000000000000E+01
   -0.400000000000000E+01
   -0.400000000000000E+01
   -0.400000000000000E+01
   -0.400000000000000E+01
   -0.400000000000000E+01
   -0.400000000000000E+01
   -0.400000000000000E+01
   -0.400000000000000E+01
   -0.400000000000000E+01
   -0.400000000000000E+01
   -0.400000000000000E+01
   -0.400000000000000E+01
   -0.400000000000000E+01
   -0.400000000000000E+01
   -0.400000000000000E+01
   -0.400000000000000E+01
   -0.400000000000000E+01
   -0.400000000000000E+01
   -0.400000000000000E+01
   -0.400000000000000E+01
   -0.400000000000000E+01
   -0.400000000000000E+01
   -0.400000000000000E+01
   -0.400000000000000E+01
   -0.400000000000000E+01
   -0.400000000000000E+01
   -0.400000000000000E+01
   -0.400000000000000E+01
   -0.400000000000000E+01
   -0.400000000000000E+01
   -0.400000000000000E+01
   -0.400000000000000E+01
   -0.400000000000000E+01
   -0.400000000000000E+01
   -0.400000000000000E+01
   -0.400000000000000E+01
   -0.400000000000000E+01
   -0.400000000000000E+01
   -0.400000000000000E+01
   -0.400000000000000E+01
   -0.400000000000000E+01
   -0.400000000000000E+01
   -0.400000000000000E+01
   -0.400000000000000E+01
   -0.400000000000000E+01
   -0.400000000000000E+01
   -0.400000000000000E+01
   -0.400000000000000E+01
   -0.400000000000000E+01
   -0.400000000000000E+01
   -0.400000000000000E+01
   -0.400000000000000E+01
   -0.400000000000000E+01
   -0.400000000000000E+01
   -0.400000000000000E+01
   -0.400000000000000E+01
   -0.400000000000000E+01
   -0.400000000000000E+01
   -0.400000000000000E+01
   -0.400000000000000E+01
   -0.400000000000000E+01
   -0.400000000000000E+01
   -0.400000000000000E+01
   -0.400000000000000E+01
   -0.400000000000000E+01
   -0.400000000000000E+01
   -0.400000000000000E+01
   -0.400000000000000E+01
   -0.400000000000000E+01
   -0.400000000000000E+01
   -0.400000000000000E+01
   -0.400000000000000E+01
   -0.400000000000000E+01
   -0.400000000000000E+01
   -0.400000000000000E+01
   -0.400000000000000E+01
   -0.400000000000000E+01
   -0.400000000000000E+01
   -0.400000000000000E+01
   -0.400000000000000E+01
   -0.400000000000000E+01
   -0.400000000000000E+01
   -0.400000000000000E+01
   -0.400000000000000E+01
   -0.400000000000000E+01
   -0.400000000000000E+01
   -0.400000000000000E+01
   -0.400000000000000E+01
   -0.400000000000000E+01
   -0.400000000000000E+01
   -0.400000000000000E+01
   -0.400000000000000E+01
   -0.400000000000000E+01
   -0.400000000000000E+01
   -0.400000000000000E+01
   -0.400000000000000E+01
   -0.400000000000000E+01
   -0.400000000000000E+01
   -0.400000000000000E+01
   -0.400000000000000E+01
   -0.400000000000000E+01
   -0.400000000000000E+01
   -0.400000000000000E+01
   -0.400000000000000E+01
   -0.400000000000000E+01
   -0.400000000000000E+01
   -0.400000000000000E+01
   -0.400000000000000E+01
   -0.400000000000000E+01
   -0.400000000000000E+01
   -0.400000000000000E+01
   -0.400000000000000E+01
   -0.400000000000000E+01
   -0.400000000000000E+01
   -0.400000000000000E+01
   -0.400000000000000E+01
   -0.400000000000000E+01
   -0.400000000000000E+01
   -0.400000000000000E+01
   -0.400000000000000E+01
   -0.400000000000000E+01
   -0.400000000000000E+01
   -0.400000000000000E+01
   -0.400000000000000E+01
   -0.400000000000000E+01
   -0.400000000000000E+01
   -0.400000000000000E+01
   -0.400000000000000E+01
   -0.400000000000000E+01
   -0.400000000000000E+01
   -0.400000000000000E+01
   -0.400000000000000E+01
   -0.400000000000000E+01
   -0.400000000000000E+01
   -0.400000000000000E+01
   -0.400000000000000E+01
   -0.400000000000000E+01
   -0.400000000000000E+01
   -0.400000000000000E+01
   -0.400000000000000E+01
   -0.400000000000000E+01
   -0.400000000000000E+01
   -0.400000000000000E+01
   -0.400000000000000E+01
   -0.400000000000000E+01
   -0.400000000000000E+01
   -0.400000000000000E+01
   -0.400000000000000E+01
   -0.400000000000000E+01
   -0.400000000000000E+01
   -0.400000000000000E+01
   -0.400000000000000E+01
   -0.400000000000000E+01
   -0.400000000000000E+01
   -0.400000000000000E+01
   -0.400000000000000E+01
   -0.400000000000000E+01
   -0.400000000000000E+01
   -0.400000000000000E+01
   -0.400000000000000E+01
   -0.400000000000000E+01
   -0.400000000000000E+01
   -0.400000000000000E+01
   -0.400000000000000E+01
   -0.400000000000000E+01
   -0.400000000000000E+01
   -0.400000000000000E+01
   -0.400000000000000E+01
   -0.400000000000000E+01
   -0.400000000000000E+01
   -0.400000000000000E+01
   -0.400000000000000E+01
   -0.400000000000000E+01
   -0.400000000000000E+01
   -0.400000000000000E+01
   -0.400000000000000E+01
   -0.400000000000000E+01
   -0.400000000000000E+01
   -0.400000000000000E+01
   -0.400000000000000E+01
   -0.400000000000000E+01
   -0.400000000000000E+01
   -0.400000000000000E+01
   -0.400000000000000E+01
   -0.400000000000000E+01
   -0.400000000000000E+01
   -0.400000000000000E+01
   -0.400000000000000E+01
   -0.400000000000000E+01
   -0.400000000000000E+01
r*potential (L=1) in Ry
    0.000000000000000E+00
   -0.181219649612312E-04
   -0.365046731534506E-04
   -0.551518762135615E-04
   -0.740673797579294E-04
   -0.932550441590523E-04
   -0.112718785333404E-03
   -0.132462575540617E-03
   -0.152490444194157E-03
   -0.172806478683671E-03
   -0.193414825209159E-03
   -0.214319689627155E-03
   -0.235525338309075E-03
   -0.257036099011926E-03
   -0.278856361761529E-03
   -0.300990579748468E-03
   -0.323443270236908E-03
   -0.346219015486513E-03
   -0.369322463687606E-03
   -0.392758329909806E-03
   -0.416531397064295E-03
   -0.440646516879943E-03
   -0.465108610893472E-03
   -0.489922671453870E-03
   -0.515093762741256E-03
   -0.540627021800397E-03
   -0.566527659589113E-03
   -0.592800962041745E-03
   -0.619452291147945E-03
   -0.646487086046969E-03
   -0.673910864137734E-03
   -0.701729222204828E-03
   -0.729947837560737E-03
   -0.758572469204496E-03
   -0.787608958997017E-03
   -0.817063232853323E-03
   -0.846941301951944E-03
   -0.877249263961705E-03
   -0.907993304286168E-03
   -0.939179697325985E-03
   -0.970814807759410E-03
   -0.100290509184123E-02
   -0.103545709872039E-02
   -0.106847747177659E-02
   -0.110197294997608E-02
   -0.113595036924700E-02
   -0.117041666387447E-02
   -0.120537886791581E-02
   -0.124084411663605E-02
   -0.127681964796414E-02
   -0.131331280397013E-02
   -0.135033103236353E-02
   -0.138788188801332E-02
   -0.142597303448977E-02
   -0.146461224562845E-02
   -0.150380740711677E-02
   -0.154356651810332E-02
   -0.158389769283040E-02
   -0.162480916228996E-02
   -0.166630927590351E-02
   -0.170840650322602E-02
   -0.175110943567449E-02
   -0.179442678828134E-02
   -0.183836740147294E-02
   -0.188294024287391E-02
   -0.192815440913720E-02
   -0.197401912780063E-02
   -0.202054375917006E-02
   -0.206773779822971E-02
   -0.211561087657995E-02
   -0.216417276440293E-02
   -0.221343337245657E-02
   -0.226340275409719E-02
   -0.231409110733123E-02
   -0.236550877689652E-02
   -0.241766625637349E-02
   -0.247057419032677E-02
   -0.252424337647756E-02
   -0.257868476790730E-02
   -0.263390947529301E-02
   -0.268992876917485E-02
   -0.274675408225624E-02
   -0.280439701173711E-02
   -0.286286932168074E-02
   -0.292218294541458E-02
   -0.298234998796572E-02
   -0.304338272853132E-02
   -0.310529362298458E-02
   -0.316809530641687E-02
   -0.323180059571631E-02
   -0.329642249218351E-02
   -0.336197418418497E-02
   -0.342846904984459E-02
   -0.349592065977400E-02
   -0.356434277984206E-02
   -0.363374937398431E-02
   -0.370415460705278E-02
   -0.377557284770685E-02
   -0.384801867134566E-02
   -0.392150686308271E-02
   -0.399605242076335E-02
   -0.407167055802555E-02
   -0.414837670740481E-02
   -0.422618652348369E-02
   -0.430511588608672E-02
   -0.438518090352119E-02
   -0.446639791586463E-02
   -0.454878349829958E-02
   -0.463235446449636E-02
   -0.471712787004446E-02
   -0.480312101593332E-02
   -0.489035145208326E-02
   -0.497883698092712E-02
   -0.506859566104346E-02
   -0.515964581084207E-02
   -0.525200601230250E-02
   -0.534569511476633E-02
   -0.544073223878407E-02
   -0.553713678001736E-02
   -0.563492841319736E-02
   -0.573412709614003E-02
   -0.583475307381928E-02
   -0.593682688249863E-02
   -0.604036935392237E-02
   -0.614540161956701E-02
   -0.625194511495389E-02
   -0.636002158402388E-02
   -0.646965308357497E-02
   -0.658086198776374E-02
   -0.669367099267160E-02
   -0.680810312093674E-02
   -0.692418172645268E-02
   -0.704193049913447E-02
   -0.716137346975346E-02
   -0.728253501484161E-02
   -0.740543986166639E-02
   -0.753011309327724E-02
   -0.765658015362467E-02
   -0.778486685275298E-02
   -0.791499937206771E-02
   -0.804700426967888E-02
   -0.818090848582112E-02
   -0.831673934835177E-02
   -0.845452457832807E-02
   -0.859429229566468E-02
   -0.873607102487248E-02
   -0.887988970088002E-02
   -0.902577767493875E-02
   -0.917376472061314E-02
   -0.932388103985703E-02
   -0.947615726917745E-02
   -0.963062448588702E-02
   -0.978731421444643E-02
   -0.994625843289810E-02
   -0.101074895793924E-01
   -0.102710405588080E-01
   -0.104369447494668E-01
   -0.106052360099465E-01
   -0.107759486859905E-01
   -0.109491176175170E-01
   -0.111247781457299E-01
   -0.113029661203310E-01
   -0.114837179068366E-01
   -0.116670703939989E-01
   -0.118530610013352E-01
   -0.120417276867636E-01
   -0.122331089543505E-01
   -0.124272438621686E-01
   -0.126241720302678E-01
   -0.128239336487612E-01
   -0.130265694860274E-01
   -0.132321208970310E-01
   -0.134406298317618E-01
   -0.136521388437972E-01
   -0.138666910989858E-01
   -0.140843303842578E-01
   -0.143051011165607E-01
   -0.145290483519243E-01
   -0.147562177946564E-01
   -0.149866558066699E-01
   -0.152204094169447E-01
   -0.154575263311262E-01
   -0.156980549412604E-01
   -0.159420443356712E-01
   -0.161895443089776E-01
   -0.164406053722568E-01
   -0.166952787633524E-01
   -0.169536164573318E-01
   -0.172156711770931E-01
   -0.174814964041257E-01
   -0.177511463894244E-01
   -0.180246761645620E-01
   -0.183021415529205E-01
   -0.185835991810832E-01
   -0.188691064903924E-01
   -0.191587217486716E-01
   -0.194525040621178E-01
   -0.197505133873641E-01
   -0.200528105437160E-01
   -0.203594572255640E-01
   -0.206705160149746E-01
   -0.209860503944624E-01
   -0.213061247599464E-01
   -0.216308044338923E-01
   -0.219601556786436E-01
   -0.222942457099458E-01
   -0.226331427106636E-01
   -0.229769158446965E-01
   -0.233256352710945E-01
   -0.236793721583765E-01
   -0.240381986990551E-01
   -0.244021881243705E-01
   -0.247714147192358E-01
   -0.251459538373980E-01
   -0.255258819168170E-01
   -0.259112764952657E-01
   -0.263022162261545E-01
   -0.266987808945838E-01
   -0.271010514336276E-01
   -0.275091099408509E-01
   -0.279230396950651E-01
   -0.283429251733245E-01
   -0.287688520681673E-01
   -0.292009073051048E-01
   -0.296391790603621E-01
   -0.300837567788742E-01
   -0.305347311925411E-01
   -0.309921943387454E-01
   -0.314562395791365E-01
   -0.319269616186854E-01
   -0.324044565250130E-01
   -0.328888217479970E-01
   -0.333801561396613E-01
   -0.338785599743506E-01
   -0.343841349691965E-01
   -0.348969843048771E-01
   -0.354172126466760E-01
   -0.359449261658444E-01
   -0.364802325612698E-01
   -0.370232410814575E-01
   -0.375740625468283E-01
   -0.381328093723361E-01
   -0.386995955904125E-01
   -0.392745368742404E-01
   -0.398577505613630E-01
   -0.404493556776332E-01
   -0.410494729615060E-01
   -0.416582248886825E-01
   -0.422757356971073E-01
   -0.429021314123262E-01
   -0.435375398732083E-01
   -0.441820907580392E-01
   -0.448359156109892E-01
   -0.454991478689624E-01
   -0.461719228888326E-01
   -0.468543779750707E-01
   -0.475466524077706E-01
   -0.482488874710778E-01
   -0.489612264820273E-01
   -0.496838148197968E-01
   -0.504167999553814E-01
   -0.511603314816943E-01
   -0.519145611441023E-01
   -0.526796428713996E-01
   -0.534557328072284E-01
   -0.542429893419514E-01
   -0.550415731449831E-01
   -0.558516471975872E-01
   -0.566733768261455E-01
   -0.575069297359060E-01
   -0.583524760452174E-01
   -0.592101883202558E-01
   -0.600802416102521E-01
   -0.609628134832263E-01
   -0.618580840622364E-01
   -0.627662360621496E-01
   -0.636874548269427E-01
   -0.646219283675403E-01
   -0.655698474001968E-01
   -0.665314053854330E-01
   -0.675067985675317E-01
   -0.684962260146036E-01
   -0.694998896592295E-01
   -0.705179943396886E-01
   -0.715507478417804E-01
   -0.725983609412494E-01
   -0.736610474468205E-01
   -0.747390242438557E-01
   -0.758325113386386E-01
   -0.769417319032978E-01
   -0.780669123213776E-01
   -0.792082822340657E-01
   -0.803660745870868E-01
   -0.815405256782727E-01
   -0.827318752058177E-01
   -0.839403663172302E-01
   -0.851662456589895E-01
   -0.864097634269198E-01
   -0.876711734172891E-01
   -0.889507330786463E-01
   -0.902487035644057E-01
   -0.915653497861900E-01
   -0.929009404679426E-01
   -0.942557482008214E-01
   -0.956300494988839E-01
   -0.970241248555770E-01
   -0.984382588010410E-01
   -0.998727399602420E-01
   -0.101327861111943E+00
   -0.102803919248525E+00
   -0.104301215636678E+00
   -0.105820055878960E+00
   -0.107360749976250E+00
   -0.108923612391107E+00
   -0.110508962112037E+00
   -0.112117122718692E+00
   -0.113748422448019E+00
   -0.115403194261349E+00
   -0.117081775912474E+00
   -0.118784510016698E+00
   -0.120511744120890E+00
   -0.122263830774550E+00
   -0.124041127601907E+00
   -0.125843997375058E+00
   -0.127672808088164E+00
   -0.129527933032728E+00
   -0.131409750873956E+00
   -0.133318645728232E+00
   -0.135255007241709E+00
   -0.137219230670046E+00
   -0.139211716959299E+00
   -0.141232872827986E+00
   -0.143283110850346E+00
   -0.145362849540803E+00
   -0.147472513439658E+00
   -0.149612533200033E+00
   -0.151783345676068E+00
   -0.153985394012412E+00
   -0.156219127735008E+00
   -0.158485002843203E+00
   -0.160783481903202E+00
   -0.163115034142880E+00
   -0.165480135547976E+00
   -0.167879268959696E+00
   -0.170312924173733E+00
   -0.172781598040736E+00
   -0.175285794568252E+00
   -0.177826025024150E+00
   -0.180402808041559E+00
   -0.183016669725353E+00
   -0.185668143760179E+00
   -0.188357771520081E+00
   -0.191086102179727E+00
   -0.193853692827269E+00
   -0.196661108578860E+00
   -0.199508922694857E+00
   -0.202397716697730E+00
   -0.205328080491709E+00
   -0.208300612484195E+00
   -0.211315919708959E+00
   -0.214374617951160E+00
   -0.217477331874215E+00
   -0.220624695148536E+00
   -0.223817350582181E+00
   -0.227055950253439E+00
   -0.230341155645377E+00
   -0.233673637782392E+00
   -0.237054077368787E+00
   -0.240483164929414E+00
   -0.243961600952407E+00
   -0.247490096034050E+00
   -0.251069371025802E+00
   -0.254700157183531E+00
   -0.258383196318966E+00
   -0.262119240953436E+00
   -0.265909054473907E+00
   -0.269753411291367E+00
   -0.273653097001595E+00
   -0.277608908548354E+00
   -0.281621654389047E+00
   -0.285692154662876E+00
   -0.289821241361550E+00
   -0.294009758502576E+00
   -0.298258562305189E+00
   -0.302568521368951E+00
   -0.306940516855077E+00
   -0.311375442670517E+00
   -0.315874205654867E+00
   -0.320437725770128E+00
   -0.325066936293378E+00
   -0.329762784012405E+00
   -0.334526229424350E+00
   -0.339358246937405E+00
   -0.344259825075631E+00
   -0.349231966686934E+00
   -0.354275689154270E+00
   -0.359392024610116E+00
   -0.364582020154280E+00
   -0.369846738075093E+00
   -0.375187256074050E+00
   -0.380604667493952E+00
   -0.386100081550615E+00
   -0.391674623568206E+00
   -0.397329435218254E+00
   -0.403065674762419E+00
   -0.408884517299063E+00
   -0.414787155013704E+00
   -0.420774797433394E+00
   -0.426848671685110E+00
   -0.433010022758205E+00
   -0.439260113770990E+00
   -0.445600226241518E+00
   -0.452031660362625E+00
   -0.458555735281300E+00
   -0.465173789382448E+00
   -0.471887180577107E+00
   -0.478697286595191E+00
   -0.485605505282812E+00
   -0.492613254904252E+00
   -0.499721974448635E+00
   -0.506933123941371E+00
   -0.514248184760417E+00
   -0.521668659957412E+00
   -0.529196074583737E+00
   -0.536831976021556E+00
   -0.544577934319859E+00
   -0.552435542535572E+00
   -0.560406417079746E+00
   -0.568492198068861E+00
   -0.576694549681268E+00
   -0.585015160518772E+00
   -0.593455743973363E+00
   -0.602018038599089E+00
   -0.610703808489052E+00
   -0.619514843657496E+00
   -0.628452960426941E+00
   -0.637520001820299E+00
   -0.646717837957903E+00
   -0.656048366459346E+00
   -0.665513512850007E+00
   -0.675115230972129E+00
   -0.684855503400281E+00
   -0.694736341860992E+00
   -0.704759787656352E+00
   -0.714927912091291E+00
   -0.725242816904250E+00
   -0.735706634700889E+00
   -0.746321529390442E+00
   -0.757089696624281E+00
   -0.768013364236178E+00
   -0.779094792683717E+00
   -0.790336275490221E+00
   -0.801740139686488E+00
   -0.813308746251566E+00
   -0.825044490551689E+00
   -0.836949802776416E+00
   -0.849027148370891E+00
   -0.861279028463060E+00
   -0.873707980284529E+00
   -0.886316577583624E+00
   -0.899107431029075E+00
   -0.912083188602573E+00
   -0.925246535978293E+00
   -0.938600196887286E+00
   -0.952146933464429E+00
   -0.965889546575433E+00
   -0.979830876121143E+00
   -0.993973801316136E+00
   -0.100832124093833E+01
   -0.102287615354605E+01
   -0.103764153765863E+01
   -0.105262043189637E+01
   -0.106781591507521E+01
   -0.108323110625114E+01
   -0.109886916470896E+01
   -0.111473328988958E+01
   -0.113082672124932E+01
   -0.114715273804467E+01
   -0.116371465903482E+01
   -0.118051584209419E+01
   -0.119755968372620E+01
   -0.121484961846918E+01
   -0.123238911818432E+01
   -0.125018169121512E+01
   -0.126823088140675E+01
   -0.128654026697318E+01
   -0.130511345919886E+01
   -0.132395410096097E+01
   -0.134306586505737E+01
   -0.136245245232413E+01
   -0.138211758952603E+01
   -0.140206502700174E+01
   -0.142229853604494E+01
   -0.144282190600112E+01
   -0.146363894105887E+01
   -0.148475345671335E+01
   -0.150616927587847E+01
   -0.152789022462316E+01
   -0.154992012750614E+01
   -0.157226280248232E+01
   -0.159492205535315E+01
   -0.161790167373214E+01
   -0.164120542049585E+01
   -0.166483702669011E+01
   -0.168880018386025E+01
   -0.171309853577385E+01
   -0.173773566950421E+01
   -0.176271510584252E+01
   -0.178804028900701E+01
   -0.181371457561784E+01
   -0.183974122290718E+01
   -0.186612337613541E+01
   -0.189286405518573E+01
   -0.191996614031197E+01
   -0.194743235701683E+01
   -0.197526526004147E+01
   -0.200346721645111E+01
   -0.203204038780645E+01
   -0.206098671141611E+01
   -0.209030788067210E+01
   -0.212000532447765E+01
   -0.215008018578548E+01
   -0.218053329927413E+01
   -0.221136516820096E+01
   -0.224257594048223E+01
   -0.227416538406433E+01
   -0.230613286166424E+01
   -0.233847730497379E+01
   -0.237119718843872E+01
   -0.240429050274224E+01
   -0.243775472814205E+01
   -0.247158680783022E+01
   -0.250578312150661E+01
   -0.254033945937833E+01
   -0.257525099682025E+01
   -0.261051226995363E+01
   -0.264611715242206E+01
   -0.268205883366483E+01
   -0.271832979900770E+01
   -0.275492181190820E+01
   -0.279182589870768E+01
   -0.282903233625258E+01
   -0.286653064275412E+01
   -0.290430957225505E+01
   -0.294235711306598E+01
   -0.298066049051769E+01
   -0.301920617435131E+01
   -0.305797989103127E+01
   -0.309696664121676E+01
   -0.313615072256329E+01
   -0.317551575794606E+01
   -0.321504472909890E+01
   -0.325472001554571E+01
   -0.329452343856386E+01
   -0.333443630976010E+01
   -0.337443948365839E+01
   -0.341451341349506E+01
   -0.345463820919059E+01
   -0.349479369621991E+01
   -0.353495947383524E+01
   -0.357511497081155E+01
   -0.361523949658687E+01
   -0.365531228536359E+01
   -0.369531253042980E+01
   -0.373521940565815E+01
   -0.377501207085528E+01
   -0.381466965737725E+01
   -0.385417123021142E+01
   -0.389349572256557E+01
   -0.393262183892073E+01
   -0.397152792251209E+01
   -0.401019178332413E+01
   -0.404859048294326E+01
   -0.408670007302577E+01
   -0.412449528473393E+01
   -0.416194916728972E+01
   -0.419903267481436E+01
   -0.423571420188042E+01
   -0.427195906971341E+01
   -0.430772896675112E+01
   -0.434298134929999E+01
   -0.437766881031104E+01
   -0.441173842681307E+01
   -0.444513109925596E+01
   -0.447778089888542E+01
   -0.450961444222898E+01
   -0.454055031474210E+01
   -0.457049856854389E+01
   -0.459936032184774E+01
   -0.462702749002877E+01
   -0.465338268011523E+01
   -0.467829928168188E+01
   -0.470164178748328E+01
   -0.472326637651557E+01
   -0.474302179035937E+01
   -0.476075053046632E+01
   -0.477629039936176E+01
   -0.478947640242954E+01
   -0.480014301895035E+01
   -0.480812684136546E+01
   -0.481326957038518E+01
   -0.481542134068939E+01
   -0.481444433779883E+01
   -0.481021665155620E+01
   -0.480263629597121E+01
   -0.479162530948836E+01
   -0.477713383465989E+01
   -0.475914406246939E+01
   -0.473767391493909E+01
   -0.471278033099359E+01
   -0.468456201567639E+01
   -0.465316151251975E+01
   -0.461876646386206E+01
   -0.458160993476306E+01
   -0.454196969326256E+01
   -0.450016636319435E+01
   -0.445656039543654E+01
   -0.441154783885010E+01
   -0.436555493236444E+01
   -0.431903158347537E+01
   -0.427244384423587E+01
   -0.422626554173348E+01
   -0.418096926389749E+01
   -0.413701694094543E+01
   -0.409485029549618E+01
   -0.405488145808079E+01
   -0.401748405744737E+01
   -0.398298509506290E+01
   -0.395165789948943E+01
   -0.392371642845910E+01
   -0.389931114487401E+01
   -0.387852663882323E+01
   -0.386138110308312E+01
   -0.384782769726297E+01
   -0.383775775924270E+01
   -0.383100574575768E+01
   -0.382735571109344E+01
   -0.382654906799963E+01
   -0.382829332194145E+01
   -0.383227143189225E+01
   -0.383815143039034E+01
   -0.384559593382647E+01
   -0.385427119099636E+01
   -0.386385535271079E+01
   -0.387404569539766E+01
   -0.388456459383389E+01
   -0.389516410831255E+01
   -0.390562912512853E+01
   -0.391577906158893E+01
   -0.392546821341610E+01
   -0.393458487959447E+01
   -0.394304944447351E+01
   -0.395081162740272E+01
   -0.395784712562738E+01
   -0.396415387705564E+01
   -0.396974815728972E+01
   -0.397466070230097E+01
   -0.397893301718881E+01
   -0.398261399573293E+01
   -0.398575693803495E+01
   -0.398841701726415E+01
   -0.399064921368787E+01
   -0.399250670645978E+01
   -0.399403969205164E+01
   -0.399529458306767E+01
   -0.399631353221837E+01
   -0.399713422273723E+01
   -0.399778986749048E+01
   -0.399830936330100E+01
   -0.399871755342781E+01
   -0.399903555866552E+01
   -0.399928114529045E+01
   -0.399946910544207E+01
   -0.399961163207195E+01
   -0.399971867610421E+01
   -0.399979827787830E+01
   -0.399985686835141E+01
   -0.399989953805485E+01
   -0.399993027359045E+01
   -0.399995216268054E+01
   -0.399996756959286E+01
   -0.399997828326546E+01
   -0.399998564074241E+01
   -0.399999062866068E+01
   -0.399999396554246E+01
   -0.399999616757343E+01
   -0.399999760040651E+01
   -0.399999851933938E+01
   -0.399999909998585E+01
   -0.399999946131270E+01
   -0.399999968265578E+01
   -0.399999981607592E+01
   -0.399999989517549E+01
   -0.399999994127818E+01
   -0.399999996768245E+01
   -0.399999998253523E+01
   -0.399999999073705E+01
   -0.399999999518088E+01
   -0.399999999754202E+01
   -0.399999999877160E+01
   -0.399999999939884E+01
   -0.399999999971207E+01
   -0.399999999986512E+01
   -0.399999999993824E+01
   -0.399999999997238E+01
   -0.399999999998794E+01
   -0.399999999999487E+01
   -0.399999999999787E+01
   -0.399999999999914E+01
   -0.399999999999966E+01
   -0.399999999999987E+01
   -0.399999999999995E+01
   -0.399999999999998E+01
   -0.399999999999999E+01
   -0.400000000000000E+01
   -0.400000000000000E+01
   -0.400000000000000E+01
   -0.400000000000000E+01
   -0.400000000000000E+01
   -0.400000000000000E+01
   -0.400000000000000E+01
   -0.400000000000000E+01
   -0.400000000000000E+01
   -0.400000000000000E+01
   -0.400000000000000E+01
   -0.400000000000000E+01
   -0.400000000000000E+01
   -0.400000000000000E+01
   -0.400000000000000E+01
   -0.400000000000000E+01
   -0.400000000000000E+01
   -0.400000000000000E+01
   -0.400000000000000E+01
   -0.400000000000000E+01
   -0.400000000000000E+01
   -0.400000000000000E+01
   -0.400000000000000E+01
   -0.400000000000000E+01
   -0.400000000000000E+01
   -0.400000000000000E+01
   -0.400000000000000E+01
   -0.400000000000000E+01
   -0.400000000000000E+01
   -0.400000000000000E+01
   -0.400000000000000E+01
   -0.400000000000000E+01
   -0.400000000000000E+01
   -0.400000000000000E+01
   -0.400000000000000E+01
   -0.400000000000000E+01
   -0.400000000000000E+01
   -0.400000000000000E+01
   -0.400000000000000E+01
   -0.400000000000000E+01
   -0.400000000000000E+01
   -0.400000000000000E+01
   -0.400000000000000E+01
   -0.400000000000000E+01
   -0.400000000000000E+01
   -0.400000000000000E+01
   -0.400000000000000E+01
   -0.400000000000000E+01
   -0.400000000000000E+01
   -0.400000000000000E+01
   -0.400000000000000E+01
   -0.400000000000000E+01
   -0.400000000000000E+01
   -0.400000000000000E+01
   -0.400000000000000E+01
   -0.400000000000000E+01
   -0.400000000000000E+01
   -0.400000000000000E+01
   -0.400000000000000E+01
   -0.400000000000000E+01
   -0.400000000000000E+01
   -0.400000000000000E+01
   -0.400000000000000E+01
   -0.400000000000000E+01
   -0.400000000000000E+01
   -0.400000000000000E+01
   -0.400000000000000E+01
   -0.400000000000000E+01
   -0.400000000000000E+01
   -0.400000000000000E+01
   -0.400000000000000E+01
   -0.400000000000000E+01
   -0.400000000000000E+01
   -0.400000000000000E+01
   -0.400000000000000E+01
   -0.400000000000000E+01
   -0.400000000000000E+01
   -0.400000000000000E+01
   -0.400000000000000E+01
   -0.400000000000000E+01
   -0.400000000000000E+01
   -0.400000000000000E+01
   -0.400000000000000E+01
   -0.400000000000000E+01
   -0.400000000000000E+01
   -0.400000000000000E+01
   -0.400000000000000E+01
   -0.400000000000000E+01
   -0.400000000000000E+01
   -0.400000000000000E+01
   -0.400000000000000E+01
   -0.400000000000000E+01
   -0.400000000000000E+01
   -0.400000000000000E+01
   -0.400000000000000E+01
   -0.400000000000000E+01
   -0.400000000000000E+01
   -0.400000000000000E+01
   -0.400000000000000E+01
   -0.400000000000000E+01
   -0.400000000000000E+01
   -0.400000000000000E+01
   -0.400000000000000E+01
   -0.400000000000000E+01
   -0.400000000000000E+01
   -0.400000000000000E+01
   -0.400000000000000E+01
   -0.400000000000000E+01
   -0.400000000000000E+01
   -0.400000000000000E+01
   -0.400000000000000E+01
   -0.400000000000000E+01
   -0.400000000000000E+01
   -0.400000000000000E+01
   -0.400000000000000E+01
   -0.400000000000000E+01
   -0.400000000000000E+01
   -0.400000000000000E+01
   -0.400000000000000E+01
   -0.400000000000000E+01
   -0.400000000000000E+01
   -0.400000000000000E+01
   -0.400000000000000E+01
   -0.400000000000000E+01
   -0.400000000000000E+01
   -0.400000000000000E+01
   -0.400000000000000E+01
   -0.400000000000000E+01
   -0.400000000000000E+01
   -0.400000000000000E+01
   -0.400000000000000E+01
   -0.400000000000000E+01
   -0.400000000000000E+01
   -0.400000000000000E+01
   -0.400000000000000E+01
   -0.400000000000000E+01
   -0.400000000000000E+01
   -0.400000000000000E+01
   -0.400000000000000E+01
   -0.400000000000000E+01
   -0.400000000000000E+01
   -0.400000000000000E+01
   -0.400000000000000E+01
   -0.400000000000000E+01
   -0.400000000000000E+01
   -0.400000000000000E+01
   -0.400000000000000E+01
   -0.400000000000000E+01
   -0.400000000000000E+01
   -0.400000000000000E+01
   -0.400000000000000E+01
   -0.400000000000000E+01
   -0.400000000000000E+01
   -0.400000000000000E+01
   -0.400000000000000E+01
   -0.400000000000000E+01
   -0.400000000000000E+01
   -0.400000000000000E+01
   -0.400000000000000E+01
   -0.400000000000000E+01
   -0.400000000000000E+01
   -0.400000000000000E+01
   -0.400000000000000E+01
   -0.400000000000000E+01
   -0.400000000000000E+01
   -0.400000000000000E+01
   -0.400000000000000E+01
   -0.400000000000000E+01
   -0.400000000000000E+01
   -0.400000000000000E+01
   -0.400000000000000E+01
   -0.400000000000000E+01
   -0.400000000000000E+01
   -0.400000000000000E+01
   -0.400000000000000E+01
   -0.400000000000000E+01
   -0.400000000000000E+01
   -0.400000000000000E+01
   -0.400000000000000E+01
   -0.400000000000000E+01
   -0.400000000000000E+01
   -0.400000000000000E+01
   -0.400000000000000E+01
   -0.400000000000000E+01
   -0.400000000000000E+01
   -0.400000000000000E+01
   -0.400000000000000E+01
   -0.400000000000000E+01
   -0.400000000000000E+01
   -0.400000000000000E+01
   -0.400000000000000E+01
   -0.400000000000000E+01
   -0.400000000000000E+01
   -0.400000000000000E+01
   -0.400000000000000E+01
   -0.400000000000000E+01
   -0.400000000000000E+01
   -0.400000000000000E+01
   -0.400000000000000E+01
   -0.400000000000000E+01
   -0.400000000000000E+01
   -0.400000000000000E+01
   -0.400000000000000E+01
   -0.400000000000000E+01
   -0.400000000000000E+01
   -0.400000000000000E+01
   -0.400000000000000E+01
   -0.400000000000000E+01
   -0.400000000000000E+01
   -0.400000000000000E+01
   -0.400000000000000E+01
   -0.400000000000000E+01
   -0.400000000000000E+01
   -0.400000000000000E+01
   -0.400000000000000E+01
r*potential (L=2) in Ry
    0.000000000000000E+00
   -0.128066902085192E-04
   -0.257976461845961E-04
   -0.389755191888249E-04
   -0.523429986287811E-04
   -0.659028126078891E-04
   -0.796577284821876E-04
   -0.936105534251058E-04
   -0.107764135000366E-03
   -0.122121361743127E-03
   -0.136685163749496E-03
   -0.151458513274511E-03
   -0.166444425338738E-03
   -0.181645958343591E-03
   -0.197066214695507E-03
   -0.212708341439099E-03
   -0.228575530899420E-03
   -0.244671021333475E-03
   -0.260998097591093E-03
   -0.277560091785321E-03
   -0.294360383972460E-03
   -0.311402402841877E-03
   -0.328689626415757E-03
   -0.346225582758912E-03
   -0.364013850698806E-03
   -0.382058060555943E-03
   -0.400361894884760E-03
   -0.418929089225177E-03
   -0.437763432864975E-03
   -0.456868769613123E-03
   -0.476248998584250E-03
   -0.495908074994390E-03
   -0.515850010968187E-03
   -0.536078876357708E-03
   -0.556598799573040E-03
   -0.577413968424837E-03
   -0.598528630978986E-03
   -0.619947096423583E-03
   -0.641673735948363E-03
   -0.663712983636804E-03
   -0.686069337371051E-03
   -0.708747359749871E-03
   -0.731751679019809E-03
   -0.755086990019744E-03
   -0.778758055139040E-03
   -0.802769705289471E-03
   -0.827126840891145E-03
   -0.851834432872604E-03
   -0.876897523685317E-03
   -0.902321228332767E-03
   -0.928110735414353E-03
   -0.954271308184297E-03
   -0.980808285625804E-03
   -0.100772708354067E-02
   -0.103503319565454E-02
   -0.106273219473816E-02
   -0.109082973374460E-02
   -0.111933154696305E-02
   -0.114824345118900E-02
   -0.117757134691142E-02
   -0.120732121951695E-02
   -0.123749914051143E-02
   -0.126811126875900E-02
   -0.129916385173902E-02
   -0.133066322682112E-02
   -0.136261582255853E-02
   -0.139502816000006E-02
   -0.142790685402097E-02
   -0.146125861467294E-02
   -0.149509024855350E-02
   -0.152940866019518E-02
   -0.156422085347458E-02
   -0.159953393304178E-02
   -0.163535510577030E-02
   -0.167169168222790E-02
   -0.170855107816857E-02
   -0.174594081604595E-02
   -0.178386852654861E-02
   -0.182234195015728E-02
   -0.186136893872463E-02
   -0.190095745707769E-02
   -0.194111558464335E-02
   -0.198185151709727E-02
   -0.202317356803647E-02
   -0.206509017067603E-02
   -0.210760987957018E-02
   -0.215074137235815E-02
   -0.219449345153516E-02
   -0.223887504624885E-02
   -0.228389521412164E-02
   -0.232956314309919E-02
   -0.237588815332558E-02
   -0.242287969904537E-02
   -0.247054737053311E-02
   -0.251890089605054E-02
   -0.256795014383199E-02
   -0.261770512409835E-02
   -0.266817599110001E-02
   -0.271937304518919E-02
   -0.277130673492205E-02
   -0.282398765919116E-02
   -0.287742656938850E-02
   -0.293163437159973E-02
   -0.298662212882988E-02
   -0.304240106326123E-02
   -0.309898255854353E-02
   -0.315637816211726E-02
   -0.321459958757028E-02
   -0.327365871702841E-02
   -0.333356760358039E-02
   -0.339433847373773E-02
   -0.345598372992998E-02
   -0.351851595303585E-02
   -0.358194790495081E-02
   -0.364629253119161E-02
   -0.371156296353822E-02
   -0.377777252271388E-02
   -0.384493472110365E-02
   -0.391306326551206E-02
   -0.398217205996052E-02
   -0.405227520852488E-02
   -0.412338701821386E-02
   -0.419552200188894E-02
   -0.426869488122620E-02
   -0.434292058972076E-02
   -0.441821427573456E-02
   -0.449459130558784E-02
   -0.457206726669524E-02
   -0.465065797074693E-02
   -0.473037945693554E-02
   -0.481124799522953E-02
   -0.489328008969368E-02
   -0.497649248185726E-02
   -0.506090215413080E-02
   -0.514652633327191E-02
   -0.523338249390099E-02
   -0.532148836206762E-02
   -0.541086191886810E-02
   -0.550152140411517E-02
   -0.559348532006048E-02
   -0.568677243517066E-02
   -0.578140178795762E-02
   -0.587739269086409E-02
   -0.597476473420499E-02
   -0.607353779016552E-02
   -0.617373201685681E-02
   -0.627536786242984E-02
   -0.637846606924867E-02
   -0.648304767812362E-02
   -0.658913403260542E-02
   -0.669674678334107E-02
   -0.680590789249248E-02
   -0.691663963821861E-02
   -0.702896461922209E-02
   -0.714290575936132E-02
   -0.725848631232891E-02
   -0.737572986639739E-02
   -0.749466034923325E-02
   -0.761530203278023E-02
   -0.773767953821291E-02
   -0.786181784096147E-02
   -0.798774227580890E-02
   -0.811547854206138E-02
   -0.824505270879324E-02
   -0.837649122016720E-02
   -0.850982090083131E-02
   -0.864506896139343E-02
   -0.878226300397458E-02
   -0.892143102784212E-02
   -0.906260143512401E-02
   -0.920580303660530E-02
   -0.935106505760796E-02
   -0.949841714395544E-02
   -0.964788936802291E-02
   -0.979951223487463E-02
   -0.995331668848965E-02
   -0.101093341180770E-01
   -0.102675963644818E-01
   -0.104281357266836E-01
   -0.105909849683881E-01
   -0.107561773247139E-01
   -0.109237465089750E-01
   -0.110937267195618E-01
   -0.112661526469200E-01
   -0.114410594806308E-01
   -0.116184829165924E-01
   -0.117984591643054E-01
   -0.119810249542621E-01
   -0.121662175454434E-01
   -0.123540747329225E-01
   -0.125446348555784E-01
   -0.127379368039205E-01
   -0.129340200280255E-01
   -0.131329245455888E-01
   -0.133346909500918E-01
   -0.135393604190860E-01
   -0.137469747225974E-01
   -0.139575762316510E-01
   -0.141712079269181E-01
   -0.143879134074885E-01
   -0.146077368997682E-01
   -0.148307232665059E-01
   -0.150569180159485E-01
   -0.152863673111293E-01
   -0.155191179792891E-01
   -0.157552175214330E-01
   -0.159947141220253E-01
   -0.162376566588232E-01
   -0.164840947128520E-01
   -0.167340785785245E-01
   -0.169876592739055E-01
   -0.172448885511238E-01
   -0.175058189069349E-01
   -0.177705035934343E-01
   -0.180389966289268E-01
   -0.183113528089502E-01
   -0.185876277174592E-01
   -0.188678777381695E-01
   -0.191521600660652E-01
   -0.194405327190721E-01
   -0.197330545498983E-01
   -0.200297852580461E-01
   -0.203307854019963E-01
   -0.206361164115672E-01
   -0.209458406004530E-01
   -0.212600211789409E-01
   -0.215787222668125E-01
   -0.219020089064301E-01
   -0.222299470760118E-01
   -0.225626037030974E-01
   -0.229000466782080E-01
   -0.232423448687022E-01
   -0.235895681328321E-01
   -0.239417873340013E-01
   -0.242990743552276E-01
   -0.246615021138148E-01
   -0.250291445762350E-01
   -0.254020767732252E-01
   -0.257803748151014E-01
   -0.261641159072925E-01
   -0.265533783660988E-01
   -0.269482416346763E-01
   -0.273487862992513E-01
   -0.277550941055691E-01
   -0.281672479755783E-01
   -0.285853320243561E-01
   -0.290094315772769E-01
   -0.294396331874278E-01
   -0.298760246532756E-01
   -0.303186950365867E-01
   -0.307677346806066E-01
   -0.312232352284996E-01
   -0.316852896420550E-01
   -0.321539922206620E-01
   -0.326294386205580E-01
   -0.331117258743536E-01
   -0.336009524108396E-01
   -0.340972180750780E-01
   -0.346006241487832E-01
   -0.351112733709960E-01
   -0.356292699590553E-01
   -0.361547196298724E-01
   -0.366877296215110E-01
   -0.372284087150775E-01
   -0.377768672569282E-01
   -0.383332171811939E-01
   -0.388975720326310E-01
   -0.394700469898005E-01
   -0.400507588885809E-01
   -0.406398262460201E-01
   -0.412373692845308E-01
   -0.418435099564335E-01
   -0.424583719688546E-01
   -0.430820808089818E-01
   -0.437147637696835E-01
   -0.443565499754980E-01
   -0.450075704089964E-01
   -0.456679579375253E-01
   -0.463378473403354E-01
   -0.470173753361000E-01
   -0.477066806108314E-01
   -0.484059038461981E-01
   -0.491151877482511E-01
   -0.498346770765638E-01
   -0.505645186737919E-01
   -0.513048614956596E-01
   -0.520558566413777E-01
   -0.528176573845004E-01
   -0.535904192042273E-01
   -0.543742998171560E-01
   -0.551694592094930E-01
   -0.559760596697294E-01
   -0.567942658217871E-01
   -0.576242446586438E-01
   -0.584661655764430E-01
   -0.593202004090950E-01
   -0.601865234633790E-01
   -0.610653115545502E-01
   -0.619567440424611E-01
   -0.628610028682048E-01
   -0.637782725912863E-01
   -0.647087404273312E-01
   -0.656525962863387E-01
   -0.666100328114863E-01
   -0.675812454184961E-01
   -0.685664323355690E-01
   -0.695657946438961E-01
   -0.705795363187553E-01
   -0.716078642712019E-01
   -0.726509883903623E-01
   -0.737091215863381E-01
   -0.747824798337321E-01
   -0.758712822158020E-01
   -0.769757509692546E-01
   -0.780961115296867E-01
   -0.792325925776848E-01
   -0.803854260855910E-01
   -0.815548473649471E-01
   -0.827410951146247E-01
   -0.839444114696536E-01
   -0.851650420507567E-01
   -0.864032360146037E-01
   -0.876592461047927E-01
   -0.889333287035716E-01
   -0.902257438843094E-01
   -0.915367554647293E-01
   -0.928666310609138E-01
   -0.942156421420951E-01
   -0.955840640862399E-01
   -0.969721762364431E-01
   -0.983802619581408E-01
   -0.998086086971546E-01
   -0.101257508038581E+00
   -0.102727255766538E+00
   -0.104218151924781E+00
   -0.105730500878201E+00
   -0.107264611375220E+00
   -0.108820796611096E+00
   -0.110399374292149E+00
   -0.112000666700929E+00
   -0.113625000762330E+00
   -0.115272708110673E+00
   -0.116944125157769E+00
   -0.118639593161975E+00
   -0.120359458298264E+00
   -0.122104071729318E+00
   -0.123873789677662E+00
   -0.125668973498860E+00
   -0.127489989755776E+00
   -0.129337210293935E+00
   -0.131211012317981E+00
   -0.133111778469264E+00
   -0.135039896904570E+00
   -0.136995761376004E+00
   -0.138979771312050E+00
   -0.140992331899834E+00
   -0.143033854168585E+00
   -0.145104755074346E+00
   -0.147205457585920E+00
   -0.149336390772099E+00
   -0.151497989890176E+00
   -0.153690696475770E+00
   -0.155914958433987E+00
   -0.158171230131924E+00
   -0.160459972492554E+00
   -0.162781653090006E+00
   -0.165136746246260E+00
   -0.167525733129280E+00
   -0.169949101852616E+00
   -0.172407347576485E+00
   -0.174900972610364E+00
   -0.177430486517122E+00
   -0.179996406218699E+00
   -0.182599256103378E+00
   -0.185239568134658E+00
   -0.187917881961768E+00
   -0.190634745031833E+00
   -0.193390712703733E+00
   -0.196186348363676E+00
   -0.199022223542503E+00
   -0.201898918034778E+00
   -0.204817020019658E+00
   -0.207777126183604E+00
   -0.210779841844942E+00
   -0.213825781080306E+00
   -0.216915566853001E+00
   -0.220049831143313E+00
   -0.223229215080795E+00
   -0.226454369078561E+00
   -0.229725952969618E+00
   -0.233044636145282E+00
   -0.236411097695685E+00
   -0.239826026552432E+00
   -0.243290121633425E+00
   -0.246804091989898E+00
   -0.250368656955684E+00
   -0.253984546298764E+00
   -0.257652500375125E+00
   -0.261373270284955E+00
   -0.265147618031229E+00
   -0.268976316680696E+00
   -0.272860150527328E+00
   -0.276799915258247E+00
   -0.280796418122170E+00
   -0.284850478100423E+00
   -0.288962926080528E+00
   -0.293134605032427E+00
   -0.297366370187363E+00
   -0.301659089219457E+00
   -0.306013642430004E+00
   -0.310430922934542E+00
   -0.314911836852702E+00
   -0.319457303500887E+00
   -0.324068255587804E+00
   -0.328745639412872E+00
   -0.333490415067546E+00
   -0.338303556639571E+00
   -0.343186052420193E+00
   -0.348138905114354E+00
   -0.353163132053875E+00
   -0.358259765413667E+00
   -0.363429852430956E+00
   -0.368674455627555E+00
   -0.373994653035173E+00
   -0.379391538423772E+00
   -0.384866221532969E+00
   -0.390419828306471E+00
   -0.396053501129531E+00
   -0.401768399069411E+00
   -0.407565698118822E+00
   -0.413446591442306E+00
   -0.419412289625527E+00
   -0.425464020927414E+00
   -0.431603031535102E+00
   -0.437830585821599E+00
   -0.444147966606105E+00
   -0.450556475416881E+00
   -0.457057432756574E+00
   -0.463652178369875E+00
   -0.470342071513370E+00
   -0.477128491227445E+00
   -0.484012836610070E+00
   -0.490996527092267E+00
   -0.498081002715079E+00
   -0.505267724407774E+00
   -0.512558174267066E+00
   -0.519953855837045E+00
   -0.527456294389531E+00
   -0.535067037204493E+00
   -0.542787653850190E+00
   -0.550619736462613E+00
   -0.558564900023792E+00
   -0.566624782638507E+00
   -0.574801045808861E+00
   -0.583095374706177E+00
   -0.591509478439588E+00
   -0.600045090320685E+00
   -0.608703968123484E+00
   -0.617487894338974E+00
   -0.626398676423392E+00
   -0.635438147039347E+00
   -0.644608164288841E+00
   -0.653910611937136E+00
   -0.663347399626388E+00
   -0.672920463077848E+00
   -0.682631764281371E+00
   -0.692483291670875E+00
   -0.702477060284307E+00
   -0.712615111906573E+00
   -0.722899515193778E+00
   -0.733332365777044E+00
   -0.743915786344030E+00
   -0.754651926696177E+00
   -0.765542963779597E+00
   -0.776591101687362E+00
   -0.787798571630866E+00
   -0.799167631877756E+00
   -0.810700567653823E+00
   -0.822399691006084E+00
   -0.834267340624153E+00
   -0.846305881616831E+00
   -0.858517705240722E+00
   -0.870905228577505E+00
   -0.883470894156351E+00
   -0.896217169517806E+00
   -0.909146546715325E+00
   -0.922261541750459E+00
   -0.935564693937582E+00
   -0.949058565193851E+00
   -0.962745739250000E+00
   -0.976628820777377E+00
   -0.990710434426549E+00
   -0.100499322377265E+01
   -0.101947985016256E+01
   -0.103417299145889E+01
   -0.104907534067571E+01
   -0.106418960450083E+01
   -0.107951850169946E+01
   -0.109506476139418E+01
   -0.111083112121580E+01
   -0.112682032532027E+01
   -0.114303512226649E+01
   -0.115947826275005E+01
   -0.117615249718842E+01
   -0.119306057315283E+01
   -0.121020523264286E+01
   -0.122758920919974E+01
   -0.124521522485493E+01
   -0.126308598691105E+01
   -0.128120418455257E+01
   -0.129957248528461E+01
   -0.131819353119857E+01
   -0.133706993506435E+01
   -0.135620427624966E+01
   -0.137559909646802E+01
   -0.139525689535794E+01
   -0.141518012589705E+01
   -0.143537118965636E+01
   -0.145583243190076E+01
   -0.147656613654388E+01
   -0.149757452096651E+01
   -0.151885973070967E+01
   -0.154042383405502E+01
   -0.156226881650718E+01
   -0.158439657519413E+01
   -0.160680891320392E+01
   -0.162950753387773E+01
   -0.165249403508094E+01
   -0.167576990347599E+01
   -0.169933650882218E+01
   -0.172319509832927E+01
   -0.174734679109299E+01
   -0.177179257264192E+01
   -0.179653328962548E+01
   -0.182156964467385E+01
   -0.184690219145998E+01
   -0.187253132999363E+01
   -0.189845730217590E+01
   -0.192468018764066E+01
   -0.195119989990656E+01
   -0.197801618285903E+01
   -0.200512860757699E+01
   -0.203253656951218E+01
   -0.206023928602176E+01
   -0.208823579424488E+01
   -0.211652494930339E+01
   -0.214510542279355E+01
   -0.217397570152072E+01
   -0.220313408641203E+01
   -0.223257869152250E+01
   -0.226230744302842E+01
   -0.229231807807767E+01
   -0.232260814333999E+01
   -0.235317499307104E+01
   -0.238401578647275E+01
   -0.241512748409847E+01
   -0.244650684301554E+01
   -0.247815041040041E+01
   -0.251005451520180E+01
   -0.254221525746771E+01
   -0.257462849489135E+01
   -0.260728982609101E+01
   -0.264019457010034E+01
   -0.267333774150897E+01
   -0.270671402066099E+01
   -0.274031771829109E+01
   -0.277414273395771E+01
   -0.280818250762017E+01
   -0.284242996370562E+01
   -0.287687744702288E+01
   -0.291151664990743E+01
   -0.294633853002624E+01
   -0.298133321833682E+01
   -0.301648991678334E+01
   -0.305179678542787E+01
   -0.308724081885862E+01
   -0.312280771189228E+01
   -0.315848171479720E+01
   -0.319424547850921E+01
   -0.323007989059461E+01
   -0.326596390303594E+01
   -0.330187435327549E+01
   -0.333778578034823E+01
   -0.337367023836790E+01
   -0.340949711009366E+01
   -0.344523292379496E+01
   -0.348084117714186E+01
   -0.351628217236832E+01
   -0.355151286747601E+01
   -0.358648674875150E+01
   -0.362115373034637E+01
   -0.365546008709791E+01
   -0.368934842712898E+01
   -0.372275771103549E+01
   -0.375562332462569E+01
   -0.378787721219132E+01
   -0.381944807713953E+01
   -0.385026165647153E+01
   -0.388024107503222E+01
   -0.390930728465209E+01
   -0.393737959223768E+01
   -0.396437627952415E+01
   -0.399021531557361E+01
   -0.401481516118328E+01
   -0.403809566216633E+01
   -0.405997902600249E+01
   -0.408039087365718E+01
   -0.409926135547913E+01
   -0.411652631706845E+01
   -0.413212849793069E+01
   -0.414601874268904E+01
   -0.415815720171737E+01
   -0.416851449539841E+01
   -0.417707281392912E+01
   -0.418382692282319E+01
   -0.418878504313320E+01
   -0.419196957506625E+01
   -0.419341763422031E+01
   -0.419318137123163E+01
   -0.419132804828241E+01
   -0.418793984972412E+01
   -0.418311340904127E+01
   -0.417695904048135E+01
   -0.416959967082646E+01
   -0.416116947484156E+01
   -0.415181222670795E+01
   -0.414167938898342E+01
   -0.413092797001698E+01
   -0.411971818993349E+01
   -0.410821100390460E+01
   -0.409656553903214E+01
   -0.408493650737971E+01
   -0.407347166211070E+01
   -0.406230936597999E+01
   -0.405157634130365E+01
   -0.404138566780306E+01
   -0.403183508930734E+01
   -0.402300568224086E+01
   -0.401496092830224E+01
   -0.400774622107287E+01
   -0.400138882192995E+01
   -0.399589826515153E+01
   -0.399126719615715E+01
   -0.398747261116024E+01
   -0.398447745187485E+01
   -0.398223249605980E+01
   -0.398067847427238E+01
   -0.397974833580632E+01
   -0.397936958281832E+01
   -0.397946659133370E+01
   -0.397996284118944E+01
   -0.398078298383112E+01
   -0.398185468683407E+01
   -0.398311020648642E+01
   -0.398448765402358E+01
   -0.398593193631311E+01
   -0.398739536708289E+01
   -0.398883795931254E+01
   -0.399022742239151E+01
   -0.399153889844089E+01
   -0.399275448032644E+01
   -0.399386255908308E+01
   -0.399485705066096E+01
   -0.399573655123088E+01
   -0.399650346706946E+01
   -0.399716315974680E+01
   -0.399772314052066E+01
   -0.399819234010697E+01
   -0.399858047194918E+01
   -0.399889749929647E+01
   -0.399915320928610E+01
   -0.399935689115436E+01
   -0.399951711089488E+01
   -0.399964157123738E+01
   -0.399973704371209E+01
   -0.399980935868150E+01
   -0.399986343937453E+01
   -0.399990336692343E+01
   -0.399993246493778E+01
   -0.399995339401939E+01
   -0.399996824861870E+01
   -0.399997865058859E+01
   -0.399998583557796E+01
   -0.399999072994547E+01
   -0.399999401712085E+01
   -0.399999619329056E+01
   -0.399999761295483E+01
   -0.399999852532797E+01
   -0.399999910277968E+01
   -0.399999946258609E+01
   -0.399999968322248E+01
   -0.399999981632202E+01
   -0.399999989527971E+01
   -0.399999994132119E+01
   -0.399999996769974E+01
   -0.399999998254199E+01
   -0.399999999073962E+01
   -0.399999999518183E+01
   -0.399999999754236E+01
   -0.399999999877172E+01
   -0.399999999939888E+01
   -0.399999999971209E+01
   -0.399999999986513E+01
   -0.399999999993825E+01
   -0.399999999997238E+01
   -0.399999999998794E+01
   -0.399999999999487E+01
   -0.399999999999787E+01
   -0.399999999999914E+01
   -0.399999999999966E+01
   -0.399999999999987E+01
   -0.399999999999995E+01
   -0.399999999999998E+01
   -0.399999999999999E+01
   -0.400000000000000E+01
   -0.400000000000000E+01
   -0.400000000000000E+01
   -0.400000000000000E+01
   -0.400000000000000E+01
   -0.400000000000000E+01
   -0.400000000000000E+01
   -0.400000000000000E+01
   -0.400000000000000E+01
   -0.400000000000000E+01
   -0.400000000000000E+01
   -0.400000000000000E+01
   -0.400000000000000E+01
   -0.400000000000000E+01
   -0.400000000000000E+01
   -0.400000000000000E+01
   -0.400000000000000E+01
   -0.400000000000000E+01
   -0.400000000000000E+01
   -0.400000000000000E+01
   -0.400000000000000E+01
   -0.400000000000000E+01
   -0.400000000000000E+01
   -0.400000000000000E+01
   -0.400000000000000E+01
   -0.400000000000000E+01
   -0.400000000000000E+01
   -0.400000000000000E+01
   -0.400000000000000E+01
   -0.400000000000000E+01
   -0.400000000000000E+01
   -0.400000000000000E+01
   -0.400000000000000E+01
   -0.400000000000000E+01
   -0.400000000000000E+01
   -0.400000000000000E+01
   -0.400000000000000E+01
   -0.400000000000000E+01
   -0.400000000000000E+01
   -0.400000000000000E+01
   -0.400000000000000E+01
   -0.400000000000000E+01
   -0.400000000000000E+01
   -0.400000000000000E+01
   -0.400000000000000E+01
   -0.400000000000000E+01
   -0.400000000000000E+01
   -0.400000000000000E+01
   -0.400000000000000E+01
   -0.400000000000000E+01
   -0.400000000000000E+01
   -0.400000000000000E+01
   -0.400000000000000E+01
   -0.400000000000000E+01
   -0.400000000000000E+01
   -0.400000000000000E+01
   -0.400000000000000E+01
   -0.400000000000000E+01
   -0.400000000000000E+01
   -0.400000000000000E+01
   -0.400000000000000E+01
   -0.400000000000000E+01
   -0.400000000000000E+01
   -0.400000000000000E+01
   -0.400000000000000E+01
   -0.400000000000000E+01
   -0.400000000000000E+01
   -0.400000000000000E+01
   -0.400000000000000E+01
   -0.400000000000000E+01
   -0.400000000000000E+01
   -0.400000000000000E+01
   -0.400000000000000E+01
   -0.400000000000000E+01
   -0.400000000000000E+01
   -0.400000000000000E+01
   -0.400000000000000E+01
   -0.400000000000000E+01
   -0.400000000000000E+01
   -0.400000000000000E+01
   -0.400000000000000E+01
   -0.400000000000000E+01
   -0.400000000000000E+01
   -0.400000000000000E+01
   -0.400000000000000E+01
   -0.400000000000000E+01
   -0.400000000000000E+01
   -0.400000000000000E+01
   -0.400000000000000E+01
   -0.400000000000000E+01
   -0.400000000000000E+01
   -0.400000000000000E+01
   -0.400000000000000E+01
   -0.400000000000000E+01
   -0.400000000000000E+01
   -0.400000000000000E+01
   -0.400000000000000E+01
   -0.400000000000000E+01
   -0.400000000000000E+01
   -0.400000000000000E+01
   -0.400000000000000E+01
   -0.400000000000000E+01
   -0.400000000000000E+01
   -0.400000000000000E+01
   -0.400000000000000E+01
   -0.400000000000000E+01
   -0.400000000000000E+01
   -0.400000000000000E+01
   -0.400000000000000E+01
   -0.400000000000000E+01
   -0.400000000000000E+01
   -0.400000000000000E+01
   -0.400000000000000E+01
   -0.400000000000000E+01
   -0.400000000000000E+01
   -0.400000000000000E+01
   -0.400000000000000E+01
   -0.400000000000000E+01
   -0.400000000000000E+01
   -0.400000000000000E+01
   -0.400000000000000E+01
   -0.400000000000000E+01
   -0.400000000000000E+01
   -0.400000000000000E+01
   -0.400000000000000E+01
   -0.400000000000000E+01
   -0.400000000000000E+01
   -0.400000000000000E+01
   -0.400000000000000E+01
   -0.400000000000000E+01
   -0.400000000000000E+01
   -0.400000000000000E+01
   -0.400000000000000E+01
   -0.400000000000000E+01
   -0.400000000000000E+01
   -0.400000000000000E+01
   -0.400000000000000E+01
   -0.400000000000000E+01
   -0.400000000000000E+01
   -0.400000000000000E+01
   -0.400000000000000E+01
   -0.400000000000000E+01
   -0.400000000000000E+01
   -0.400000000000000E+01
   -0.400000000000000E+01
   -0.400000000000000E+01
   -0.400000000000000E+01
   -0.400000000000000E+01
   -0.400000000000000E+01
   -0.400000000000000E+01
   -0.400000000000000E+01
   -0.400000000000000E+01
   -0.400000000000000E+01
   -0.400000000000000E+01
   -0.400000000000000E+01
   -0.400000000000000E+01
   -0.400000000000000E+01
   -0.400000000000000E+01
   -0.400000000000000E+01
   -0.400000000000000E+01
   -0.400000000000000E+01
   -0.400000000000000E+01
   -0.400000000000000E+01
   -0.400000000000000E+01
   -0.400000000000000E+01
   -0.400000000000000E+01
   -0.400000000000000E+01
   -0.400000000000000E+01
   -0.400000000000000E+01
   -0.400000000000000E+01
   -0.400000000000000E+01
   -0.400000000000000E+01
   -0.400000000000000E+01
   -0.400000000000000E+01
   -0.400000000000000E+01
   -0.400000000000000E+01
   -0.400000000000000E+01
   -0.400000000000000E+01
   -0.400000000000000E+01
   -0.400000000000000E+01
   -0.400000000000000E+01
   -0.400000000000000E+01
   -0.400000000000000E+01
   -0.400000000000000E+01
   -0.400000000000000E+01
   -0.400000000000000E+01
   -0.400000000000000E+01
   -0.400000000000000E+01
   -0.400000000000000E+01
   -0.400000000000000E+01
   -0.400000000000000E+01
   -0.400000000000000E+01
   -0.400000000000000E+01
   -0.400000000000000E+01
   -0.400000000000000E+01
   -0.400000000000000E+01
   -0.400000000000000E+01
   -0.400000000000000E+01
   -0.400000000000000E+01
   -0.400000000000000E+01
   -0.400000000000000E+01
   -0.400000000000000E+01
   -0.400000000000000E+01
   -0.400000000000000E+01
   -0.400000000000000E+01
   -0.400000000000000E+01
   -0.400000000000000E+01
   -0.400000000000000E+01
   -0.400000000000000E+01
   -0.400000000000000E+01
   -0.400000000000000E+01
   -0.400000000000000E+01
   -0.400000000000000E+01
   -0.400000000000000E+01
   -0.400000000000000E+01
