eCEPP Pseudopotential in real space for Be
Atomic number and pseudo-charge
 4  2.00
Energy units (rydberg/hartree/ev)
rydberg
Angular momentum of local component (0=s,1=p,2=d..)
2
NLRULE override (1) VMC/DMC (2) config gen (0 ==> input/default value)
0 0
Number of grid points
 929
R(i) in atomic units
    0.000000000000000E+00
    0.251794248143342E-05
    0.507211373052288E-05
    0.766303501557198E-05
    0.102912351050192E-04
    0.129572503753518E-04
    0.156616249205719E-04
    0.184049106632383E-04
    0.211876674671058E-04
    0.240104632513844E-04
    0.268738741066439E-04
    0.297784844123848E-04
    0.327248869563019E-04
    0.357136830552632E-04
    0.387454826780297E-04
    0.418209045697412E-04
    0.449405763781924E-04
    0.481051347819273E-04
    0.513152256201750E-04
    0.545715040246563E-04
    0.578746345532862E-04
    0.612252913258005E-04
    0.646241581613332E-04
    0.680719287179740E-04
    0.715693066343337E-04
    0.751170056731461E-04
    0.787157498669366E-04
    0.823662736657863E-04
    0.860693220872223E-04
    0.898256508682648E-04
    0.936360266196617E-04
    0.975012269823424E-04
    0.101422040786123E-03
    0.105399268210694E-03
    0.109433720948925E-03
    0.113526222372522E-03
    0.117677607700061E-03
    0.121888724167446E-03
    0.126160431200816E-03
    0.130493600591944E-03
    0.134889116676152E-03
    0.139347876512796E-03
    0.143870790068339E-03
    0.148458780402061E-03
    0.153112783854444E-03
    0.157833750238264E-03
    0.162622643032433E-03
    0.167480439578635E-03
    0.172408131280778E-03
    0.177406723807333E-03
    0.182477237296575E-03
    0.187620706564772E-03
    0.192838181317383E-03
    0.198130726363281E-03
    0.203499421832071E-03
    0.208945363394522E-03
    0.214469662486182E-03
    0.220073446534202E-03
    0.225757859187429E-03
    0.231524060549808E-03
    0.237373227417141E-03
    0.243306553517252E-03
    0.249325249753612E-03
    0.255430544452466E-03
    0.261623683613514E-03
    0.267905931164202E-03
    0.274278569217672E-03
    0.280742898334419E-03
    0.287300237787721E-03
    0.293951925832878E-03
    0.300699319980333E-03
    0.307543797272718E-03
    0.314486754565891E-03
    0.321529608814008E-03
    0.328673797358707E-03
    0.335920778222446E-03
    0.343272030406065E-03
    0.350729054190626E-03
    0.358293371443599E-03
    0.365966525929455E-03
    0.373750083624719E-03
    0.381645633037569E-03
    0.389654785532025E-03
    0.397779175656801E-03
    0.406020461478896E-03
    0.414380324921980E-03
    0.422860472109649E-03
    0.431462633713619E-03
    0.440188565306931E-03
    0.449040047722236E-03
    0.458018887415239E-03
    0.467126916833368E-03
    0.476365994789748E-03
    0.485738006842561E-03
    0.495244865679856E-03
    0.504888511509901E-03
    0.514670912457154E-03
    0.524594064963925E-03
    0.534659994197818E-03
    0.544870754465044E-03
    0.555228429629667E-03
    0.565735133538895E-03
    0.576393010454483E-03
    0.587204235490343E-03
    0.598171015056455E-03
    0.609295587309161E-03
    0.620580222607941E-03
    0.632027223978757E-03
    0.643638927584068E-03
    0.655417703199605E-03
    0.667365954698009E-03
    0.679486120539423E-03
    0.691780674269145E-03
    0.704252125022447E-03
    0.716903018036645E-03
    0.729735935170548E-03
    0.742753495431379E-03
    0.755958355509268E-03
    0.769353210319452E-03
    0.782940793552260E-03
    0.796723878231022E-03
    0.810705277277999E-03
    0.824887844088464E-03
    0.839274473113031E-03
    0.853868100448373E-03
    0.868671704436434E-03
    0.883688306272266E-03
    0.898920970620607E-03
    0.914372806241337E-03
    0.930046966623928E-03
    0.945946650631023E-03
    0.962075103151276E-03
    0.978435615761590E-03
    0.995031527398872E-03
    0.101186622504147E-02
    0.102894314440038E-02
    0.104626577062048E-02
    0.106383763899171E-02
    0.108166233567066E-02
    0.109974349841239E-02
    0.111808481731286E-02
    0.113669003556206E-02
    0.115556295020785E-02
    0.117470741293100E-02
    0.119412733083114E-02
    0.121382666722423E-02
    0.123380944245138E-02
    0.125407973469934E-02
    0.127464168083280E-02
    0.129549947723866E-02
    0.131665738068246E-02
    0.133811970917711E-02
    0.135989084286414E-02
    0.138197522490763E-02
    0.140437736240097E-02
    0.142710182728671E-02
    0.145015325728961E-02
    0.147353635686314E-02
    0.149725589814962E-02
    0.152131672195407E-02
    0.154572373873221E-02
    0.157048192959258E-02
    0.159559634731312E-02
    0.162107211737238E-02
    0.164691443899553E-02
    0.167312858621543E-02
    0.169971990894905E-02
    0.172669383408923E-02
    0.175405586661228E-02
    0.178181159070143E-02
    0.180996667088651E-02
    0.183852685319996E-02
    0.186749796634956E-02
    0.189688592290792E-02
    0.192669672051920E-02
    0.195693644312311E-02
    0.198761126219657E-02
    0.201872743801320E-02
    0.205029132092097E-02
    0.208230935263818E-02
    0.211478806756815E-02
    0.214773409413278E-02
    0.218115415612530E-02
    0.221505507408252E-02
    0.224944376667679E-02
    0.228432725212800E-02
    0.231971264963589E-02
    0.235560718083296E-02
    0.239201817125833E-02
    0.242895305185275E-02
    0.246641936047514E-02
    0.250442474344097E-02
    0.254297695708276E-02
    0.258208386933303E-02
    0.262175346132999E-02
    0.266199382904644E-02
    0.270281318494198E-02
    0.274421985963910E-02
    0.278622230362326E-02
    0.282882908896761E-02
    0.287204891108234E-02
    0.291589059048931E-02
    0.296036307462220E-02
    0.300547543965254E-02
    0.305123689234200E-02
    0.309765677192141E-02
    0.314474455199667E-02
    0.319250984248227E-02
    0.324096239156245E-02
    0.329011208768070E-02
    0.333996896155784E-02
    0.339054318823914E-02
    0.344184508917087E-02
    0.349388513430679E-02
    0.354667394424491E-02
    0.360022229239496E-02
    0.365454110717710E-02
    0.370964147425229E-02
    0.376553463878462E-02
    0.382223200773636E-02
    0.387974515219593E-02
    0.393808580973936E-02
    0.399726588682579E-02
    0.405729746122735E-02
    0.411819278449414E-02
    0.417996428445449E-02
    0.424262456775136E-02
    0.430618642241516E-02
    0.437066282047357E-02
    0.443606692059896E-02
    0.450241207079387E-02
    0.456971181111513E-02
    0.463797987643722E-02
    0.470723019925531E-02
    0.477747691252869E-02
    0.484873435256512E-02
    0.492101706194660E-02
    0.499433979249737E-02
    0.506871750829448E-02
    0.514416538872174E-02
    0.522069883156764E-02
    0.529833345616778E-02
    0.537708510659256E-02
    0.545696985488069E-02
    0.553800400431930E-02
    0.562020409277115E-02
    0.570358689604981E-02
    0.578816943134331E-02
    0.587396896068711E-02
    0.596100299448703E-02
    0.604928929509286E-02
    0.613884588042341E-02
    0.622969102764365E-02
    0.632184327689484E-02
    0.641532143507832E-02
    0.651014457969366E-02
    0.660633206273215E-02
    0.670390351462621E-02
    0.680287884825569E-02
    0.690327826301179E-02
    0.700512224891947E-02
    0.710843159081913E-02
    0.721322737260849E-02
    0.731953098154552E-02
    0.742736411261324E-02
    0.753674877294738E-02
    0.764770728632764E-02
    0.776026229773372E-02
    0.787443677796675E-02
    0.799025402833735E-02
    0.810773768542104E-02
    0.822691172588214E-02
    0.834780047136700E-02
    0.847042859346778E-02
    0.859482111875745E-02
    0.872100343389740E-02
    0.884900129081847E-02
    0.897884081197654E-02
    0.911054849568371E-02
    0.924415122151623E-02
    0.937967625580024E-02
    0.951715125717637E-02
    0.965660428224450E-02
    0.979806379128968E-02
    0.994155865409044E-02
    0.100871181558107E-01
    0.102347720029765E-01
    0.103845503295383E-01
    0.105364837030217E-01
    0.106906031307646E-01
    0.108469400662466E-01
    0.110055264155073E-01
    0.111663945436581E-01
    0.113295772814877E-01
    0.114951079321619E-01
    0.116630202780208E-01
    0.118333485874728E-01
    0.120061276219885E-01
    0.121813926431952E-01
    0.123591794200728E-01
    0.125395242362540E-01
    0.127224638974293E-01
    0.129080357388584E-01
    0.130962776329897E-01
    0.132872279971897E-01
    0.134809258015832E-01
    0.136774105770067E-01
    0.138767224230759E-01
    0.140789020163694E-01
    0.142839906187306E-01
    0.144920300856880E-01
    0.147030628749978E-01
    0.149171320553087E-01
    0.151342813149513E-01
    0.153545549708549E-01
    0.155779979775913E-01
    0.158046559365497E-01
    0.160345751052430E-01
    0.162678024067486E-01
    0.165043854392844E-01
    0.167443724859231E-01
    0.169878125244460E-01
    0.172347552373384E-01
    0.174852510219296E-01
    0.177393510006775E-01
    0.179971070316028E-01
    0.182585717188715E-01
    0.185237984235315E-01
    0.187928412744022E-01
    0.190657551791216E-01
    0.193425958353523E-01
    0.196234197421482E-01
    0.199082842114854E-01
    0.201972473799585E-01
    0.204903682206458E-01
    0.207877065551442E-01
    0.210893230657786E-01
    0.213952793079857E-01
    0.217056377228769E-01
    0.220204616499814E-01
    0.223398153401730E-01
    0.226637639687824E-01
    0.229923736488991E-01
    0.233257114448637E-01
    0.236638453859547E-01
    0.240068444802726E-01
    0.243547787288228E-01
    0.247077191398026E-01
    0.250657377430922E-01
    0.254289076049554E-01
    0.257973028429509E-01
    0.261709986410590E-01
    0.265500712650254E-01
    0.269345980779256E-01
    0.273246575559541E-01
    0.277203293044399E-01
    0.281216940740926E-01
    0.285288337774828E-01
    0.289418315057590E-01
    0.293607715456052E-01
    0.297857393964429E-01
    0.302168217878798E-01
    0.306541066974104E-01
    0.310976833683707E-01
    0.315476423281515E-01
    0.320040754066736E-01
    0.324670757551291E-01
    0.329367378649920E-01
    0.334131575873025E-01
    0.338964321522291E-01
    0.343866601889113E-01
    0.348839417455885E-01
    0.353883783100189E-01
    0.359000728301908E-01
    0.364191297353334E-01
    0.369456549572287E-01
    0.374797559518312E-01
    0.380215417211976E-01
    0.385711228357327E-01
    0.391286114567552E-01
    0.396941213593879E-01
    0.402677679557777E-01
    0.408496683186498E-01
    0.414399412051997E-01
    0.420387070813307E-01
    0.426460881462386E-01
    0.432622083573507E-01
    0.438871934556241E-01
    0.445211709912073E-01
    0.451642703494711E-01
    0.458166227774147E-01
    0.464783614104508E-01
    0.471496212995767E-01
    0.478305394389364E-01
    0.485212547937789E-01
    0.492219083288187E-01
    0.499326430370050E-01
    0.506536039687043E-01
    0.513849382613029E-01
    0.521267951692355E-01
    0.528793260944461E-01
    0.536426846172863E-01
    0.544170265278591E-01
    0.552025098578136E-01
    0.559992949125964E-01
    0.568075443041678E-01
    0.576274229841885E-01
    0.584590982776838E-01
    0.593027399171919E-01
    0.601585200774042E-01
    0.610266134103031E-01
    0.619071970808063E-01
    0.628004508029234E-01
    0.637065568764325E-01
    0.646257002240855E-01
    0.655580684293476E-01
    0.665038517746803E-01
    0.674632432803755E-01
    0.684364387439480E-01
    0.694236367800946E-01
    0.704250388612286E-01
    0.714408493585974E-01
    0.724712755839914E-01
    0.735165278320534E-01
    0.745768194231966E-01
    0.756523667471401E-01
    0.767433893070707E-01
    0.778501097644405E-01
    0.789727539844084E-01
    0.801115510819363E-01
    0.812667334685476E-01
    0.824385368997593E-01
    0.836272005231957E-01
    0.848329669273954E-01
    0.860560821913198E-01
    0.872967959345741E-01
    0.885553613683509E-01
    0.898320353471070E-01
    0.911270784209833E-01
    0.924407548889797E-01
    0.937733328528939E-01
    0.951250842720376E-01
    0.964962850187390E-01
    0.978872149346444E-01
    0.992981578878295E-01
    0.100729401830733E+00
    0.102181238858923E+00
    0.103653965270709E+00
    0.105147881627614E+00
    0.106663292815712E+00
    0.108200508107852E+00
    0.109759841226776E+00
    0.111341610409145E+00
    0.112946138470486E+00
    0.114573752871074E+00
    0.116224785782763E+00
    0.117899574156776E+00
    0.119598459792470E+00
    0.121321789407097E+00
    0.123069914706559E+00
    0.124843192457189E+00
    0.126641984558561E+00
    0.128466658117345E+00
    0.130317585522235E+00
    0.132195144519941E+00
    0.134099718292285E+00
    0.136031695534403E+00
    0.137991470534070E+00
    0.139979443252170E+00
    0.141996019404320E+00
    0.144041610543673E+00
    0.146116634144909E+00
    0.148221513689434E+00
    0.150356678751806E+00
    0.152522565087410E+00
    0.154719614721382E+00
    0.156948276038823E+00
    0.159209003876310E+00
    0.161502259614716E+00
    0.163828511273377E+00
    0.166188233605602E+00
    0.168581908195569E+00
    0.171010023556603E+00
    0.173473075230880E+00
    0.175971565890554E+00
    0.178506005440350E+00
    0.181076911121628E+00
    0.183684807617937E+00
    0.186330227162105E+00
    0.189013709644853E+00
    0.191735802724980E+00
    0.194497061941136E+00
    0.197298050825192E+00
    0.200139341017255E+00
    0.203021512382327E+00
    0.205945153128651E+00
    0.208910859927749E+00
    0.211919238036201E+00
    0.214970901419164E+00
    0.218066472875676E+00
    0.221206584165758E+00
    0.224391876139346E+00
    0.227622998867084E+00
    0.230900611772986E+00
    0.234225383769023E+00
    0.237597993391631E+00
    0.241019128940193E+00
    0.244489488617512E+00
    0.248009780672302E+00
    0.251580723543730E+00
    0.255203046008043E+00
    0.258877487327295E+00
    0.262604797400223E+00
    0.266385736915289E+00
    0.270221077505924E+00
    0.274111601908011E+00
    0.278058104119623E+00
    0.282061389563074E+00
    0.286122275249287E+00
    0.290241589944538E+00
    0.294420174339591E+00
    0.298658881221277E+00
    0.302958575646526E+00
    0.307320135118922E+00
    0.311744449767779E+00
    0.316232422529811E+00
    0.320784969333403E+00
    0.325403019285541E+00
    0.330087514861427E+00
    0.334839412096825E+00
    0.339659680783174E+00
    0.344549304665507E+00
    0.349509281643221E+00
    0.354540623973729E+00
    0.359644358479053E+00
    0.364821526755376E+00
    0.370073185385621E+00
    0.375400406155085E+00
    0.380804276270168E+00
    0.386285898580261E+00
    0.391846391802822E+00
    0.397486890751685E+00
    0.403208546568661E+00
    0.409012526958470E+00
    0.414900016427049E+00
    0.420872216523297E+00
    0.426930346084287E+00
    0.433075641484018E+00
    0.439309356885738E+00
    0.445632764497898E+00
    0.452047154833796E+00
    0.458553836974947E+00
    0.465154138838248E+00
    0.471849407446989E+00
    0.478641009205756E+00
    0.485530330179296E+00
    0.492518776375394E+00
    0.499607774031814E+00
    0.506798769907376E+00
    0.514093231577217E+00
    0.521492647732302E+00
    0.528998528483243E+00
    0.536612405668489E+00
    0.544335833166952E+00
    0.552170387215134E+00
    0.560117666728807E+00
    0.568179293629333E+00
    0.576356913174672E+00
    0.584652194295156E+00
    0.593066829934089E+00
    0.601602537393256E+00
    0.610261058683398E+00
    0.619044160879728E+00
    0.627953636482566E+00
    0.636991303783162E+00
    0.646159007234782E+00
    0.655458617829134E+00
    0.664892033478207E+00
    0.674461179401611E+00
    0.684168008519481E+00
    0.694014501851042E+00
    0.704002668918904E+00
    0.714134548159177E+00
    0.724412207337482E+00
    0.734837743970958E+00
    0.745413285756326E+00
    0.756140991004126E+00
    0.767023049079193E+00
    0.778061680847475E+00
    0.789259139129278E+00
    0.800617709159035E+00
    0.812139709051685E+00
    0.823827490275767E+00
    0.835683438133323E+00
    0.847709972246697E+00
    0.859909547052349E+00
    0.872284652301763E+00
    0.884837813569576E+00
    0.897571592769003E+00
    0.910488588674690E+00
    0.923591437453082E+00
    0.936882813200428E+00
    0.950365428488522E+00
    0.964042034918300E+00
    0.977915423681400E+00
    0.991988426129803E+00
    0.100626391435367E+01
    0.102074480176749E+01
    0.103543404370468E+01
    0.105033463802068E+01
    0.106544962570484E+01
    0.108078209150097E+01
    0.109633516453695E+01
    0.111211201896330E+01
    0.112811587460099E+01
    0.114434999759854E+01
    0.116081770109863E+01
    0.117752234591423E+01
    0.119446734121451E+01
    0.121165614522059E+01
    0.122909226591130E+01
    0.124677926173915E+01
    0.126472074235651E+01
    0.128292036935230E+01
    0.130138185699929E+01
    0.132010897301208E+01
    0.133910553931610E+01
    0.135837543282753E+01
    0.137792258624460E+01
    0.139775098885012E+01
    0.141786468732569E+01
    0.143826778657755E+01
    0.145896445057433E+01
    0.147995890319682E+01
    0.150125542910007E+01
    0.152285837458778E+01
    0.154477214849929E+01
    0.156700122310944E+01
    0.158955013504121E+01
    0.161242348619162E+01
    0.163562594467092E+01
    0.165916224575524E+01
    0.168303719285302E+01
    0.170725565848532E+01
    0.173182258528019E+01
    0.175674298698143E+01
    0.178202194947180E+01
    0.180766463181097E+01
    0.183367626728844E+01
    0.186006216449150E+01
    0.188682770838872E+01
    0.191397836142891E+01
    0.194151966465588E+01
    0.196945723883936E+01
    0.199779678562208E+01
    0.202654408868335E+01
    0.205570501491951E+01
    0.208528551564120E+01
    0.211529162778797E+01
    0.214572947516033E+01
    0.217660526966949E+01
    0.220792531260519E+01
    0.223969599592162E+01
    0.227192380354197E+01
    0.230461531268170E+01
    0.233777719519083E+01
    0.237141621891558E+01
    0.240553924907959E+01
    0.244015324968500E+01
    0.247526528493371E+01
    0.251088252066906E+01
    0.254701222583829E+01
    0.258366177397602E+01
    0.262083864470907E+01
    0.265855042528296E+01
    0.269680481211031E+01
    0.273560961234163E+01
    0.277497274545859E+01
    0.281490224489027E+01
    0.285540625965270E+01
    0.289649305601193E+01
    0.293817101917103E+01
    0.298044865498144E+01
    0.302333459167883E+01
    0.306683758164403E+01
    0.311096650318924E+01
    0.315573036236999E+01
    0.320113829482310E+01
    0.324719956763118E+01
    0.329392358121383E+01
    0.334131987124622E+01
    0.338939811060509E+01
    0.343816811134290E+01
    0.348763982669030E+01
    0.353782335308743E+01
    0.358872893224446E+01
    0.364036695323178E+01
    0.369274795460025E+01
    0.374588262653196E+01
    0.379978181302192E+01
    0.385445651409118E+01
    0.390991788803176E+01
    0.396617725368391E+01
    0.402324609274608E+01
    0.408113605211820E+01
    0.413985894627861E+01
    0.419942675969524E+01
    0.425985164927147E+01
    0.432114594682712E+01
    0.438332216161526E+01
    0.444639298287511E+01
    0.451037128242175E+01
    0.457527011727308E+01
    0.464110273231450E+01
    0.470788256300207E+01
    0.477562323810445E+01
    0.484433858248433E+01
    0.491404261991986E+01
    0.498474957596675E+01
    0.505647388086142E+01
    0.512923017246607E+01
    0.520303329925600E+01
    0.527789832334996E+01
    0.535384052358415E+01
    0.543087539863036E+01
    0.550901867015903E+01
    0.558828628604782E+01
    0.566869442363631E+01
    0.575025949302758E+01
    0.583299814043726E+01
    0.591692725159077E+01
    0.600206395516943E+01
    0.608842562630620E+01
    0.617602989013168E+01
    0.626489462537110E+01
    0.635503796799316E+01
    0.644647831491126E+01
    0.653923432773805E+01
    0.663332493659401E+01
    0.672876934397079E+01
    0.682558702865013E+01
    0.692379774967924E+01
    0.702342155040326E+01
    0.712447876255589E+01
    0.722699001040871E+01
    0.733097621498035E+01
    0.743645859830613E+01
    0.754345868776916E+01
    0.765199832049377E+01
    0.776209964780213E+01
    0.787378513973501E+01
    0.798707758963759E+01
    0.810200011881124E+01
    0.821857618123220E+01
    0.833682956833823E+01
    0.845678441388408E+01
    0.857846519886680E+01
    0.870189675652200E+01
    0.882710427739187E+01
    0.895411331446628E+01
    0.908294978839770E+01
    0.921363999279123E+01
    0.934621059957075E+01
    0.948068866442228E+01
    0.961710163231558E+01
    0.975547734310532E+01
    0.989584403721275E+01
    0.100382303613892E+02
    0.101826653745622E+02
    0.103291785537666E+02
    0.104777998001596E+02
    0.106285594451237E+02
    0.107814882564565E+02
    0.109366174446505E+02
    0.110939786692620E+02
    0.112536040453727E+02
    0.114155261501442E+02
    0.115797780294659E+02
    0.117463932046996E+02
    0.119154056795206E+02
    0.120868499468572E+02
    0.122607609959306E+02
    0.124371743193951E+02
    0.126161259205821E+02
    0.127976523208477E+02
    0.129817905670261E+02
    0.131685782389902E+02
    0.133580534573214E+02
    0.135502548910893E+02
    0.137452217657434E+02
    0.139429938711184E+02
    0.141436115695549E+02
    0.143471158041366E+02
    0.145535481070464E+02
    0.147629506080422E+02
    0.149753660430549E+02
    0.151908377629106E+02
    0.154094097421777E+02
    0.156311265881410E+02
    0.158560335499060E+02
    0.160841765276333E+02
    0.163156020819061E+02
    0.165503574432325E+02
    0.167884905216848E+02
    0.170300499166770E+02
    0.172750849268831E+02
    0.175236455602985E+02
    0.177757825444459E+02
    0.180315473367277E+02
    0.182909921349281E+02
    0.185541698878654E+02
    0.188211343061987E+02
    0.190919398733888E+02
    0.193666418568180E+02
    0.196452963190690E+02
    0.199279601293665E+02
    0.202146909751836E+02
    0.205055473740144E+02
    0.208005886853173E+02
    0.210998751226289E+02
    0.214034677658525E+02
    0.217114285737243E+02
    0.220238203964576E+02
    0.223407069885698E+02
    0.226621530218939E+02
    0.229882240987767E+02
    0.233189867654679E+02
    0.236545085257004E+02
    0.239948578544674E+02
    0.243401042119969E+02
    0.246903180579274E+02
    0.250455708656879E+02
    0.254059351370845E+02
    0.257714844170967E+02
    0.261422933088872E+02
    0.265184374890271E+02
    0.268999937229402E+02
    0.272870398805700E+02
    0.276796549522717E+02
    0.280779190649327E+02
    0.284819134983257E+02
    0.288917207016964E+02
    0.293074243105904E+02
    0.297291091639216E+02
    0.301568613212870E+02
    0.305907680805299E+02
    0.310309179955560E+02
    0.314774008944064E+02
    0.319303078975897E+02
    0.323897314366784E+02
    0.328557652731731E+02
    0.333285045176374E+02
    0.338080456491091E+02
    0.342944865347895E+02
    0.347879264500170E+02
    0.352884660985280E+02
    0.357962076330082E+02
    0.363112546759413E+02
    0.368337123407564E+02
    0.373636872532800E+02
    0.379012875734969E+02
    0.384466230176241E+02
    0.389998048805022E+02
    0.395609460583089E+02
    0.401301610715994E+02
    0.407075660886787E+02
    0.412932789493094E+02
    0.418874191887613E+02
    0.424901080622066E+02
    0.431014685694664E+02
    0.437216254801130E+02
    0.443507053589338E+02
    0.449888365917608E+02
    0.456361494116728E+02
    0.462927759255735E+02
    0.469588501411530E+02
    0.476345079942365E+02
    0.483198873765268E+02
    0.490151281637461E+02
    0.497203722441823E+02
    0.504357635476465E+02
    0.511614480748470E+02
    0.518975739271855E+02
    0.526442913369828E+02
    0.534017526981387E+02
    0.541701125972334E+02
    0.549495278450765E+02
    0.557401575087094E+02
    0.565421629438689E+02
    0.573557078279171E+02
    0.581809581932458E+02
    0.590180824611613E+02
    0.598672514762563E+02
    0.607286385412772E+02
    0.616024194524923E+02
    0.624887725355691E+02
    0.633878786819684E+02
    0.642999213858610E+02
    0.652250867815766E+02
    0.661635636815906E+02
    0.671155436150582E+02
    0.680812208669027E+02
    0.690607925174659E+02
    0.700544584827294E+02
    0.710624215551146E+02
    0.720848874448694E+02
    0.731220648220507E+02
    0.741741653591107E+02
    0.752414037740964E+02
    0.763239978744702E+02
    0.774221686015611E+02
    0.785361400756554E+02
    0.796661396417367E+02
    0.808123979158834E+02
    0.819751488323339E+02
    0.831546296912293E+02
    0.843510812070427E+02
    0.855647475577055E+02
    0.867958764344404E+02
    0.880447190923116E+02
    0.893115304015021E+02
    0.905965688993290E+02
    0.919000968430071E+02
    0.932223802631716E+02
    0.945636890181711E+02
    0.959242968491416E+02
    0.973044814358732E+02
    0.987045244534798E+02
    0.100124711629886E+03
r*potential (L=0) in Ry
    0.000000000000000E+00
    0.328851869223181E-05
    0.662435338969881E-05
    0.100081848865703E-04
    0.134407037724474E-04
    0.169226105733021E-04
    0.204546158944439E-04
    0.240374405655442E-04
    0.276718157877466E-04
    0.313584832828943E-04
    0.350981954449044E-04
    0.388917154933202E-04
    0.427398176290733E-04
    0.466432871924860E-04
    0.506029208235478E-04
    0.546195266244980E-04
    0.586939243247467E-04
    0.628269454481700E-04
    0.670194334828112E-04
    0.712722440530245E-04
    0.755862450940948E-04
    0.799623170293706E-04
    0.844013529499452E-04
    0.889042587969235E-04
    0.934719535463106E-04
    0.981053693965618E-04
    0.102805451958830E-03
    0.107573160449950E-03
    0.112409467888202E-03
    0.117315361291890E-03
    0.122291841880776E-03
    0.127339925280414E-03
    0.132460641729428E-03
    0.137655036289762E-03
    0.142924169059967E-03
    0.148269115391548E-03
    0.153690966108430E-03
    0.159190827729575E-03
    0.164769822694810E-03
    0.170429089593898E-03
    0.176169783398909E-03
    0.181993075699930E-03
    0.187900154944170E-03
    0.193892226678507E-03
    0.199970513795518E-03
    0.206136256783055E-03
    0.212390713977413E-03
    0.218735161820131E-03
    0.225170895118502E-03
    0.231699227309817E-03
    0.238321490729424E-03
    0.245039036882635E-03
    0.251853236720548E-03
    0.258765480919836E-03
    0.265777180166567E-03
    0.272889765444103E-03
    0.280104688325141E-03
    0.287423421267957E-03
    0.294847457916915E-03
    0.302378313407295E-03
    0.310017524674513E-03
    0.317766650767781E-03
    0.325627273168293E-03
    0.333600996111975E-03
    0.341689446916889E-03
    0.349894276315344E-03
    0.358217158790785E-03
    0.366659792919532E-03
    0.375223901717431E-03
    0.383911232991499E-03
    0.392723559696622E-03
    0.401662680297391E-03
    0.410730419135143E-03
    0.419928626800277E-03
    0.429259180509938E-03
    0.438723984491123E-03
    0.448324970369310E-03
    0.458064097562671E-03
    0.467943353681960E-03
    0.477964754936158E-03
    0.488130346543946E-03
    0.498442203151109E-03
    0.508902429253935E-03
    0.519513159628714E-03
    0.530276559767414E-03
    0.541194826319625E-03
    0.552270187540861E-03
    0.563504903747317E-03
    0.574901267777161E-03
    0.586461605458471E-03
    0.598188276083903E-03
    0.610083672892182E-03
    0.622150223556531E-03
    0.634390390680122E-03
    0.646806672298654E-03
    0.659401602390165E-03
    0.672177751392183E-03
    0.685137726726307E-03
    0.698284173330348E-03
    0.711619774198117E-03
    0.725147250926989E-03
    0.738869364273334E-03
    0.752788914715949E-03
    0.766908743027593E-03
    0.781231730854747E-03
    0.795760801305711E-03
    0.810498919547172E-03
    0.825449093409342E-03
    0.840614373999820E-03
    0.855997856326269E-03
    0.871602679928063E-03
    0.887432029517021E-03
    0.903489135627356E-03
    0.919777275274979E-03
    0.936299772626289E-03
    0.953059999676583E-03
    0.970061376938231E-03
    0.987307374138747E-03
    0.100480151092891E-02
    0.102254735760108E-02
    0.104054853581782E-02
    0.105880871935103E-02
    0.107733163483171E-02
    0.109612106251054E-02
    0.111518083702929E-02
    0.113451484820350E-02
    0.115412704181627E-02
    0.117402142042357E-02
    0.119420204417108E-02
    0.121467303162280E-02
    0.123543856060162E-02
    0.125650286904188E-02
    0.127787025585436E-02
    0.129954508180352E-02
    0.132153177039755E-02
    0.134383480879109E-02
    0.136645874870099E-02
    0.138940820733528E-02
    0.141268786833540E-02
    0.143630248273215E-02
    0.146025686991521E-02
    0.148455591861677E-02
    0.150920458790919E-02
    0.153420790821711E-02
    0.155957098234405E-02
    0.158529898651382E-02
    0.161139717142691E-02
    0.163787086333205E-02
    0.166472546511326E-02
    0.169196645739241E-02
    0.171959939964782E-02
    0.174762993134879E-02
    0.177606377310652E-02
    0.180490672784166E-02
    0.183416468196851E-02
    0.186384360659640E-02
    0.189394955874822E-02
    0.192448868259666E-02
    0.195546721071802E-02
    0.198689146536426E-02
    0.201876785975320E-02
    0.205110289937740E-02
    0.208390318333176E-02
    0.211717540566035E-02
    0.215092635672246E-02
    0.218516292457846E-02
    0.221989209639552E-02
    0.225512095987353E-02
    0.229085670469159E-02
    0.232710662397532E-02
    0.236387811578518E-02
    0.240117868462637E-02
    0.243901594298027E-02
    0.247739761285805E-02
    0.251633152737659E-02
    0.255582563235703E-02
    0.259588798794639E-02
    0.263652677026246E-02
    0.267775027306241E-02
    0.271956690943534E-02
    0.276198521351927E-02
    0.280501384224272E-02
    0.284866157709145E-02
    0.289293732590055E-02
    0.293785012467236E-02
    0.298340913942050E-02
    0.302962366804045E-02
    0.307650314220703E-02
    0.312405712929923E-02
    0.317229533435265E-02
    0.322122760204007E-02
    0.327086391868053E-02
    0.332121441427727E-02
    0.337228936458503E-02
    0.342409919320706E-02
    0.347665447372231E-02
    0.352996593184323E-02
    0.358404444760456E-02
    0.363890105758369E-02
    0.369454695715292E-02
    0.375099350276406E-02
    0.380825221426601E-02
    0.386633477725558E-02
    0.392525304546218E-02
    0.398501904316680E-02
    0.404564496765577E-02
    0.410714319170982E-02
    0.416952626612898E-02
    0.423280692229373E-02
    0.429699807476305E-02
    0.436211282390980E-02
    0.442816445859405E-02
    0.449516645887479E-02
    0.456313249876069E-02
    0.463207644900045E-02
    0.470201237991320E-02
    0.477295456425969E-02
    0.484491748015471E-02
    0.491791581402144E-02
    0.499196446358823E-02
    0.506707854092856E-02
    0.514327337554467E-02
    0.522056451749546E-02
    0.529896774056952E-02
    0.537849904550369E-02
    0.545917466324786E-02
    0.554101105827684E-02
    0.562402493194975E-02
    0.570823322591770E-02
    0.579365312558056E-02
    0.588030206359334E-02
    0.596819772342299E-02
    0.605735804295635E-02
    0.614780121815998E-02
    0.623954570679257E-02
    0.633261023217071E-02
    0.642701378698879E-02
    0.652277563719382E-02
    0.661991532591593E-02
    0.671845267745532E-02
    0.681840780132657E-02
    0.691980109636101E-02
    0.702265325486805E-02
    0.712698526685631E-02
    0.723281842431536E-02
    0.734017432555906E-02
    0.744907487963117E-02
    0.755954231077430E-02
    0.767159916296309E-02
    0.778526830450241E-02
    0.790057293269166E-02
    0.801753657855598E-02
    0.813618311164546E-02
    0.825653674490321E-02
    0.837862203960328E-02
    0.850246391035957E-02
    0.862808763020646E-02
    0.875551883575251E-02
    0.888478353240799E-02
    0.901590809968748E-02
    0.914891929658853E-02
    0.928384426704740E-02
    0.942071054547312E-02
    0.955954606236086E-02
    0.970037914998580E-02
    0.984323854817858E-02
    0.998815341018356E-02
    0.101351533086010E-01
    0.102842682414145E-01
    0.104355286381044E-01
    0.105889653658492E-01
    0.107446097358156E-01
    0.109024935095382E-01
    0.110626489053914E-01
    0.112251086051529E-01
    0.113899057606616E-01
    0.115570740005707E-01
    0.117266474371974E-01
    0.118986606734703E-01
    0.120731488099759E-01
    0.122501474521065E-01
    0.124296927173092E-01
    0.126118212424392E-01
    0.127965701912173E-01
    0.129839772617945E-01
    0.131740806944238E-01
    0.133669192792416E-01
    0.135625323641602E-01
    0.137609598628724E-01
    0.139622422629697E-01
    0.141664206341769E-01
    0.143735366367028E-01
    0.145836325297102E-01
    0.147967511799060E-01
    0.150129360702529E-01
    0.152322313088055E-01
    0.154546816376705E-01
    0.156803324420950E-01
    0.159092297596826E-01
    0.161414202897401E-01
    0.163769514027565E-01
    0.166158711500159E-01
    0.168582282733454E-01
    0.171040722150011E-01
    0.173534531276931E-01
    0.176064218847516E-01
    0.178630300904357E-01
    0.181233300903869E-01
    0.183873749822299E-01
    0.186552186263206E-01
    0.189269156566459E-01
    0.192025214918744E-01
    0.194820923465625E-01
    0.197656852425157E-01
    0.200533580203086E-01
    0.203451693509641E-01
    0.206411787477956E-01
    0.209414465784123E-01
    0.212460340768904E-01
    0.215550033561125E-01
    0.218684174202768E-01
    0.221863401775778E-01
    0.225088364530604E-01
    0.228359720016510E-01
    0.231678135213647E-01
    0.235044286666935E-01
    0.238458860621749E-01
    0.241922553161452E-01
    0.245436070346773E-01
    0.249000128357062E-01
    0.252615453633441E-01
    0.256282783023862E-01
    0.260002863930096E-01
    0.263776454456669E-01
    0.267604323561767E-01
    0.271487251210120E-01
    0.275426028527889E-01
    0.279421457959568E-01
    0.283474353426921E-01
    0.287585540489964E-01
    0.291755856510012E-01
    0.295986150814806E-01
    0.300277284865725E-01
    0.304630132427105E-01
    0.309045579737674E-01
    0.313524525684110E-01
    0.318067881976734E-01
    0.322676573327354E-01
    0.327351537629246E-01
    0.332093726139311E-01
    0.336904103662375E-01
    0.341783648737666E-01
    0.346733353827453E-01
    0.351754225507849E-01
    0.356847284661774E-01
    0.362013566674084E-01
    0.367254121628841E-01
    0.372570014508727E-01
    0.377962325396593E-01
    0.383432149679111E-01
    0.388980598252531E-01
    0.394608797730509E-01
    0.400317890653983E-01
    0.406109035703075E-01
    0.411983407910975E-01
    0.417942198879784E-01
    0.423986616998265E-01
    0.430117887661455E-01
    0.436337253492097E-01
    0.442645974563819E-01
    0.449045328626012E-01
    0.455536611330330E-01
    0.462121136458737E-01
    0.468800236153014E-01
    0.475575261145645E-01
    0.482447580991967E-01
    0.489418584303494E-01
    0.496489678982279E-01
    0.503662292456199E-01
    0.510937871915023E-01
    0.518317884547101E-01
    0.525803817776535E-01
    0.533397179500632E-01
    0.541099498327468E-01
    0.548912323813356E-01
    0.556837226699991E-01
    0.564875799151048E-01
    0.573029654987977E-01
    0.581300429924715E-01
    0.589689781801034E-01
    0.598199390814211E-01
    0.606830959748679E-01
    0.615586214203302E-01
    0.624466902815892E-01
    0.633474797484558E-01
    0.642611693585435E-01
    0.651879410186341E-01
    0.661279790255842E-01
    0.670814700867191E-01
    0.680486033396579E-01
    0.690295703715066E-01
    0.700245652373557E-01
    0.710337844780104E-01
    0.720574271368815E-01
    0.730956947759557E-01
    0.741487914907615E-01
    0.752169239242409E-01
    0.763003012794308E-01
    0.773991353308520E-01
    0.785136404344973E-01
    0.796440335363030E-01
    0.807905341789808E-01
    0.819533645070802E-01
    0.831327492701403E-01
    0.843289158237865E-01
    0.855420941286120E-01
    0.867725167466799E-01
    0.880204188354667E-01
    0.892860381390619E-01
    0.905696149764219E-01
    0.918713922264679E-01
    0.931916153098038E-01
    0.945305321668147E-01
    0.958883932318958E-01
    0.972654514035429E-01
    0.986619620100223E-01
    0.100078182770320E+00
    0.101514373750054E+00
    0.102970797312010E+00
    0.104447718060952E+00
    0.105945402782327E+00
    0.107464120374467E+00
    0.109004141773868E+00
    0.110565739873110E+00
    0.112149189430937E+00
    0.113754766974017E+00
    0.115382750689849E+00
    0.117033420310272E+00
    0.118707056985004E+00
    0.120403943144581E+00
    0.122124362352084E+00
    0.123868599142941E+00
    0.125636938852126E+00
    0.127429667427985E+00
    0.129247071231918E+00
    0.131089436823080E+00
    0.132957050727246E+00
    0.134850199188931E+00
    0.136769167905806E+00
    0.138714241744435E+00
    0.140685704436265E+00
    0.142683838252813E+00
    0.144708923658889E+00
    0.146761238942691E+00
    0.148841059821518E+00
    0.150948659021844E+00
    0.153084305832394E+00
    0.155248265628850E+00
    0.157440799368747E+00
    0.159662163055076E+00
    0.161912607167042E+00
    0.164192376056414E+00
    0.166501707307809E+00
    0.168840831061239E+00
    0.171209969295194E+00
    0.173609335068500E+00
    0.176039131719132E+00
    0.178499552018158E+00
    0.180990777276940E+00
    0.183512976405704E+00
    0.186066304921567E+00
    0.188650903904111E+00
    0.191266898896586E+00
    0.193914398750828E+00
    0.196593494414025E+00
    0.199304257655453E+00
    0.202046739731403E+00
    0.204820969986541E+00
    0.207626954390045E+00
    0.210464674004966E+00
    0.213334083389359E+00
    0.216235108927906E+00
    0.219167647092888E+00
    0.222131562633598E+00
    0.225126686693468E+00
    0.228152814854501E+00
    0.231209705108829E+00
    0.234297075757604E+00
    0.237414603237767E+00
    0.240561919877665E+00
    0.243738611582952E+00
    0.246944215454694E+00
    0.250178217342174E+00
    0.253440049333491E+00
    0.256729087187697E+00
    0.260044647712941E+00
    0.263385986095846E+00
    0.266752293188179E+00
    0.270142692757730E+00
    0.273556238711262E+00
    0.276991912298372E+00
    0.280448619306116E+00
    0.283925187255331E+00
    0.287420362610677E+00
    0.290932808017563E+00
    0.294461099580243E+00
    0.298003724196532E+00
    0.301559076965689E+00
    0.305125458687143E+00
    0.308701073468721E+00
    0.312284026464022E+00
    0.315872321759385E+00
    0.319463860431560E+00
    0.323056438797660E+00
    0.326647746879207E+00
    0.330235367101950E+00
    0.333816773252708E+00
    0.337389329713573E+00
    0.340950290992358E+00
    0.344496801566169E+00
    0.348025896052188E+00
    0.351534499716199E+00
    0.355019429324849E+00
    0.358477394342048E+00
    0.361904998463094E+00
    0.365298741471911E+00
    0.368655021397072E+00
    0.371970136930840E+00
    0.375240290062120E+00
    0.378461588858789E+00
    0.381630050317158E+00
    0.384741603176118E+00
    0.387792090570585E+00
    0.390777272373070E+00
    0.393692827043264E+00
    0.396534352773325E+00
    0.399297367680891E+00
    0.401977308762577E+00
    0.404569529277752E+00
    0.407069294185647E+00
    0.409471773208348E+00
    0.411772031037986E+00
    0.413965014148698E+00
    0.416045533612792E+00
    0.418008243256585E+00
    0.419847612424909E+00
    0.421557892555102E+00
    0.423133076692293E+00
    0.424566851008883E+00
    0.425852537323873E+00
    0.426983025553456E+00
    0.427950694965125E+00
    0.428747323055548E+00
    0.429363980830240E+00
    0.429790913233542E+00
    0.430017403463850E+00
    0.430031619915257E+00
    0.429820444516770E+00
    0.429369281298733E+00
    0.428661844107820E+00
    0.427679922522391E+00
    0.426403125194682E+00
    0.424808600071174E+00
    0.422870731223562E+00
    0.420560812366272E+00
    0.417846697548349E+00
    0.414692429993683E+00
    0.411057850629176E+00
    0.406898188490234E+00
    0.402163635930375E+00
    0.396798912389082E+00
    0.390742821389641E+00
    0.383927806444985E+00
    0.376279512640157E+00
    0.367716361827389E+00
    0.358149150603110E+00
    0.347480681519942E+00
    0.335605439301312E+00
    0.322409325146439E+00
    0.307769463508542E+00
    0.291554096962533E+00
    0.273622585907206E+00
    0.253825530821819E+00
    0.232005035562386E+00
    0.207995130677535E+00
    0.181622375880510E+00
    0.152706660561698E+00
    0.121062220490558E+00
    0.864988875615636E-01
    0.488235875110331E-01
    0.784209789967693E-02
   -0.366389247446897E-01
   -0.848096439518397E-01
   -0.136854468910844E+00
   -0.192949213019374E+00
   -0.253257998585483E+00
   -0.317929928559339E+00
   -0.387095554613499E+00
   -0.460863179990971E+00
   -0.539315045147590E+00
   -0.622503454129489E+00
   -0.710446909598454E+00
   -0.803126334149012E+00
   -0.900481464704107E+00
   -0.100240751493986E+01
   -0.110875220744542E+01
   -0.121931328221529E+01
   -0.133383659062790E+01
   -0.145201488381915E+01
   -0.157348740086765E+01
   -0.169784035507288E+01
   -0.182460840550201E+01
   -0.195327718568259E+01
   -0.208328694172967E+01
   -0.221403730837917E+01
   -0.234489322359758E+01
   -0.247519195109831E+01
   -0.260425114588138E+01
   -0.273137786171446E+01
   -0.285587836239692E+01
   -0.297706856200433E+01
   -0.309428488457820E+01
   -0.320689530251011E+01
   -0.331431028683756E+01
   -0.341599338347783E+01
   -0.351147111863363E+01
   -0.360034193557417E+01
   -0.368228387480031E+01
   -0.375706073092337E+01
   -0.382452645262931E+01
   -0.388462759651435E+01
   -0.393740370041906E+01
   -0.398298550558624E+01
   -0.402159102735557E+01
   -0.405351954846930E+01
   -0.407914368423750E+01
   -0.409889974133401E+01
   -0.411327665826918E+01
   -0.412280387209440E+01
   -0.412803849941293E+01
   -0.412955224759621E+01
   -0.412791848225641E+01
   -0.412369986842459E+01
   -0.411743697547941E+01
   -0.410963819069987E+01
   -0.410077122549286E+01
   -0.409125642497316E+01
   -0.408146200956822E+01
   -0.407170129117927E+01
   -0.406223182093636E+01
   -0.405325634547917E+01
   -0.404492537834753E+01
   -0.403734113615930E+01
   -0.403056254852835E+01
   -0.402461102773368E+01
   -0.401947667936289E+01
   -0.401512464766013E+01
   -0.401150131712595E+01
   -0.400854013213249E+01
   -0.400616684536087E+01
   -0.400430405982088E+01
   -0.400287498414305E+01
   -0.400180637310271E+01
   -0.400103067186854E+01
   -0.400048742094791E+01
   -0.400012400778287E+01
   -0.399989586988269E+01
   -0.399976626354558E+01
   -0.399970571261162E+01
   -0.399969124481044E+01
   -0.399970551094910E+01
   -0.399973586636277E+01
   -0.399977347658140E+01
   -0.399981249167738E+01
   -0.399984931755065E+01
   -0.399988199839245E+01
   -0.399990971327466E+01
   -0.399993238141497E+01
   -0.399995036505562E+01
   -0.399996425574352E+01
   -0.399997472866383E+01
   -0.399998245005405E+01
   -0.399998802412167E+01
   -0.399999196786752E+01
   -0.399999470442294E+01
   -0.399999656767944E+01
   -0.399999781294891E+01
   -0.399999863004602E+01
   -0.399999915649775E+01
   -0.399999948956912E+01
   -0.399999969648732E+01
   -0.399999982270048E+01
   -0.399999989827809E+01
   -0.399999994269828E+01
   -0.399999996831729E+01
   -0.399999998281223E+01
   -0.399999999085494E+01
   -0.399999999522979E+01
   -0.399999999756178E+01
   -0.399999999877938E+01
   -0.399999999940181E+01
   -0.399999999971318E+01
   -0.399999999986552E+01
   -0.399999999993838E+01
   -0.399999999997243E+01
   -0.399999999998796E+01
   -0.399999999999487E+01
   -0.399999999999787E+01
   -0.399999999999914E+01
   -0.399999999999966E+01
   -0.399999999999987E+01
   -0.399999999999995E+01
   -0.399999999999998E+01
   -0.399999999999999E+01
   -0.400000000000000E+01
   -0.400000000000000E+01
   -0.400000000000000E+01
   -0.400000000000000E+01
   -0.400000000000000E+01
   -0.400000000000000E+01
   -0.400000000000000E+01
   -0.400000000000000E+01
   -0.400000000000000E+01
   -0.400000000000000E+01
   -0.400000000000000E+01
   -0.400000000000000E+01
   -0.400000000000000E+01
   -0.400000000000000E+01
   -0.400000000000000E+01
   -0.400000000000000E+01
   -0.400000000000000E+01
   -0.400000000000000E+01
   -0.400000000000000E+01
   -0.400000000000000E+01
   -0.400000000000000E+01
   -0.400000000000000E+01
   -0.400000000000000E+01
   -0.400000000000000E+01
   -0.400000000000000E+01
   -0.400000000000000E+01
   -0.400000000000000E+01
   -0.400000000000000E+01
   -0.400000000000000E+01
   -0.400000000000000E+01
   -0.400000000000000E+01
   -0.400000000000000E+01
   -0.400000000000000E+01
   -0.400000000000000E+01
   -0.400000000000000E+01
   -0.400000000000000E+01
   -0.400000000000000E+01
   -0.400000000000000E+01
   -0.400000000000000E+01
   -0.400000000000000E+01
   -0.400000000000000E+01
   -0.400000000000000E+01
   -0.400000000000000E+01
   -0.400000000000000E+01
   -0.400000000000000E+01
   -0.400000000000000E+01
   -0.400000000000000E+01
   -0.400000000000000E+01
   -0.400000000000000E+01
   -0.400000000000000E+01
   -0.400000000000000E+01
   -0.400000000000000E+01
   -0.400000000000000E+01
   -0.400000000000000E+01
   -0.400000000000000E+01
   -0.400000000000000E+01
   -0.400000000000000E+01
   -0.400000000000000E+01
   -0.400000000000000E+01
   -0.400000000000000E+01
   -0.400000000000000E+01
   -0.400000000000000E+01
   -0.400000000000000E+01
   -0.400000000000000E+01
   -0.400000000000000E+01
   -0.400000000000000E+01
   -0.400000000000000E+01
   -0.400000000000000E+01
   -0.400000000000000E+01
   -0.400000000000000E+01
   -0.400000000000000E+01
   -0.400000000000000E+01
   -0.400000000000000E+01
   -0.400000000000000E+01
   -0.400000000000000E+01
   -0.400000000000000E+01
   -0.400000000000000E+01
   -0.400000000000000E+01
   -0.400000000000000E+01
   -0.400000000000000E+01
   -0.400000000000000E+01
   -0.400000000000000E+01
   -0.400000000000000E+01
   -0.400000000000000E+01
   -0.400000000000000E+01
   -0.400000000000000E+01
   -0.400000000000000E+01
   -0.400000000000000E+01
   -0.400000000000000E+01
   -0.400000000000000E+01
   -0.400000000000000E+01
   -0.400000000000000E+01
   -0.400000000000000E+01
   -0.400000000000000E+01
   -0.400000000000000E+01
   -0.400000000000000E+01
   -0.400000000000000E+01
   -0.400000000000000E+01
   -0.400000000000000E+01
   -0.400000000000000E+01
   -0.400000000000000E+01
   -0.400000000000000E+01
   -0.400000000000000E+01
   -0.400000000000000E+01
   -0.400000000000000E+01
   -0.400000000000000E+01
   -0.400000000000000E+01
   -0.400000000000000E+01
   -0.400000000000000E+01
   -0.400000000000000E+01
   -0.400000000000000E+01
   -0.400000000000000E+01
   -0.400000000000000E+01
   -0.400000000000000E+01
   -0.400000000000000E+01
   -0.400000000000000E+01
   -0.400000000000000E+01
   -0.400000000000000E+01
   -0.400000000000000E+01
   -0.400000000000000E+01
   -0.400000000000000E+01
   -0.400000000000000E+01
   -0.400000000000000E+01
   -0.400000000000000E+01
   -0.400000000000000E+01
   -0.400000000000000E+01
   -0.400000000000000E+01
   -0.400000000000000E+01
   -0.400000000000000E+01
   -0.400000000000000E+01
   -0.400000000000000E+01
   -0.400000000000000E+01
   -0.400000000000000E+01
   -0.400000000000000E+01
   -0.400000000000000E+01
   -0.400000000000000E+01
   -0.400000000000000E+01
   -0.400000000000000E+01
   -0.400000000000000E+01
   -0.400000000000000E+01
   -0.400000000000000E+01
   -0.400000000000000E+01
   -0.400000000000000E+01
   -0.400000000000000E+01
   -0.400000000000000E+01
   -0.400000000000000E+01
   -0.400000000000000E+01
   -0.400000000000000E+01
   -0.400000000000000E+01
   -0.400000000000000E+01
   -0.400000000000000E+01
   -0.400000000000000E+01
   -0.400000000000000E+01
   -0.400000000000000E+01
   -0.400000000000000E+01
   -0.400000000000000E+01
   -0.400000000000000E+01
   -0.400000000000000E+01
   -0.400000000000000E+01
   -0.400000000000000E+01
   -0.400000000000000E+01
   -0.400000000000000E+01
   -0.400000000000000E+01
   -0.400000000000000E+01
   -0.400000000000000E+01
   -0.400000000000000E+01
   -0.400000000000000E+01
   -0.400000000000000E+01
   -0.400000000000000E+01
   -0.400000000000000E+01
   -0.400000000000000E+01
   -0.400000000000000E+01
   -0.400000000000000E+01
   -0.400000000000000E+01
   -0.400000000000000E+01
   -0.400000000000000E+01
   -0.400000000000000E+01
   -0.400000000000000E+01
   -0.400000000000000E+01
   -0.400000000000000E+01
   -0.400000000000000E+01
   -0.400000000000000E+01
   -0.400000000000000E+01
   -0.400000000000000E+01
   -0.400000000000000E+01
   -0.400000000000000E+01
   -0.400000000000000E+01
   -0.400000000000000E+01
   -0.400000000000000E+01
   -0.400000000000000E+01
   -0.400000000000000E+01
   -0.400000000000000E+01
   -0.400000000000000E+01
   -0.400000000000000E+01
   -0.400000000000000E+01
   -0.400000000000000E+01
   -0.400000000000000E+01
   -0.400000000000000E+01
   -0.400000000000000E+01
   -0.400000000000000E+01
   -0.400000000000000E+01
   -0.400000000000000E+01
   -0.400000000000000E+01
   -0.400000000000000E+01
   -0.400000000000000E+01
   -0.400000000000000E+01
   -0.400000000000000E+01
   -0.400000000000000E+01
   -0.400000000000000E+01
   -0.400000000000000E+01
   -0.400000000000000E+01
   -0.400000000000000E+01
   -0.400000000000000E+01
   -0.400000000000000E+01
   -0.400000000000000E+01
r*potential (L=1) in Ry
    0.000000000000000E+00
   -0.227818585659288E-04
   -0.458915080432242E-04
   -0.693336647670905E-04
   -0.931131129325080E-04
   -0.117234705570615E-03
   -0.141703365539142E-03
   -0.166524086527088E-03
   -0.191701934073865E-03
   -0.217242046603094E-03
   -0.243149636471282E-03
   -0.269429991031589E-03
   -0.296088473712893E-03
   -0.323130525114390E-03
   -0.350561664115939E-03
   -0.378387489004380E-03
   -0.406613678616064E-03
   -0.435245993495819E-03
   -0.464290277072589E-03
   -0.493752456851993E-03
   -0.523638545626038E-03
   -0.553954642700245E-03
   -0.584706935138421E-03
   -0.615901699025351E-03
   -0.647545300747648E-03
   -0.679644198293046E-03
   -0.712204942568371E-03
   -0.745234178736486E-03
   -0.778738647572473E-03
   -0.812725186839320E-03
   -0.847200732683411E-03
   -0.882172321050086E-03
   -0.917647089119576E-03
   -0.953632276763592E-03
   -0.990135228022879E-03
   -0.102716339260602E-02
   -0.106472432740982E-02
   -0.110282569806154E-02
   -0.114147528048336E-02
   -0.118068096247929E-02
   -0.122045074534502E-02
   -0.126079274550079E-02
   -0.130171519614788E-02
   -0.134322644894886E-02
   -0.138533497573207E-02
   -0.142804937022053E-02
   -0.147137834978589E-02
   -0.151533075722741E-02
   -0.155991556257672E-02
   -0.160514186492843E-02
   -0.165101889429714E-02
   -0.169755601350114E-02
   -0.174476272007322E-02
   -0.179264864819897E-02
   -0.184122357068300E-02
   -0.189049740094340E-02
   -0.194048019503491E-02
   -0.199118215370124E-02
   -0.204261362445688E-02
   -0.209478510369886E-02
   -0.214770723884893E-02
   -0.220139083052652E-02
   -0.225584683475301E-02
   -0.231108636518765E-02
   -0.236712069539574E-02
   -0.242396126114936E-02
   -0.248161966276128E-02
   -0.254010766745235E-02
   -0.259943721175308E-02
   -0.265962040393967E-02
   -0.272066952650513E-02
   -0.278259703866597E-02
   -0.284541557890495E-02
   -0.290913796755034E-02
   -0.297377720939246E-02
   -0.303934649633769E-02
   -0.310585921010075E-02
   -0.317332892493573E-02
   -0.324176941040639E-02
   -0.331119463419631E-02
   -0.338161876495951E-02
   -0.345305617521203E-02
   -0.352552144426515E-02
   -0.359902936120084E-02
   -0.367359492788998E-02
   -0.374923336205399E-02
   -0.382596010037057E-02
   -0.390379080162410E-02
   -0.398274134990135E-02
   -0.406282785783317E-02
   -0.414406666988288E-02
   -0.422647436568190E-02
   -0.431006776341341E-02
   -0.439486392324470E-02
   -0.448088015080890E-02
   -0.456813400073678E-02
   -0.465664328023941E-02
   -0.474642605274234E-02
   -0.483750064157208E-02
   -0.492988563369561E-02
   -0.502359988351371E-02
   -0.511866251670887E-02
   -0.521509293414852E-02
   -0.531291081584452E-02
   -0.541213612496950E-02
   -0.551278911193110E-02
   -0.561489031850471E-02
   -0.571846058202582E-02
   -0.582352103964254E-02
   -0.593009313262942E-02
   -0.603819861076328E-02
   -0.614785953676202E-02
   -0.625909829078729E-02
   -0.637193757501196E-02
   -0.648640041825327E-02
   -0.660251018067271E-02
   -0.672029055854344E-02
   -0.683976558908636E-02
   -0.696095965537578E-02
   -0.708389749131560E-02
   -0.720860418668716E-02
   -0.733510519226967E-02
   -0.746342632503439E-02
   -0.759359377341339E-02
   -0.772563410264434E-02
   -0.785957426019199E-02
   -0.799544158124779E-02
   -0.813326379430858E-02
   -0.827306902683558E-02
   -0.841488581099479E-02
   -0.855874308947997E-02
   -0.870467022141940E-02
   -0.885269698836769E-02
   -0.900285360038371E-02
   -0.915517070219604E-02
   -0.930967937945709E-02
   -0.946641116508724E-02
   -0.962539804571025E-02
   -0.978667246818120E-02
   -0.995026734620848E-02
   -0.101162160670710E-01
   -0.102845524984319E-01
   -0.104553109952507E-01
   -0.106285264067943E-01
   -0.108042340837497E-01
   -0.109824698854378E-01
   -0.111632701871326E-01
   -0.113466718874843E-01
   -0.115327124160499E-01
   -0.117214297409322E-01
   -0.119128623765281E-01
   -0.121070493913895E-01
   -0.123040304161958E-01
   -0.125038456518429E-01
   -0.127065358776465E-01
   -0.129121424596656E-01
   -0.131207073591440E-01
   -0.133322731410744E-01
   -0.135468829828849E-01
   -0.137645806832513E-01
   -0.139854106710356E-01
   -0.142094180143529E-01
   -0.144366484297701E-01
   -0.146671482916348E-01
   -0.149009646415407E-01
   -0.151381451979272E-01
   -0.153787383658189E-01
   -0.156227932467036E-01
   -0.158703596485537E-01
   -0.161214880959912E-01
   -0.163762298405987E-01
   -0.166346368713797E-01
   -0.168967619253683E-01
   -0.171626584983924E-01
   -0.174323808559911E-01
   -0.177059840444900E-01
   -0.179835239022349E-01
   -0.182650570709879E-01
   -0.185506410074869E-01
   -0.188403339951721E-01
   -0.191341951560806E-01
   -0.194322844629122E-01
   -0.197346627512694E-01
   -0.200413917320727E-01
   -0.203525340041552E-01
   -0.206681530670379E-01
   -0.209883133338894E-01
   -0.213130801446715E-01
   -0.216425197794741E-01
   -0.219766994720422E-01
   -0.223156874234975E-01
   -0.226595528162572E-01
   -0.230083658281529E-01
   -0.233621976467534E-01
   -0.237211204838930E-01
   -0.240852075904086E-01
   -0.244545332710899E-01
   -0.248291728998432E-01
   -0.252092029350750E-01
   -0.255947009352955E-01
   -0.259857455749477E-01
   -0.263824166604635E-01
   -0.267847951465517E-01
   -0.271929631527190E-01
   -0.276070039800304E-01
   -0.280270021281090E-01
   -0.284530433123823E-01
   -0.288852144815748E-01
   -0.293236038354534E-01
   -0.297683008428282E-01
   -0.302193962598117E-01
   -0.306769821483408E-01
   -0.311411518949662E-01
   -0.316120002299109E-01
   -0.320896232464036E-01
   -0.325741184202906E-01
   -0.330655846299290E-01
   -0.335641221763671E-01
   -0.340698328038142E-01
   -0.345828197204062E-01
   -0.351031876192685E-01
   -0.356310426998833E-01
   -0.361664926897634E-01
   -0.367096468664388E-01
   -0.372606160797584E-01
   -0.378195127745140E-01
   -0.383864510133889E-01
   -0.389615465002372E-01
   -0.395449166036975E-01
   -0.401366803811472E-01
   -0.407369586030008E-01
   -0.413458737773583E-01
   -0.419635501750080E-01
   -0.425901138547889E-01
   -0.432256926893191E-01
   -0.438704163910927E-01
   -0.445244165389539E-01
   -0.451878266049511E-01
   -0.458607819815776E-01
   -0.465434200094048E-01
   -0.472358800051119E-01
   -0.479383032899203E-01
   -0.486508332184365E-01
   -0.493736152079098E-01
   -0.501067967679117E-01
   -0.508505275304418E-01
   -0.516049592804675E-01
   -0.523702459869026E-01
   -0.531465438340322E-01
   -0.539340112533896E-01
   -0.547328089560920E-01
   -0.555430999656416E-01
   -0.563650496511985E-01
   -0.571988257613327E-01
   -0.580445984582621E-01
   -0.589025403525824E-01
   -0.597728265384979E-01
   -0.606556346295581E-01
   -0.615511447949102E-01
   -0.624595397960717E-01
   -0.633810050242335E-01
   -0.643157285380990E-01
   -0.652639011022688E-01
   -0.662257162261767E-01
   -0.672013702035870E-01
   -0.681910621526600E-01
   -0.691949940565940E-01
   -0.702133708048526E-01
   -0.712464002349853E-01
   -0.722942931750499E-01
   -0.733572634866460E-01
   -0.744355281085671E-01
   -0.755293071010822E-01
   -0.766388236908537E-01
   -0.777643043165028E-01
   -0.789059786748302E-01
   -0.800640797677029E-01
   -0.812388439496147E-01
   -0.824305109759331E-01
   -0.836393240518393E-01
   -0.848655298819736E-01
   -0.861093787207956E-01
   -0.873711244236685E-01
   -0.886510244986803E-01
   -0.899493401592100E-01
   -0.912663363772512E-01
   -0.926022819375035E-01
   -0.939574494922425E-01
   -0.953321156169798E-01
   -0.967265608669253E-01
   -0.981410698342615E-01
   -0.995759312062433E-01
   -0.101031437824134E+00
   -0.102507886742992E+00
   -0.104005579292312E+00
   -0.105524821137552E+00
   -0.107065922342531E+00
   -0.108629197432741E+00
   -0.110214965459555E+00
   -0.111823550065374E+00
   -0.113455279549706E+00
   -0.115110486936195E+00
   -0.116789510040617E+00
   -0.118492691539861E+00
   -0.120220379041895E+00
   -0.121972925156746E+00
   -0.123750687568500E+00
   -0.125554029108340E+00
   -0.127383317828637E+00
   -0.129238927078109E+00
   -0.131121235578059E+00
   -0.133030627499717E+00
   -0.134967492542693E+00
   -0.136932226014564E+00
   -0.138925228911599E+00
   -0.140946908000662E+00
   -0.142997675902280E+00
   -0.145077951174922E+00
   -0.147188158400479E+00
   -0.149328728270991E+00
   -0.151500097676608E+00
   -0.153702709794831E+00
   -0.155937014181038E+00
   -0.158203466860306E+00
   -0.160502530420566E+00
   -0.162834674107098E+00
   -0.165200373918384E+00
   -0.167600112703352E+00
   -0.170034380260008E+00
   -0.172503673435506E+00
   -0.175008496227645E+00
   -0.177549359887840E+00
   -0.180126783025572E+00
   -0.182741291714346E+00
   -0.185393419599170E+00
   -0.188083708005596E+00
   -0.190812706050315E+00
   -0.193580970753363E+00
   -0.196389067151929E+00
   -0.199237568415815E+00
   -0.202127055964549E+00
   -0.205058119586194E+00
   -0.208031357557859E+00
   -0.211047376767956E+00
   -0.214106792840206E+00
   -0.217210230259442E+00
   -0.220358322499210E+00
   -0.223551712151217E+00
   -0.226791051056636E+00
   -0.230077000439299E+00
   -0.233410231040805E+00
   -0.236791423257576E+00
   -0.240221267279873E+00
   -0.243700463232812E+00
   -0.247229721319410E+00
   -0.250809761965674E+00
   -0.254441315967775E+00
   -0.258125124641336E+00
   -0.261861939972850E+00
   -0.265652524773271E+00
   -0.269497652833800E+00
   -0.273398109083899E+00
   -0.277354689751559E+00
   -0.281368202525857E+00
   -0.285439466721828E+00
   -0.289569313447685E+00
   -0.293758585774419E+00
   -0.298008138907801E+00
   -0.302318840362833E+00
   -0.306691570140660E+00
   -0.311127220907991E+00
   -0.315626698179046E+00
   -0.320190920500071E+00
   -0.324820819636445E+00
   -0.329517340762411E+00
   -0.334281442653464E+00
   -0.339114097881425E+00
   -0.344016293012230E+00
   -0.348989028806467E+00
   -0.354033320422681E+00
   -0.359150197623495E+00
   -0.364340704984553E+00
   -0.369605902106326E+00
   -0.374946863828809E+00
   -0.380364680449124E+00
   -0.385860457942069E+00
   -0.391435318183619E+00
   -0.397090399177424E+00
   -0.402826855284303E+00
   -0.408645857454770E+00
   -0.414548593464599E+00
   -0.420536268153457E+00
   -0.426610103666603E+00
   -0.432771339699682E+00
   -0.439021233746606E+00
   -0.445361061350543E+00
   -0.451792116358012E+00
   -0.458315711176075E+00
   -0.464933177032647E+00
   -0.471645864239882E+00
   -0.478455142460652E+00
   -0.485362400978090E+00
   -0.492369048968172E+00
   -0.499476515775320E+00
   -0.506686251190976E+00
   -0.513999725735125E+00
   -0.521418430940710E+00
   -0.528943879640871E+00
   -0.536577606258969E+00
   -0.544321167101294E+00
   -0.552176140652394E+00
   -0.560144127872913E+00
   -0.568226752499843E+00
   -0.576425661349061E+00
   -0.584742524620019E+00
   -0.593179036202444E+00
   -0.601736913984872E+00
   -0.610417900164839E+00
   -0.619223761560526E+00
   -0.628156289923632E+00
   -0.637217302253238E+00
   -0.646408641110378E+00
   -0.655732174933045E+00
   -0.665189798351283E+00
   -0.674783432502036E+00
   -0.684515025343358E+00
   -0.694386551967567E+00
   -0.704400014912886E+00
   -0.714557444473080E+00
   -0.724860899004539E+00
   -0.735312465230241E+00
   -0.745914258539935E+00
   -0.756668423285875E+00
   -0.767577133073349E+00
   -0.778642591045202E+00
   -0.789867030159473E+00
   -0.801252713459202E+00
   -0.812801934333398E+00
   -0.824517016768047E+00
   -0.836400315585986E+00
   -0.848454216674355E+00
   -0.860681137198239E+00
   -0.873083525799021E+00
   -0.885663862775828E+00
   -0.898424660248353E+00
   -0.911368462299184E+00
   -0.924497845093651E+00
   -0.937815416975031E+00
   -0.951323818532809E+00
   -0.965025722641512E+00
   -0.978923834467451E+00
   -0.993020891440522E+00
   -0.100731966318798E+01
   -0.102182295142695E+01
   -0.103653358981208E+01
   -0.105145444373462E+01
   -0.106658841006890E+01
   -0.108193841686186E+01
   -0.109750742296097E+01
   -0.111329841757573E+01
   -0.112931441976730E+01
   -0.114555847786083E+01
   -0.116203366877428E+01
   -0.117874309725742E+01
   -0.119568989503419E+01
   -0.121287721984101E+01
   -0.123030825435350E+01
   -0.124798620499305E+01
   -0.126591430060478E+01
   -0.128409579099726E+01
   -0.130253394533428E+01
   -0.132123205036808E+01
   -0.134019340850287E+01
   -0.135942133567677E+01
   -0.137891915904980E+01
   -0.139869021448449E+01
   -0.141873784380527E+01
   -0.143906539182172E+01
   -0.145967620310029E+01
   -0.148057361846785E+01
   -0.150176097122992E+01
   -0.152324158308549E+01
   -0.154501875971915E+01
   -0.156709578605081E+01
   -0.158947592112191E+01
   -0.161216239259642E+01
   -0.163515839085372E+01
   -0.165846706264983E+01
   -0.168209150432206E+01
   -0.170603475451193E+01
   -0.173029978637957E+01
   -0.175488949928262E+01
   -0.177980670989147E+01
   -0.180505414271222E+01
   -0.183063441998790E+01
   -0.185655005094825E+01
   -0.188280342037766E+01
   -0.190939677647094E+01
   -0.193633221794624E+01
   -0.196361168038486E+01
   -0.199123692176786E+01
   -0.201920950718001E+01
   -0.204753079265292E+01
   -0.207620190811994E+01
   -0.210522373945768E+01
   -0.213459690959070E+01
   -0.216432175863893E+01
   -0.219439832309027E+01
   -0.222482631398483E+01
   -0.225560509410175E+01
   -0.228673365414461E+01
   -0.231821058792778E+01
   -0.235003406657272E+01
   -0.238220181173133E+01
   -0.241471106786249E+01
   -0.244755857359780E+01
   -0.248074053224402E+01
   -0.251425258148235E+01
   -0.254808976233858E+01
   -0.258224648751350E+01
   -0.261671650918014E+01
   -0.265149288637271E+01
   -0.268656795211231E+01
   -0.272193328043634E+01
   -0.275757965352185E+01
   -0.279349702911849E+01
   -0.282967450853304E+01
   -0.286610030543637E+01
   -0.290276171579303E+01
   -0.293964508924502E+01
   -0.297673580231357E+01
   -0.301401823381562E+01
   -0.305147574292570E+01
   -0.308909065034738E+01
   -0.312684422309217E+01
   -0.316471666339615E+01
   -0.320268710233566E+01
   -0.324073359873203E+01
   -0.327883314396067E+01
   -0.331696167330084E+01
   -0.335509408447819E+01
   -0.339320426406090E+01
   -0.343126512237121E+01
   -0.346924863756482E+01
   -0.350712590951046E+01
   -0.354486722406820E+01
   -0.358244212831605E+01
   -0.361981951720842E+01
   -0.365696773206473E+01
   -0.369385467117928E+01
   -0.373044791271370E+01
   -0.376671484987692E+01
   -0.380262283821491E+01
   -0.383813935461981E+01
   -0.387323216742566E+01
   -0.390786951668419E+01
   -0.394202030340872E+01
   -0.397565428623761E+01
   -0.400874228360229E+01
   -0.404125637909077E+01
   -0.407317012727872E+01
   -0.410445875686245E+01
   -0.413509936747665E+01
   -0.416507111612355E+01
   -0.419435538868875E+01
   -0.422293595158432E+01
   -0.425079907815646E+01
   -0.427793364413919E+01
   -0.430433118614587E+01
   -0.432998591698814E+01
   -0.435489469151943E+01
   -0.437905691674274E+01
   -0.440247440012630E+01
   -0.442515113046186E+01
   -0.444709298620770E+01
   -0.446830736710623E+01
   -0.448880274598134E+01
   -0.450858813902263E+01
   -0.452767249457099E+01
   -0.454606400244304E+01
   -0.456376932817233E+01
   -0.458079277919763E+01
   -0.459713541297155E+01
   -0.461279410016429E+01
   -0.462776055954689E+01
   -0.464202038468918E+01
   -0.465555208621260E+01
   -0.466832617689068E+01
   -0.468030433026241E+01
   -0.469143864646895E+01
   -0.470167106157632E+01
   -0.471093293852383E+01
   -0.471914487884765E+01
   -0.472621679427161E+01
   -0.473204827593527E+01
   -0.473652929625489E+01
   -0.473954127401885E+01
   -0.474095852717027E+01
   -0.474065012973581E+01
   -0.473848217948987E+01
   -0.473432047123861E+01
   -0.472803355719351E+01
   -0.471949616100351E+01
   -0.470859289595568E+01
   -0.469522222107583E+01
   -0.467930055191404E+01
   -0.466076642634077E+01
   -0.463958461045993E+01
   -0.461575001658754E+01
   -0.458929129502177E+01
   -0.456027395492002E+01
   -0.452880286784781E+01
   -0.449502401123375E+01
   -0.445912531867395E+01
   -0.442133652020205E+01
   -0.438192787844485E+01
   -0.434120775588266E+01
   -0.429951898374290E+01
   -0.425723404351703E+01
   -0.421474911646011E+01
   -0.417247710309712E+01
   -0.413083976177306E+01
   -0.409025916043764E+01
   -0.405114867676895E+01
   -0.401390381598501E+01
   -0.397889314093054E+01
   -0.394644962316363E+01
   -0.391686272511894E+01
   -0.389037151085747E+01
   -0.386715905599103E+01
   -0.384734838644279E+01
   -0.383100012197540E+01
   -0.381811193593539E+01
   -0.380861987026929E+01
   -0.380240146807200E+01
   -0.379928060872519E+01
   -0.379903385731082E+01
   -0.380139807465186E+01
   -0.380607898092532E+01
   -0.381276032758214E+01
   -0.382111331169167E+01
   -0.383080586511857E+01
   -0.384151146823822E+01
   -0.385291717304828E+01
   -0.386473057119367E+01
   -0.387668550520970E+01
   -0.388854639204168E+01
   -0.390011110199157E+01
   -0.391121240894289E+01
   -0.392171809455813E+01
   -0.393152984627065E+01
   -0.394058113334201E+01
   -0.394883427515075E+01
   -0.395627693053541E+01
   -0.396291823691683E+01
   -0.396878481460818E+01
   -0.397391682756410E+01
   -0.397836425976589E+01
   -0.398218352969860E+01
   -0.398543452711691E+01
   -0.398817811938138E+01
   -0.399047414141773E+01
   -0.399237985549603E+01
   -0.399394884552330E+01
   -0.399523029568652E+01
   -0.399626859477116E+01
   -0.399710320455264E+01
   -0.399776873224983E+01
   -0.399829515193900E+01
   -0.399870812685405E+01
   -0.399902939256464E+01
   -0.399927716924235E+01
   -0.399946657894350E+01
   -0.399961005063693E+01
   -0.399971770137724E+01
   -0.399979768652890E+01
   -0.399985651536291E+01
   -0.399989933082467E+01
   -0.399993015398879E+01
   -0.399995209485028E+01
   -0.399996753180814E+01
   -0.399997826260150E+01
   -0.399998562965302E+01
   -0.399999062282376E+01
   -0.399999396253071E+01
   -0.399999616605083E+01
   -0.399999759965274E+01
   -0.399999851897417E+01
   -0.399999909981277E+01
   -0.399999946123252E+01
   -0.399999968261949E+01
   -0.399999981605988E+01
   -0.399999989516858E+01
   -0.399999994127528E+01
   -0.399999996768126E+01
   -0.399999998253475E+01
   -0.399999999073686E+01
   -0.399999999518081E+01
   -0.399999999754199E+01
   -0.399999999877159E+01
   -0.399999999939883E+01
   -0.399999999971207E+01
   -0.399999999986512E+01
   -0.399999999993824E+01
   -0.399999999997238E+01
   -0.399999999998794E+01
   -0.399999999999487E+01
   -0.399999999999787E+01
   -0.399999999999914E+01
   -0.399999999999966E+01
   -0.399999999999987E+01
   -0.399999999999995E+01
   -0.399999999999998E+01
   -0.399999999999999E+01
   -0.400000000000000E+01
   -0.400000000000000E+01
   -0.400000000000000E+01
   -0.400000000000000E+01
   -0.400000000000000E+01
   -0.400000000000000E+01
   -0.400000000000000E+01
   -0.400000000000000E+01
   -0.400000000000000E+01
   -0.400000000000000E+01
   -0.400000000000000E+01
   -0.400000000000000E+01
   -0.400000000000000E+01
   -0.400000000000000E+01
   -0.400000000000000E+01
   -0.400000000000000E+01
   -0.400000000000000E+01
   -0.400000000000000E+01
   -0.400000000000000E+01
   -0.400000000000000E+01
   -0.400000000000000E+01
   -0.400000000000000E+01
   -0.400000000000000E+01
   -0.400000000000000E+01
   -0.400000000000000E+01
   -0.400000000000000E+01
   -0.400000000000000E+01
   -0.400000000000000E+01
   -0.400000000000000E+01
   -0.400000000000000E+01
   -0.400000000000000E+01
   -0.400000000000000E+01
   -0.400000000000000E+01
   -0.400000000000000E+01
   -0.400000000000000E+01
   -0.400000000000000E+01
   -0.400000000000000E+01
   -0.400000000000000E+01
   -0.400000000000000E+01
   -0.400000000000000E+01
   -0.400000000000000E+01
   -0.400000000000000E+01
   -0.400000000000000E+01
   -0.400000000000000E+01
   -0.400000000000000E+01
   -0.400000000000000E+01
   -0.400000000000000E+01
   -0.400000000000000E+01
   -0.400000000000000E+01
   -0.400000000000000E+01
   -0.400000000000000E+01
   -0.400000000000000E+01
   -0.400000000000000E+01
   -0.400000000000000E+01
   -0.400000000000000E+01
   -0.400000000000000E+01
   -0.400000000000000E+01
   -0.400000000000000E+01
   -0.400000000000000E+01
   -0.400000000000000E+01
   -0.400000000000000E+01
   -0.400000000000000E+01
   -0.400000000000000E+01
   -0.400000000000000E+01
   -0.400000000000000E+01
   -0.400000000000000E+01
   -0.400000000000000E+01
   -0.400000000000000E+01
   -0.400000000000000E+01
   -0.400000000000000E+01
   -0.400000000000000E+01
   -0.400000000000000E+01
   -0.400000000000000E+01
   -0.400000000000000E+01
   -0.400000000000000E+01
   -0.400000000000000E+01
   -0.400000000000000E+01
   -0.400000000000000E+01
   -0.400000000000000E+01
   -0.400000000000000E+01
   -0.400000000000000E+01
   -0.400000000000000E+01
   -0.400000000000000E+01
   -0.400000000000000E+01
   -0.400000000000000E+01
   -0.400000000000000E+01
   -0.400000000000000E+01
   -0.400000000000000E+01
   -0.400000000000000E+01
   -0.400000000000000E+01
   -0.400000000000000E+01
   -0.400000000000000E+01
   -0.400000000000000E+01
   -0.400000000000000E+01
   -0.400000000000000E+01
   -0.400000000000000E+01
   -0.400000000000000E+01
   -0.400000000000000E+01
   -0.400000000000000E+01
   -0.400000000000000E+01
   -0.400000000000000E+01
   -0.400000000000000E+01
   -0.400000000000000E+01
   -0.400000000000000E+01
   -0.400000000000000E+01
   -0.400000000000000E+01
   -0.400000000000000E+01
   -0.400000000000000E+01
   -0.400000000000000E+01
   -0.400000000000000E+01
   -0.400000000000000E+01
   -0.400000000000000E+01
   -0.400000000000000E+01
   -0.400000000000000E+01
   -0.400000000000000E+01
   -0.400000000000000E+01
   -0.400000000000000E+01
   -0.400000000000000E+01
   -0.400000000000000E+01
   -0.400000000000000E+01
   -0.400000000000000E+01
   -0.400000000000000E+01
   -0.400000000000000E+01
   -0.400000000000000E+01
   -0.400000000000000E+01
   -0.400000000000000E+01
   -0.400000000000000E+01
   -0.400000000000000E+01
   -0.400000000000000E+01
   -0.400000000000000E+01
   -0.400000000000000E+01
   -0.400000000000000E+01
   -0.400000000000000E+01
   -0.400000000000000E+01
   -0.400000000000000E+01
   -0.400000000000000E+01
   -0.400000000000000E+01
   -0.400000000000000E+01
   -0.400000000000000E+01
   -0.400000000000000E+01
   -0.400000000000000E+01
   -0.400000000000000E+01
   -0.400000000000000E+01
   -0.400000000000000E+01
   -0.400000000000000E+01
   -0.400000000000000E+01
   -0.400000000000000E+01
   -0.400000000000000E+01
   -0.400000000000000E+01
   -0.400000000000000E+01
   -0.400000000000000E+01
   -0.400000000000000E+01
   -0.400000000000000E+01
   -0.400000000000000E+01
   -0.400000000000000E+01
   -0.400000000000000E+01
   -0.400000000000000E+01
   -0.400000000000000E+01
   -0.400000000000000E+01
   -0.400000000000000E+01
   -0.400000000000000E+01
   -0.400000000000000E+01
   -0.400000000000000E+01
   -0.400000000000000E+01
   -0.400000000000000E+01
   -0.400000000000000E+01
   -0.400000000000000E+01
   -0.400000000000000E+01
   -0.400000000000000E+01
   -0.400000000000000E+01
   -0.400000000000000E+01
   -0.400000000000000E+01
   -0.400000000000000E+01
   -0.400000000000000E+01
   -0.400000000000000E+01
   -0.400000000000000E+01
   -0.400000000000000E+01
   -0.400000000000000E+01
   -0.400000000000000E+01
   -0.400000000000000E+01
   -0.400000000000000E+01
   -0.400000000000000E+01
   -0.400000000000000E+01
   -0.400000000000000E+01
   -0.400000000000000E+01
   -0.400000000000000E+01
   -0.400000000000000E+01
   -0.400000000000000E+01
   -0.400000000000000E+01
   -0.400000000000000E+01
   -0.400000000000000E+01
   -0.400000000000000E+01
   -0.400000000000000E+01
   -0.400000000000000E+01
   -0.400000000000000E+01
   -0.400000000000000E+01
   -0.400000000000000E+01
   -0.400000000000000E+01
   -0.400000000000000E+01
   -0.400000000000000E+01
   -0.400000000000000E+01
   -0.400000000000000E+01
   -0.400000000000000E+01
   -0.400000000000000E+01
   -0.400000000000000E+01
   -0.400000000000000E+01
   -0.400000000000000E+01
   -0.400000000000000E+01
   -0.400000000000000E+01
   -0.400000000000000E+01
   -0.400000000000000E+01
   -0.400000000000000E+01
   -0.400000000000000E+01
   -0.400000000000000E+01
   -0.400000000000000E+01
r*potential (L=2) in Ry
    0.000000000000000E+00
   -0.128066987191648E-04
   -0.257976633283405E-04
   -0.389755450898833E-04
   -0.523430334131557E-04
   -0.659028564033953E-04
   -0.796577814184797E-04
   -0.936106156337038E-04
   -0.107764206614682E-03
   -0.122121442898493E-03
   -0.136685254583190E-03
   -0.151458613925788E-03
   -0.166444535948855E-03
   -0.181646079055840E-03
   -0.197066345655238E-03
   -0.212708482793755E-03
   -0.228575682798567E-03
   -0.244671183928829E-03
   -0.260998271036554E-03
   -0.277560276237003E-03
   -0.294360579588722E-03
   -0.311402609783359E-03
   -0.328689844845408E-03
   -0.346225812842027E-03
   -0.364014092603058E-03
   -0.382058314451418E-03
   -0.400362160943989E-03
   -0.418929367623176E-03
   -0.437763723779277E-03
   -0.456869073223815E-03
   -0.476249315074011E-03
   -0.495908404548527E-03
   -0.515850353774674E-03
   -0.536079232607222E-03
   -0.556599169459003E-03
   -0.577414352143452E-03
   -0.598529028729282E-03
   -0.619947508407450E-03
   -0.641674162370598E-03
   -0.663713424705149E-03
   -0.686069793296238E-03
   -0.708747830745663E-03
   -0.731752165303046E-03
   -0.755087491810386E-03
   -0.778758572660210E-03
   -0.802770238767503E-03
   -0.827127390555631E-03
   -0.851834998956438E-03
   -0.876898106424744E-03
   -0.902321827967432E-03
   -0.928111352187348E-03
   -0.954271942342212E-03
   -0.980808937418778E-03
   -0.100772775322243E-02
   -0.103503388348249E-02
   -0.106273290097338E-02
   -0.109083045865195E-02
   -0.111933229081118E-02
   -0.114824421425043E-02
   -0.117757212946260E-02
   -0.120732202183831E-02
   -0.123749996288742E-02
   -0.126811211147817E-02
   -0.129916471509408E-02
   -0.133066411110897E-02
   -0.136261672808036E-02
   -0.139502908706140E-02
   -0.142790780293172E-02
   -0.146125958574748E-02
   -0.149509124211073E-02
   -0.152940967655859E-02
   -0.156422189297230E-02
   -0.159953499600667E-02
   -0.163535619254002E-02
   -0.167169279314495E-02
   -0.170855221358038E-02
   -0.174594197630497E-02
   -0.178386971201233E-02
   -0.182234316118836E-02
   -0.186137017569094E-02
   -0.190095872035239E-02
   -0.194111687460498E-02
   -0.198185283412979E-02
   -0.202317491252939E-02
   -0.206509154302446E-02
   -0.210761128017490E-02
   -0.215074280162572E-02
   -0.219449490987797E-02
   -0.223887653408526E-02
   -0.228389673187600E-02
   -0.232956469120197E-02
   -0.237588973221343E-02
   -0.242288130916124E-02
   -0.247054901232631E-02
   -0.251890256997684E-02
   -0.256795185035374E-02
   -0.261770686368453E-02
   -0.266817776422636E-02
   -0.271937485233828E-02
   -0.277130857658342E-02
   -0.282398953586136E-02
   -0.287742848157126E-02
   -0.293163631980599E-02
   -0.298662411357797E-02
   -0.304240308507691E-02
   -0.309898461796013E-02
   -0.315638025967578E-02
   -0.321460172381952E-02
   -0.327366089252505E-02
   -0.333356981888912E-02
   -0.339434072943138E-02
   -0.345598602658960E-02
   -0.351851829125088E-02
   -0.358195028531915E-02
   -0.364629495431975E-02
   -0.371156543004140E-02
   -0.377777503321618E-02
   -0.384493727623813E-02
   -0.391306586592090E-02
   -0.398217470629512E-02
   -0.405227790144601E-02
   -0.412338975839182E-02
   -0.419552479000367E-02
   -0.426869771796740E-02
   -0.434292347578808E-02
   -0.441821721183769E-02
   -0.449459429244671E-02
   -0.457207030504012E-02
   -0.465066106131859E-02
   -0.473038260048542E-02
   -0.481125119251988E-02
   -0.489328334149772E-02
   -0.497649578895932E-02
   -0.506090551732651E-02
   -0.514652975336833E-02
   -0.523338597171682E-02
   -0.532149189843330E-02
   -0.541086551462605E-02
   -0.550152506011991E-02
   -0.559348903717885E-02
   -0.568677621428194E-02
   -0.578140562995375E-02
   -0.587739659664985E-02
   -0.597476870469818E-02
   -0.607354182629714E-02
   -0.617373611957123E-02
   -0.627537203268505E-02
   -0.637847030801644E-02
   -0.648305198638968E-02
   -0.658913841136969E-02
   -0.669675123361786E-02
   -0.680591241531069E-02
   -0.691664423462194E-02
   -0.702896929026926E-02
   -0.714291050612628E-02
   -0.725849113590106E-02
   -0.737573476788179E-02
   -0.749466532975087E-02
   -0.761530709346818E-02
   -0.773768468022462E-02
   -0.786182306546701E-02
   -0.798774758399513E-02
   -0.811548393513227E-02
   -0.824505818797005E-02
   -0.837649678668878E-02
   -0.850982655595431E-02
   -0.864507470639260E-02
   -0.878226884014300E-02
   -0.892143695649147E-02
   -0.906260745758485E-02
   -0.920580915422730E-02
   -0.935107127176023E-02
   -0.949842345602679E-02
   -0.964789577942211E-02
   -0.979951874703073E-02
   -0.995332330285224E-02
   -0.101093408361165E-01
   -0.102676031876899E-01
   -0.104281426565733E-01
   -0.105909920064942E-01
   -0.107561844725933E-01
   -0.109237537682071E-01
   -0.110937340917485E-01
   -0.112661601336864E-01
   -0.114410670836253E-01
   -0.116184906374872E-01
   -0.117984670047965E-01
   -0.119810329160703E-01
   -0.121662256303140E-01
   -0.123540829426259E-01
   -0.125446431919105E-01
   -0.127379452687030E-01
   -0.129340286231064E-01
   -0.131329332728426E-01
   -0.133346998114199E-01
   -0.135393694164172E-01
   -0.137469838578884E-01
   -0.139575855068863E-01
   -0.141712173441111E-01
   -0.143879229686813E-01
   -0.146077466070324E-01
   -0.148307331219429E-01
   -0.150569280216898E-01
   -0.152863774693371E-01
   -0.155191282921567E-01
   -0.157552279911853E-01
   -0.159947247509192E-01
   -0.162376674491479E-01
   -0.164841056669297E-01
   -0.167340896987109E-01
   -0.169876705625900E-01
   -0.172449000107303E-01
   -0.175058305399219E-01
   -0.177705154022961E-01
   -0.180390086161931E-01
   -0.183113649771873E-01
   -0.185876400692703E-01
   -0.188678902761951E-01
   -0.191521727929839E-01
   -0.194405456376009E-01
   -0.197330676627933E-01
   -0.200297985681031E-01
   -0.203307989120511E-01
   -0.206361301244966E-01
   -0.209458545191749E-01
   -0.212600353064153E-01
   -0.215787366060419E-01
   -0.219020234604602E-01
   -0.222299618479321E-01
   -0.225626186960416E-01
   -0.229000618953549E-01
   -0.232423603132765E-01
   -0.235895838081046E-01
   -0.239418032432899E-01
   -0.242990905018978E-01
   -0.246615185012806E-01
   -0.250291612079594E-01
   -0.254020936527208E-01
   -0.257803919459314E-01
   -0.261641332930714E-01
   -0.265533960104928E-01
   -0.269482595414042E-01
   -0.273488044720857E-01
   -0.277551125483365E-01
   -0.281672666921601E-01
   -0.285853510186896E-01
   -0.290094508533559E-01
   -0.294396527493035E-01
   -0.298760445050572E-01
   -0.303187151824426E-01
   -0.307677551247649E-01
   -0.312232559752492E-01
   -0.316853106957464E-01
   -0.321540135857080E-01
   -0.326294603014348E-01
   -0.331117478756017E-01
   -0.336009747370646E-01
   -0.340972407309517E-01
   -0.346006471390443E-01
   -0.351112967004512E-01
   -0.356292936325804E-01
   -0.361547436524130E-01
   -0.366877539980836E-01
   -0.372284334507708E-01
   -0.377768923569036E-01
   -0.383332426506871E-01
   -0.388975978769525E-01
   -0.394700732143371E-01
   -0.400507854987966E-01
   -0.406398532474573E-01
   -0.412373966828111E-01
   -0.418435377572593E-01
   -0.424584001780099E-01
   -0.430821094323334E-01
   -0.437147928131825E-01
   -0.443565794451806E-01
   -0.450076003109852E-01
   -0.456679882780307E-01
   -0.463378781256565E-01
   -0.470174065726264E-01
   -0.477067123050440E-01
   -0.484059360046705E-01
   -0.491152203776511E-01
   -0.498347101836545E-01
   -0.505645522654332E-01
   -0.513048955788095E-01
   -0.520558912230937E-01
   -0.528176924719410E-01
   -0.535904548046532E-01
   -0.543743359379317E-01
   -0.551694958580883E-01
   -0.559760968537207E-01
   -0.567943035488593E-01
   -0.576242829365913E-01
   -0.584662044131715E-01
   -0.593202398126232E-01
   -0.601865634418400E-01
   -0.610653521161929E-01
   -0.619567851956524E-01
   -0.628610446214307E-01
   -0.637783149531539E-01
   -0.647087834065704E-01
   -0.656526398918034E-01
   -0.666100770521569E-01
   -0.675812903034809E-01
   -0.685664778741057E-01
   -0.695658408453541E-01
   -0.705795831926371E-01
   -0.716079118271454E-01
   -0.726510366381423E-01
   -0.737091705358684E-01
   -0.747825294950673E-01
   -0.758713325991395E-01
   -0.769758020849366E-01
   -0.780961633882023E-01
   -0.792326451896717E-01
   -0.803854794618379E-01
   -0.815549015163955E-01
   -0.827411500523713E-01
   -0.839444672049521E-01
   -0.851650985950201E-01
   -0.864032933794066E-01
   -0.876593043018733E-01
   -0.889333877448341E-01
   -0.902258037818260E-01
   -0.915368162307427E-01
   -0.928666927078396E-01
   -0.942157046825237E-01
   -0.955841275329395E-01
   -0.969722406023617E-01
   -0.983803272564085E-01
   -0.998086749410863E-01
   -0.101257575241679E+00
   -0.102727323942494E+00
   -0.104218221087479E+00
   -0.105730571041720E+00
   -0.107264682553836E+00
   -0.108820868819284E+00
   -0.110399447544589E+00
   -0.112000741012505E+00
   -0.113625076148134E+00
   -0.115272784586008E+00
   -0.116944202738151E+00
   -0.118639671863136E+00
   -0.120359538136156E+00
   -0.122104152720113E+00
   -0.123873871837760E+00
   -0.125669056844885E+00
   -0.127490074304586E+00
   -0.129337296062618E+00
   -0.131211099323863E+00
   -0.133111866729911E+00
   -0.135039986437790E+00
   -0.136995852199850E+00
   -0.138979863444825E+00
   -0.140992425360089E+00
   -0.143033948975130E+00
   -0.145104851246246E+00
   -0.147205555142503E+00
   -0.149336489732955E+00
   -0.151498090275164E+00
   -0.153690798305020E+00
   -0.155915061727901E+00
   -0.158171334911181E+00
   -0.160460078778116E+00
   -0.162781760903116E+00
   -0.165136855608449E+00
   -0.167525844062369E+00
   -0.169949214378719E+00
   -0.172407461718014E+00
   -0.174901088390030E+00
   -0.177430603957941E+00
   -0.179996525343992E+00
   -0.182599376936778E+00
   -0.185239690700111E+00
   -0.187918006283536E+00
   -0.190634871134501E+00
   -0.193390840612208E+00
   -0.196186478103191E+00
   -0.199022355138624E+00
   -0.201899051513402E+00
   -0.204817155407022E+00
   -0.207777263506284E+00
   -0.210779981129857E+00
   -0.213825922354722E+00
   -0.216915710144535E+00
   -0.220049976479937E+00
   -0.223229362490835E+00
   -0.226454518590703E+00
   -0.229726104612913E+00
   -0.233044789949144E+00
   -0.236411253689899E+00
   -0.239826184767154E+00
   -0.243290282099187E+00
   -0.246804254737607E+00
   -0.250368822016630E+00
   -0.253984713704620E+00
   -0.257652670157948E+00
   -0.261373442477192E+00
   -0.265147792665716E+00
   -0.268976493790663E+00
   -0.272860330146401E+00
   -0.276800097420447E+00
   -0.280796602861920E+00
   -0.284850665452546E+00
   -0.288963116080250E+00
   -0.293134797715378E+00
   -0.297366565589581E+00
   -0.301659287377384E+00
   -0.306013843380494E+00
   -0.310431126714855E+00
   -0.314912043500510E+00
   -0.319457513054273E+00
   -0.324068468085259E+00
   -0.328745854893300E+00
   -0.333490633570261E+00
   -0.338303778204296E+00
   -0.343186277087063E+00
   -0.348139132923909E+00
   -0.353163363047065E+00
   -0.358259999631846E+00
   -0.363430089915882E+00
   -0.368674696421386E+00
   -0.373994897180466E+00
   -0.379391785963480E+00
   -0.384866472510436E+00
   -0.390420082765429E+00
   -0.396053759114096E+00
   -0.401768660624077E+00
   -0.407565963288456E+00
   -0.413446860272143E+00
   -0.419412562161163E+00
   -0.425464297214799E+00
   -0.431603311620533E+00
   -0.437830869751712E+00
   -0.444148254427863E+00
   -0.450556767177568E+00
   -0.457057728503784E+00
   -0.463652478151501E+00
   -0.470342375377592E+00
   -0.477128799222717E+00
   -0.484013148785105E+00
   -0.490996843496029E+00
   -0.498081323396761E+00
   -0.505268049416784E+00
   -0.512558503653011E+00
   -0.519954189649712E+00
   -0.527456632678866E+00
   -0.535067380020585E+00
   -0.542788001243245E+00
   -0.550620088482933E+00
   -0.558565256721751E+00
   -0.566625144064525E+00
   -0.574801412013379E+00
   -0.583095745739625E+00
   -0.591509854352360E+00
   -0.600045471163104E+00
   -0.608704353945772E+00
   -0.617488285191216E+00
   -0.626399072355499E+00
   -0.635438548101022E+00
   -0.644608570529534E+00
   -0.653911023406005E+00
   -0.663347816372257E+00
   -0.672920885149158E+00
   -0.682632191726134E+00
   -0.692483724536625E+00
   -0.702477498618046E+00
   -0.712615555754717E+00
   -0.722899964602101E+00
   -0.733332820790618E+00
   -0.743916247007163E+00
   -0.754652393052349E+00
   -0.765543435871393E+00
   -0.776591579556401E+00
   -0.787799055317731E+00
   -0.799168121421914E+00
   -0.810701063093549E+00
   -0.822400192378382E+00
   -0.834267847964666E+00
   -0.846306394959754E+00
   -0.858518224618714E+00
   -0.870905754021592E+00
   -0.883471425695828E+00
   -0.896217707180136E+00
   -0.909147090526033E+00
   -0.922262091733024E+00
   -0.935565250113324E+00
   -0.949059127581817E+00
   -0.962746307866842E+00
   -0.976629395637228E+00
   -0.990711015540897E+00
   -0.100499381115021E+01
   -0.101948044380912E+01
   -0.103417359137721E+01
   -0.104907594686534E+01
   -0.106419021695798E+01
   -0.107951912041686E+01
   -0.109506538636090E+01
   -0.111083175241711E+01
   -0.112682096273747E+01
   -0.114303576587676E+01
   -0.115947891252626E+01
   -0.117615315309896E+01
   -0.119306123516145E+01
   -0.121020590070847E+01
   -0.122758988327624E+01
   -0.124521590489103E+01
   -0.126308667285007E+01
   -0.128120487633226E+01
   -0.129957318283694E+01
   -0.131819423444956E+01
   -0.133707064393386E+01
   -0.135620499065120E+01
   -0.137559981630855E+01
   -0.139525762053766E+01
   -0.141518085630923E+01
   -0.143537192518712E+01
   -0.145583317242890E+01
   -0.147656688194065E+01
   -0.149757527109544E+01
   -0.151886048542640E+01
   -0.154042459320709E+01
   -0.156226957993386E+01
   -0.158439734272625E+01
   -0.160680968466371E+01
   -0.162950830907863E+01
   -0.165249481382751E+01
   -0.167577068556370E+01
   -0.169933729403734E+01
   -0.172319588644885E+01
   -0.174734758188460E+01
   -0.177179336586363E+01
   -0.179653408502581E+01
   -0.182157044199167E+01
   -0.184690299042451E+01
   -0.187253213032439E+01
   -0.189845810358273E+01
   -0.192468098982375E+01
   -0.195120070255648E+01
   -0.197801698565683E+01
   -0.200512941019429E+01
   -0.203253737161132E+01
   -0.206024008725596E+01
   -0.208823659425844E+01
   -0.211652574773193E+01
   -0.214510621926428E+01
   -0.217397649565274E+01
   -0.220313487781669E+01
   -0.223257947980380E+01
   -0.226230822778344E+01
   -0.229231885889703E+01
   -0.232260891980838E+01
   -0.235317576476783E+01
   -0.238401655297255E+01
   -0.241512824497180E+01
   -0.244650759782961E+01
   -0.247815115871980E+01
   -0.251005525658932E+01
   -0.254221599148525E+01
   -0.257462922110078E+01
   -0.260729054405514E+01
   -0.264019527938394E+01
   -0.267333844167979E+01
   -0.270671471129088E+01
   -0.274031839895710E+01
   -0.277414340424329E+01
   -0.280818316711636E+01
   -0.284243061201227E+01
   -0.287687808374993E+01
   -0.291151727467618E+01
   -0.294633914247068E+01
   -0.298133381810490E+01
   -0.301649050353830E+01
   -0.305179735884958E+01
   -0.308724137864482E+01
   -0.312280825775993E+01
   -0.315848224648371E+01
   -0.319424599577366E+01
   -0.323008039321894E+01
   -0.326596439082610E+01
   -0.330187482606247E+01
   -0.333778623798909E+01
   -0.337367068074665E+01
   -0.340949753712213E+01
   -0.344523333541349E+01
   -0.348084157331990E+01
   -0.351628255310497E+01
   -0.355151323280032E+01
   -0.358648709872275E+01
   -0.362115406505411E+01
   -0.365546040666193E+01
   -0.368934873169907E+01
   -0.372275800079103E+01
   -0.375562359977513E+01
   -0.378787747297145E+01
   -0.381944832381460E+01
   -0.385026188933219E+01
   -0.388024129439432E+01
   -0.390930749085530E+01
   -0.393737978564397E+01
   -0.396437646051615E+01
   -0.399021548455276E+01
   -0.401481531856795E+01
   -0.403809580838977E+01
   -0.405997916151075E+01
   -0.408039099890685E+01
   -0.409926147093513E+01
   -0.411652642320174E+01
   -0.413212859521594E+01
   -0.414601883160233E+01
   -0.415815728273391E+01
   -0.416851456899030E+01
   -0.417707288056321E+01
   -0.418382698295895E+01
   -0.418878509722077E+01
   -0.419196962354462E+01
   -0.419341767751557E+01
   -0.419318140975546E+01
   -0.419132808243068E+01
   -0.418793987987573E+01
   -0.418311343555711E+01
   -0.417695906370353E+01
   -0.416959969107767E+01
   -0.416116949242468E+01
   -0.415181224190582E+01
   -0.414167940205879E+01
   -0.413092798121271E+01
   -0.411971819947280E+01
   -0.410821101199158E+01
   -0.409656554585233E+01
   -0.408493651310085E+01
   -0.407347166688353E+01
   -0.406230936993921E+01
   -0.405157634456884E+01
   -0.404138567047978E+01
   -0.403183509148814E+01
   -0.402300568400637E+01
   -0.401496092972223E+01
   -0.400774622220730E+01
   -0.400138882283000E+01
   -0.399589826586055E+01
   -0.399126719671161E+01
   -0.398747261159057E+01
   -0.398447745220627E+01
   -0.398223249631301E+01
   -0.398067847446425E+01
   -0.397974833595049E+01
   -0.397936958292570E+01
   -0.397946659141297E+01
   -0.397996284124743E+01
   -0.398078298387313E+01
   -0.398185468686422E+01
   -0.398311020650783E+01
   -0.398448765403863E+01
   -0.398593193632359E+01
   -0.398739536709010E+01
   -0.398883795931744E+01
   -0.399022742239481E+01
   -0.399153889844308E+01
   -0.399275448032788E+01
   -0.399386255908401E+01
   -0.399485705066155E+01
   -0.399573655123126E+01
   -0.399650346706969E+01
   -0.399716315974694E+01
   -0.399772314052075E+01
   -0.399819234010702E+01
   -0.399858047194921E+01
   -0.399889749929648E+01
   -0.399915320928611E+01
   -0.399935689115436E+01
   -0.399951711089489E+01
   -0.399964157123738E+01
   -0.399973704371209E+01
   -0.399980935868150E+01
   -0.399986343937453E+01
   -0.399990336692343E+01
   -0.399993246493778E+01
   -0.399995339401939E+01
   -0.399996824861870E+01
   -0.399997865058859E+01
   -0.399998583557796E+01
   -0.399999072994547E+01
   -0.399999401712085E+01
   -0.399999619329056E+01
   -0.399999761295483E+01
   -0.399999852532797E+01
   -0.399999910277968E+01
   -0.399999946258609E+01
   -0.399999968322248E+01
   -0.399999981632202E+01
   -0.399999989527971E+01
   -0.399999994132119E+01
   -0.399999996769974E+01
   -0.399999998254199E+01
   -0.399999999073962E+01
   -0.399999999518183E+01
   -0.399999999754236E+01
   -0.399999999877172E+01
   -0.399999999939888E+01
   -0.399999999971209E+01
   -0.399999999986513E+01
   -0.399999999993825E+01
   -0.399999999997238E+01
   -0.399999999998794E+01
   -0.399999999999487E+01
   -0.399999999999787E+01
   -0.399999999999914E+01
   -0.399999999999966E+01
   -0.399999999999987E+01
   -0.399999999999995E+01
   -0.399999999999998E+01
   -0.399999999999999E+01
   -0.400000000000000E+01
   -0.400000000000000E+01
   -0.400000000000000E+01
   -0.400000000000000E+01
   -0.400000000000000E+01
   -0.400000000000000E+01
   -0.400000000000000E+01
   -0.400000000000000E+01
   -0.400000000000000E+01
   -0.400000000000000E+01
   -0.400000000000000E+01
   -0.400000000000000E+01
   -0.400000000000000E+01
   -0.400000000000000E+01
   -0.400000000000000E+01
   -0.400000000000000E+01
   -0.400000000000000E+01
   -0.400000000000000E+01
   -0.400000000000000E+01
   -0.400000000000000E+01
   -0.400000000000000E+01
   -0.400000000000000E+01
   -0.400000000000000E+01
   -0.400000000000000E+01
   -0.400000000000000E+01
   -0.400000000000000E+01
   -0.400000000000000E+01
   -0.400000000000000E+01
   -0.400000000000000E+01
   -0.400000000000000E+01
   -0.400000000000000E+01
   -0.400000000000000E+01
   -0.400000000000000E+01
   -0.400000000000000E+01
   -0.400000000000000E+01
   -0.400000000000000E+01
   -0.400000000000000E+01
   -0.400000000000000E+01
   -0.400000000000000E+01
   -0.400000000000000E+01
   -0.400000000000000E+01
   -0.400000000000000E+01
   -0.400000000000000E+01
   -0.400000000000000E+01
   -0.400000000000000E+01
   -0.400000000000000E+01
   -0.400000000000000E+01
   -0.400000000000000E+01
   -0.400000000000000E+01
   -0.400000000000000E+01
   -0.400000000000000E+01
   -0.400000000000000E+01
   -0.400000000000000E+01
   -0.400000000000000E+01
   -0.400000000000000E+01
   -0.400000000000000E+01
   -0.400000000000000E+01
   -0.400000000000000E+01
   -0.400000000000000E+01
   -0.400000000000000E+01
   -0.400000000000000E+01
   -0.400000000000000E+01
   -0.400000000000000E+01
   -0.400000000000000E+01
   -0.400000000000000E+01
   -0.400000000000000E+01
   -0.400000000000000E+01
   -0.400000000000000E+01
   -0.400000000000000E+01
   -0.400000000000000E+01
   -0.400000000000000E+01
   -0.400000000000000E+01
   -0.400000000000000E+01
   -0.400000000000000E+01
   -0.400000000000000E+01
   -0.400000000000000E+01
   -0.400000000000000E+01
   -0.400000000000000E+01
   -0.400000000000000E+01
   -0.400000000000000E+01
   -0.400000000000000E+01
   -0.400000000000000E+01
   -0.400000000000000E+01
   -0.400000000000000E+01
   -0.400000000000000E+01
   -0.400000000000000E+01
   -0.400000000000000E+01
   -0.400000000000000E+01
   -0.400000000000000E+01
   -0.400000000000000E+01
   -0.400000000000000E+01
   -0.400000000000000E+01
   -0.400000000000000E+01
   -0.400000000000000E+01
   -0.400000000000000E+01
   -0.400000000000000E+01
   -0.400000000000000E+01
   -0.400000000000000E+01
   -0.400000000000000E+01
   -0.400000000000000E+01
   -0.400000000000000E+01
   -0.400000000000000E+01
   -0.400000000000000E+01
   -0.400000000000000E+01
   -0.400000000000000E+01
   -0.400000000000000E+01
   -0.400000000000000E+01
   -0.400000000000000E+01
   -0.400000000000000E+01
   -0.400000000000000E+01
   -0.400000000000000E+01
   -0.400000000000000E+01
   -0.400000000000000E+01
   -0.400000000000000E+01
   -0.400000000000000E+01
   -0.400000000000000E+01
   -0.400000000000000E+01
   -0.400000000000000E+01
   -0.400000000000000E+01
   -0.400000000000000E+01
   -0.400000000000000E+01
   -0.400000000000000E+01
   -0.400000000000000E+01
   -0.400000000000000E+01
   -0.400000000000000E+01
   -0.400000000000000E+01
   -0.400000000000000E+01
   -0.400000000000000E+01
   -0.400000000000000E+01
   -0.400000000000000E+01
   -0.400000000000000E+01
   -0.400000000000000E+01
   -0.400000000000000E+01
   -0.400000000000000E+01
   -0.400000000000000E+01
   -0.400000000000000E+01
   -0.400000000000000E+01
   -0.400000000000000E+01
   -0.400000000000000E+01
   -0.400000000000000E+01
   -0.400000000000000E+01
   -0.400000000000000E+01
   -0.400000000000000E+01
   -0.400000000000000E+01
   -0.400000000000000E+01
   -0.400000000000000E+01
   -0.400000000000000E+01
   -0.400000000000000E+01
   -0.400000000000000E+01
   -0.400000000000000E+01
   -0.400000000000000E+01
   -0.400000000000000E+01
   -0.400000000000000E+01
   -0.400000000000000E+01
   -0.400000000000000E+01
   -0.400000000000000E+01
   -0.400000000000000E+01
   -0.400000000000000E+01
   -0.400000000000000E+01
   -0.400000000000000E+01
   -0.400000000000000E+01
   -0.400000000000000E+01
   -0.400000000000000E+01
   -0.400000000000000E+01
   -0.400000000000000E+01
   -0.400000000000000E+01
   -0.400000000000000E+01
   -0.400000000000000E+01
   -0.400000000000000E+01
   -0.400000000000000E+01
   -0.400000000000000E+01
   -0.400000000000000E+01
   -0.400000000000000E+01
   -0.400000000000000E+01
   -0.400000000000000E+01
   -0.400000000000000E+01
   -0.400000000000000E+01
   -0.400000000000000E+01
   -0.400000000000000E+01
   -0.400000000000000E+01
   -0.400000000000000E+01
   -0.400000000000000E+01
   -0.400000000000000E+01
   -0.400000000000000E+01
   -0.400000000000000E+01
   -0.400000000000000E+01
   -0.400000000000000E+01
   -0.400000000000000E+01
   -0.400000000000000E+01
   -0.400000000000000E+01
   -0.400000000000000E+01
   -0.400000000000000E+01
   -0.400000000000000E+01
   -0.400000000000000E+01
   -0.400000000000000E+01
   -0.400000000000000E+01
   -0.400000000000000E+01
   -0.400000000000000E+01
   -0.400000000000000E+01
   -0.400000000000000E+01
   -0.400000000000000E+01
   -0.400000000000000E+01
   -0.400000000000000E+01
   -0.400000000000000E+01
   -0.400000000000000E+01
   -0.400000000000000E+01
   -0.400000000000000E+01
   -0.400000000000000E+01
   -0.400000000000000E+01
   -0.400000000000000E+01
   -0.400000000000000E+01
   -0.400000000000000E+01
   -0.400000000000000E+01
   -0.400000000000000E+01
   -0.400000000000000E+01
