CEPP Pseudopotential in real space for C 
Atomic number and pseudo-charge
 6  4.00
Energy units (rydberg/hartree/ev)
rydberg
Angular momentum of local component (0=s,1=p,2=d..)
2
NLRULE override (1) VMC/DMC (2) config gen (0 ==> input/default value)
0 0
Number of grid points
 957
R(i) in atomic units
    0.000000000000000E+00
    0.167862832095561E-05
    0.338140915368192E-05
    0.510869001038132E-05
    0.686082340334615E-05
    0.863816691690118E-05
    0.104410832803812E-04
    0.122699404421589E-04
    0.141251116447372E-04
    0.160069755009229E-04
    0.179159160710959E-04
    0.198523229415898E-04
    0.218165913042013E-04
    0.238091220368421E-04
    0.258303217853531E-04
    0.278806030464941E-04
    0.299603842521283E-04
    0.320700898546182E-04
    0.342101504134500E-04
    0.363810026831042E-04
    0.385830897021908E-04
    0.408168608838670E-04
    0.430827721075555E-04
    0.453812858119827E-04
    0.477128710895558E-04
    0.500780037820974E-04
    0.524771665779577E-04
    0.549108491105242E-04
    0.573795480581482E-04
    0.598837672455099E-04
    0.624240177464412E-04
    0.650008179882283E-04
    0.676146938574152E-04
    0.702661788071291E-04
    0.729558139659503E-04
    0.756841482483483E-04
    0.784517384667074E-04
    0.812591494449638E-04
    0.841069541338772E-04
    0.869957337279623E-04
    0.899260777841014E-04
    0.928985843418643E-04
    0.959138600455594E-04
    0.989725202680406E-04
    0.102075189236296E-03
    0.105222500158842E-03
    0.108415095354956E-03
    0.111653626385756E-03
    0.114938754187185E-03
    0.118271149204889E-03
    0.121651491531050E-03
    0.125080471043181E-03
    0.128558787544922E-03
    0.132087150908854E-03
    0.135666281221381E-03
    0.139296908929681E-03
    0.142979774990788E-03
    0.146715631022801E-03
    0.150505239458286E-03
    0.154349373699872E-03
    0.158248818278094E-03
    0.162204369011501E-03
    0.166216833169075E-03
    0.170287029634977E-03
    0.174415789075676E-03
    0.178603954109468E-03
    0.182852379478448E-03
    0.187161932222946E-03
    0.191533491858481E-03
    0.195967950555252E-03
    0.200466213320222E-03
    0.205029198181812E-03
    0.209657836377261E-03
    0.214353072542672E-03
    0.219115864905804E-03
    0.223947185481631E-03
    0.228848020270710E-03
    0.233819369460417E-03
    0.238862247629066E-03
    0.243977683952970E-03
    0.249166722416479E-03
    0.254430422025046E-03
    0.259769857021350E-03
    0.265186117104534E-03
    0.270680307652597E-03
    0.276253549947987E-03
    0.281906981406433E-03
    0.287641755809079E-03
    0.293459043537954E-03
    0.299360031814824E-03
    0.305345924943493E-03
    0.311417944555578E-03
    0.317577329859832E-03
    0.323825337895041E-03
    0.330163243786570E-03
    0.336592341006601E-03
    0.343113941638103E-03
    0.349729376642616E-03
    0.356439996131879E-03
    0.363247169643362E-03
    0.370152286419778E-03
    0.377156755692597E-03
    0.384262006969655E-03
    0.391469490326895E-03
    0.398780676704303E-03
    0.406197058206108E-03
    0.413720148405294E-03
    0.421351482652505E-03
    0.429092618389379E-03
    0.436945135466404E-03
    0.444910636465339E-03
    0.452990747026282E-03
    0.461187116179430E-03
    0.469501416681631E-03
    0.477935345357763E-03
    0.486490623447032E-03
    0.495168996954252E-03
    0.503972237006179E-03
    0.512902140212968E-03
    0.521960529034840E-03
    0.531149252154014E-03
    0.540470184852000E-03
    0.549925229392310E-03
    0.559516315408688E-03
    0.569245400298915E-03
    0.579114469624289E-03
    0.589125537514844E-03
    0.599280647080405E-03
    0.609581870827558E-03
    0.620031311082619E-03
    0.630631100420682E-03
    0.641383402100851E-03
    0.652290410507726E-03
    0.663354351599248E-03
    0.674577483360978E-03
    0.685962096266922E-03
    0.697510513746984E-03
    0.709225092661140E-03
    0.721108223780438E-03
    0.733162332274924E-03
    0.745389878208576E-03
    0.757793357041371E-03
    0.770375300138569E-03
    0.783138275287330E-03
    0.796084887220757E-03
    0.809217778149486E-03
    0.822539628300920E-03
    0.836053156466226E-03
    0.849761120555198E-03
    0.863666318159104E-03
    0.877771587121637E-03
    0.892079806118071E-03
    0.906593895242762E-03
    0.921316816605088E-03
    0.936251574933981E-03
    0.951401218191138E-03
    0.966768838193070E-03
    0.982357571242096E-03
    0.998170598766413E-03
    0.101421114796938E-02
    0.103048249248814E-02
    0.104698795306172E-02
    0.106373089820875E-02
    0.108071474491492E-02
    0.109794295933035E-02
    0.111541905747695E-02
    0.113314660596603E-02
    0.115112922272616E-02
    0.116937057774152E-02
    0.118787439380095E-02
    0.120664444725767E-02
    0.122568456879998E-02
    0.124499864423304E-02
    0.126459061527195E-02
    0.128446448034613E-02
    0.130462429541541E-02
    0.132507417479771E-02
    0.134581829200880E-02
    0.136686088061398E-02
    0.138820623509212E-02
    0.140985871171210E-02
    0.143182272942185E-02
    0.145410277075020E-02
    0.147670338272168E-02
    0.149962917778453E-02
    0.152288483475200E-02
    0.154647509975726E-02
    0.157040478722197E-02
    0.159467878083889E-02
    0.161930203456850E-02
    0.164427957365009E-02
    0.166961649562731E-02
    0.169531797138851E-02
    0.172138924622202E-02
    0.174783564088666E-02
    0.177466255269763E-02
    0.180187545662799E-02
    0.182947990642606E-02
    0.185748153574884E-02
    0.188588605931174E-02
    0.191469927405489E-02
    0.194392706032621E-02
    0.197357538308147E-02
    0.200365029310169E-02
    0.203415792822800E-02
    0.206510451461427E-02
    0.209649636799778E-02
    0.212833989498818E-02
    0.216064159437497E-02
    0.219340805845380E-02
    0.222664597437189E-02
    0.226036212549276E-02
    0.229456339278058E-02
    0.232925675620453E-02
    0.236444929616327E-02
    0.240014819492997E-02
    0.243636073811807E-02
    0.247309431616819E-02
    0.251035642585641E-02
    0.254815467182424E-02
    0.258649676813062E-02
    0.262539053982624E-02
    0.266484392455052E-02
    0.270486497415157E-02
    0.274546185632942E-02
    0.278664285630299E-02
    0.282841637850091E-02
    0.287079094827677E-02
    0.291377521364905E-02
    0.295737794706597E-02
    0.300160804719591E-02
    0.304647454074342E-02
    0.309198658429148E-02
    0.313815346617021E-02
    0.318498460835246E-02
    0.323248956837674E-02
    0.328067804129773E-02
    0.332955986166492E-02
    0.337914500552965E-02
    0.342944359248116E-02
    0.348046588771176E-02
    0.353222230411186E-02
    0.358472340439504E-02
    0.363797990325379E-02
    0.369200266954620E-02
    0.374680272851410E-02
    0.380239126403321E-02
    0.385877962089554E-02
    0.391597930712474E-02
    0.397400199632468E-02
    0.403285953006191E-02
    0.409256392028227E-02
    0.415312735176243E-02
    0.421456218459656E-02
    0.427688095671888E-02
    0.434009638646244E-02
    0.440422137515477E-02
    0.446926900975080E-02
    0.453525256550379E-02
    0.460218550867453E-02
    0.467008149927965E-02
    0.473895439387942E-02
    0.480881824840566E-02
    0.487968732103034E-02
    0.495157607507550E-02
    0.502449918196492E-02
    0.509847152421843E-02
    0.517350819848915E-02
    0.524962451864450E-02
    0.532683601889157E-02
    0.540515845694736E-02
    0.548460781725476E-02
    0.556520031424467E-02
    0.564695239564519E-02
    0.572988074583830E-02
    0.581400228926493E-02
    0.589933419387898E-02
    0.598589387465103E-02
    0.607369899712247E-02
    0.616276748101082E-02
    0.625311750386683E-02
    0.634476750478425E-02
    0.643773618816300E-02
    0.653204252752645E-02
    0.662770576939363E-02
    0.672474543720714E-02
    0.682318133531764E-02
    0.692303355302556E-02
    0.702432246868110E-02
    0.712706875384308E-02
    0.723129337749774E-02
    0.733701761033818E-02
    0.744426302910540E-02
    0.755305152099177E-02
    0.766340528810793E-02
    0.777534685201385E-02
    0.788889905831518E-02
    0.800408508132569E-02
    0.812092842879680E-02
    0.823945294671517E-02
    0.835968282416931E-02
    0.848164259828618E-02
    0.860535715923890E-02
    0.873085175532646E-02
    0.885815199812647E-02
    0.898728386772215E-02
    0.911827371800447E-02
    0.925114828205057E-02
    0.938593467757961E-02
    0.952266041248707E-02
    0.966135339045868E-02
    0.980204191666522E-02
    0.994475470353910E-02
    0.100895208766342E-01
    0.102363699805699E-01
    0.103853319850609E-01
    0.105364372910331E-01
    0.106897167368286E-01
    0.108452016044990E-01
    0.110029236261896E-01
    0.111629149906154E-01
    0.113252083496306E-01
    0.114898368248923E-01
    0.116568340146197E-01
    0.118262340004517E-01
    0.119980713544018E-01
    0.121723811459143E-01
    0.123491989490210E-01
    0.125285608496014E-01
    0.127105034527477E-01
    0.128950638902349E-01
    0.130822798280988E-01
    0.132721894743236E-01
    0.134648315866390E-01
    0.136602454804305E-01
    0.138584710367628E-01
    0.140595487105191E-01
    0.142635195386572E-01
    0.144704251485846E-01
    0.146803077666543E-01
    0.148932102267820E-01
    0.151091759791883E-01
    0.153282490992661E-01
    0.155504742965758E-01
    0.157758969239698E-01
    0.160045629868484E-01
    0.162365191525485E-01
    0.164718127598684E-01
    0.167104918287282E-01
    0.169526050699703E-01
    0.171982018953006E-01
    0.174473324273727E-01
    0.177000475100169E-01
    0.179563987186171E-01
    0.182164383706361E-01
    0.184802195362933E-01
    0.187477960493951E-01
    0.190192225183219E-01
    0.192945543371726E-01
    0.195738476970701E-01
    0.198571595976286E-01
    0.201445478585865E-01
    0.204360711316069E-01
    0.207317889122471E-01
    0.210317615521010E-01
    0.213360502711157E-01
    0.216447171700860E-01
    0.219578252433280E-01
    0.222754383915350E-01
    0.225976214348194E-01
    0.229244401259408E-01
    0.232559611637257E-01
    0.235922522066793E-01
    0.239333818867939E-01
    0.242794198235556E-01
    0.246304366381525E-01
    0.249865039678875E-01
    0.253476944807984E-01
    0.257140818904885E-01
    0.260857409711701E-01
    0.264627475729252E-01
    0.268451786371852E-01
    0.272331122124332E-01
    0.276266274701332E-01
    0.280258047208872E-01
    0.284307254308257E-01
    0.288414722382338E-01
    0.292581289704161E-01
    0.296807806608048E-01
    0.301095135663141E-01
    0.305444151849431E-01
    0.309855742736338E-01
    0.314330808663845E-01
    0.318870262926243E-01
    0.323475031958526E-01
    0.328146055525458E-01
    0.332884286913366E-01
    0.337690693124695E-01
    0.342566255075352E-01
    0.347511967794904E-01
    0.352528840629641E-01
    0.357617897448575E-01
    0.362780176852394E-01
    0.368016732385424E-01
    0.373328632750643E-01
    0.378716962027785E-01
    0.384182819894590E-01
    0.389727321851225E-01
    0.395351599447946E-01
    0.401056800516028E-01
    0.406844089402021E-01
    0.412714647205376E-01
    0.418669672019489E-01
    0.424710379176217E-01
    0.430838001493904E-01
    0.437053789528984E-01
    0.443359011831202E-01
    0.449754955202504E-01
    0.456242924959654E-01
    0.462824245200631E-01
    0.469500259074858E-01
    0.476272329057316E-01
    0.483141837226610E-01
    0.490110185547023E-01
    0.497178796154644E-01
    0.504349111647601E-01
    0.511622595380471E-01
    0.519000731762936E-01
    0.526485026562723E-01
    0.534077007212909E-01
    0.541778223123651E-01
    0.549590245998395E-01
    0.557514670154638E-01
    0.565553112849303E-01
    0.573707214608799E-01
    0.581978639563828E-01
    0.590369075789006E-01
    0.598880235647380E-01
    0.607513856139889E-01
    0.616271699259864E-01
    0.625155552352626E-01
    0.634167228480251E-01
    0.643308566791593E-01
    0.652581432897629E-01
    0.661987719252197E-01
    0.671529345538219E-01
    0.681208259059485E-01
    0.691026435138062E-01
    0.700985877517429E-01
    0.711088618771416E-01
    0.721336720719016E-01
    0.731732274845176E-01
    0.742277402727634E-01
    0.752974256469907E-01
    0.763825019140495E-01
    0.774831905218422E-01
    0.785997161045171E-01
    0.797323065283134E-01
    0.808811929380647E-01
    0.820466098043729E-01
    0.832287949714596E-01
    0.844279897057072E-01
    0.856444387448968E-01
    0.868783903481566E-01
    0.881300963466272E-01
    0.893998121948567E-01
    0.906877970229353E-01
    0.919943136893801E-01
    0.933196288347799E-01
    0.946640129362134E-01
    0.960277403624489E-01
    0.974110894299394E-01
    0.988143424596224E-01
    0.100237785834538E+00
    0.101681710058273E+00
    0.103146409814255E+00
    0.104632184025882E+00
    0.106139335917540E+00
    0.107668173076477E+00
    0.109219007515584E+00
    0.110792155737068E+00
    0.112387938797046E+00
    0.114006682371069E+00
    0.115648716820586E+00
    0.117314377260369E+00
    0.119004003626900E+00
    0.120717940747752E+00
    0.122456538411958E+00
    0.124220151441403E+00
    0.126009139763235E+00
    0.127823868483320E+00
    0.129664707960757E+00
    0.131532033883461E+00
    0.133426227344837E+00
    0.135347674921552E+00
    0.137296768752434E+00
    0.139273906618499E+00
    0.141279492024134E+00
    0.143313934279443E+00
    0.145377648583784E+00
    0.147471056110505E+00
    0.149594584092898E+00
    0.151748665911389E+00
    0.153933741181991E+00
    0.156150255846015E+00
    0.158398662261087E+00
    0.160679419293462E+00
    0.162992992411675E+00
    0.165339853781534E+00
    0.167720482362487E+00
    0.170135364005362E+00
    0.172584991551530E+00
    0.175069864933482E+00
    0.177590491276859E+00
    0.180147385003950E+00
    0.182741067938674E+00
    0.185372069413082E+00
    0.188040926375383E+00
    0.190748183499525E+00
    0.193494393296358E+00
    0.196280116226394E+00
    0.199105920814184E+00
    0.201972383764351E+00
    0.204880090079281E+00
    0.207829633178519E+00
    0.210821615019874E+00
    0.213856646222269E+00
    0.216935346190361E+00
    0.220058343240951E+00
    0.223226274731217E+00
    0.226439787188783E+00
    0.229699536443671E+00
    0.233006187762147E+00
    0.236360415982486E+00
    0.239762905652702E+00
    0.243214351170250E+00
    0.246715456923748E+00
    0.250266937436723E+00
    0.253869517513445E+00
    0.257523932386841E+00
    0.261230927868548E+00
    0.264991260501123E+00
    0.268805697712441E+00
    0.272675017972313E+00
    0.276600010951366E+00
    0.280581477682198E+00
    0.284620230722858E+00
    0.288717094322679E+00
    0.292872904590492E+00
    0.297088509665265E+00
    0.301364769889197E+00
    0.305702557983298E+00
    0.310102759225499E+00
    0.314566271631326E+00
    0.319094006137171E+00
    0.323686886786198E+00
    0.328345850916929E+00
    0.333071849354543E+00
    0.337865846604917E+00
    0.342728821051478E+00
    0.347661765154868E+00
    0.352665685655495E+00
    0.357741603778992E+00
    0.362890555444635E+00
    0.368113591476756E+00
    0.373411777819205E+00
    0.378786195752889E+00
    0.384237942116448E+00
    0.389768129530104E+00
    0.395377886622726E+00
    0.401068358262171E+00
    0.406840705788932E+00
    0.412696107253152E+00
    0.418635757655044E+00
    0.424660869188775E+00
    0.430772671489855E+00
    0.436972411886089E+00
    0.443261355652138E+00
    0.449640786267741E+00
    0.456112005679654E+00
    0.462676334567362E+00
    0.469335112612603E+00
    0.476089698772784E+00
    0.482941471558322E+00
    0.489891829313972E+00
    0.496942190504217E+00
    0.504093994002751E+00
    0.511348699386129E+00
    0.518707787231650E+00
    0.526172759419519E+00
    0.533745139439357E+00
    0.541426472701123E+00
    0.549218326850512E+00
    0.557122292088882E+00
    0.565139981497798E+00
    0.573273031368232E+00
    0.581523101534509E+00
    0.589891875713051E+00
    0.598381061846002E+00
    0.606992392449793E+00
    0.615727624968721E+00
    0.624588542133618E+00
    0.633576952325681E+00
    0.642694689945533E+00
    0.651943615787600E+00
    0.661325617419869E+00
    0.670842609569114E+00
    0.680496534511662E+00
    0.690289362469783E+00
    0.700223092013786E+00
    0.710299750469891E+00
    0.720521394333981E+00
    0.730890109691303E+00
    0.741408012642203E+00
    0.752077249733992E+00
    0.762899998399026E+00
    0.773878467399087E+00
    0.785014897276155E+00
    0.796311560809674E+00
    0.807770763480391E+00
    0.819394843940867E+00
    0.831186174492766E+00
    0.843147161571004E+00
    0.855280246234866E+00
    0.867587904666190E+00
    0.880072648674722E+00
    0.892737026210732E+00
    0.905583621885022E+00
    0.918615057496398E+00
    0.931833992566745E+00
    0.945243124883795E+00
    0.958845191051703E+00
    0.972642967049551E+00
    0.986639268797881E+00
    0.100083695273338E+01
    0.101523891639185E+01
    0.102984809899953E+01
    0.104466748207296E+01
    0.105970009002747E+01
    0.107494899079442E+01
    0.109041729644728E+01
    0.110610816383683E+01
    0.112202479523535E+01
    0.113817043899021E+01
    0.115454839018679E+01
    0.117116199132095E+01
    0.118801463298120E+01
    0.120510975454065E+01
    0.122245084485896E+01
    0.124004144299433E+01
    0.125788513892582E+01
    0.127598557428594E+01
    0.129434644310392E+01
    0.131297149255958E+01
    0.133186452374805E+01
    0.135102939245557E+01
    0.137047000994634E+01
    0.139019034376080E+01
    0.141019441852531E+01
    0.143048631677355E+01
    0.145107017977966E+01
    0.147195020840346E+01
    0.149313066394775E+01
    0.151461586902798E+01
    0.153641020845447E+01
    0.155851813012722E+01
    0.158094414594372E+01
    0.160369283271973E+01
    0.162676883312334E+01
    0.165017685662247E+01
    0.167392168044604E+01
    0.169800815055886E+01
    0.172244118265068E+01
    0.174722576313938E+01
    0.177236695018864E+01
    0.179786987474021E+01
    0.182373974156109E+01
    0.184998183030572E+01
    0.187660149659351E+01
    0.190360417310180E+01
    0.193099537067462E+01
    0.195878067944736E+01
    0.198696576998763E+01
    0.201555639445255E+01
    0.204455838776269E+01
    0.207397766879283E+01
    0.210382024157999E+01
    0.213409219654874E+01
    0.216479971175412E+01
    0.219594905414256E+01
    0.222754658083081E+01
    0.225959874040340E+01
    0.229211207422860E+01
    0.232509321779353E+01
    0.235854890205828E+01
    0.239248595482964E+01
    0.242691130215452E+01
    0.246183196973350E+01
    0.249725508435464E+01
    0.253318787534794E+01
    0.256963767606078E+01
    0.260661192535451E+01
    0.264411816912260E+01
    0.268216406183072E+01
    0.272075736807880E+01
    0.275990596418574E+01
    0.279961783979683E+01
    0.283990109951431E+01
    0.288076396455141E+01
    0.292221477441017E+01
    0.296426198858341E+01
    0.300691418828117E+01
    0.305018007818205E+01
    0.309406848820967E+01
    0.313858837533472E+01
    0.318374882540297E+01
    0.322955905498955E+01
    0.327602841327991E+01
    0.332316638397783E+01
    0.337098258724095E+01
    0.341948678164405E+01
    0.346868886617066E+01
    0.351859888223331E+01
    0.356922701572277E+01
    0.362058359908691E+01
    0.367267911343935E+01
    0.372552419069854E+01
    0.377912961575754E+01
    0.383350632868505E+01
    0.388866542695817E+01
    0.394461816772718E+01
    0.400137597011295E+01
    0.405895041753747E+01
    0.411735326008779E+01
    0.417659641691407E+01
    0.423669197866211E+01
    0.429765220994084E+01
    0.435948955182537E+01
    0.442221662439601E+01
    0.448584622931386E+01
    0.455039135243342E+01
    0.461586516645282E+01
    0.468228103360218E+01
    0.474965250837059E+01
    0.481799334027247E+01
    0.488731747665357E+01
    0.495763906553742E+01
    0.502897245851277E+01
    0.510133221366251E+01
    0.517473309853475E+01
    0.524919009315667E+01
    0.532471839309173E+01
    0.540133341254082E+01
    0.547905078748813E+01
    0.555788637889215E+01
    0.563785627592272E+01
    0.571897679924453E+01
    0.580126450434800E+01
    0.588473618492792E+01
    0.596940887631086E+01
    0.605529985893180E+01
    0.614242666186082E+01
    0.623080706638050E+01
    0.632045910961485E+01
    0.641140108821039E+01
    0.650365156207021E+01
    0.659722935814183E+01
    0.669215357425944E+01
    0.678844358304150E+01
    0.688611903584442E+01
    0.698519986677308E+01
    0.708570629674912E+01
    0.718765883763770E+01
    0.729107829643367E+01
    0.739598577950797E+01
    0.750240269691515E+01
    0.761035076676281E+01
    0.771985201964394E+01
    0.783092880313306E+01
    0.794360378634704E+01
    0.805789996457147E+01
    0.817384066395370E+01
    0.829144954626338E+01
    0.841075061372140E+01
    0.853176821389847E+01
    0.865452704468404E+01
    0.877905215932679E+01
    0.890536897154762E+01
    0.903350326072622E+01
    0.916348117716225E+01
    0.929532924741224E+01
    0.942907437970325E+01
    0.956474386942443E+01
    0.970236540469763E+01
    0.984196707202811E+01
    0.998357736203659E+01
    0.101272251752738E+02
    0.102729398281184E+02
    0.104207510587606E+02
    0.105706890332707E+02
    0.107227843517555E+02
    0.108770680546040E+02
    0.110335716288217E+02
    0.111923270144566E+02
    0.113533666111180E+02
    0.115167232845887E+02
    0.116824303735324E+02
    0.118505216962973E+02
    0.120210315578185E+02
    0.121939947566187E+02
    0.123694465919103E+02
    0.125474228707991E+02
    0.127279599155926E+02
    0.129110945712120E+02
    0.130968642127127E+02
    0.132853067529110E+02
    0.134764606501224E+02
    0.136703649160096E+02
    0.138670591235449E+02
    0.140665834150859E+02
    0.142689785105683E+02
    0.144742857158162E+02
    0.146825469309717E+02
    0.148938046590465E+02
    0.151081020145959E+02
    0.153254827325178E+02
    0.155459911769786E+02
    0.157696723504670E+02
    0.159965719029783E+02
    0.162267361413312E+02
    0.164602120386183E+02
    0.166970472437919E+02
    0.169372900913897E+02
    0.171809896113978E+02
    0.174281955392582E+02
    0.176789583260181E+02
    0.179333291486268E+02
    0.181913599203800E+02
    0.184531033015144E+02
    0.187186127099551E+02
    0.189879423322171E+02
    0.192611471344643E+02
    0.195382828737269E+02
    0.198194061092811E+02
    0.201045742141913E+02
    0.203938453870199E+02
    0.206872786637040E+02
    0.209849339296043E+02
    0.212868719317265E+02
    0.215931542911189E+02
    0.219038435154487E+02
    0.222190030117583E+02
    0.225386970994061E+02
    0.228629910231930E+02
    0.231919509666780E+02
    0.235256440656853E+02
    0.238641384220055E+02
    0.242075031172942E+02
    0.245558082271709E+02
    0.249091248355200E+02
    0.252675250489979E+02
    0.256310820117494E+02
    0.259998699203348E+02
    0.263739640388726E+02
    0.267534407143996E+02
    0.271383773924525E+02
    0.275288526328730E+02
    0.279249461258409E+02
    0.283267387081377E+02
    0.287343123796443E+02
    0.291477503200754E+02
    0.295671369059559E+02
    0.299925577278405E+02
    0.304240996077819E+02
    0.308618506170490E+02
    0.313059000941020E+02
    0.317563386628243E+02
    0.322132582510179E+02
    0.326767521091640E+02
    0.331469148294548E+02
    0.336238423650977E+02
    0.341076320498980E+02
    0.345983826181237E+02
    0.350961942246552E+02
    0.356011684654258E+02
    0.361134083981556E+02
    0.366330185633843E+02
    0.371601050058063E+02
    0.376947752959126E+02
    0.382371385519447E+02
    0.387873054621639E+02
    0.393453883074409E+02
    0.399115009841709E+02
    0.404857590275182E+02
    0.410682796349948E+02
    0.416591816903794E+02
    0.422585857879789E+02
    0.428666142572407E+02
    0.434833911877177E+02
    0.441090424543937E+02
    0.447436957433721E+02
    0.453874805779351E+02
    0.460405283449773E+02
    0.467029723218196E+02
    0.473749477034098E+02
    0.480565916299130E+02
    0.487480432147004E+02
    0.494494435727405E+02
    0.501609358493976E+02
    0.508826652496468E+02
    0.516147790677074E+02
    0.523574267171036E+02
    0.531107597611578E+02
    0.538749319439223E+02
    0.546500992215560E+02
    0.554364197941529E+02
    0.562340541380285E+02
    0.570431650384703E+02
    0.578639176229603E+02
    0.586964793948744E+02
    0.595410202676681E+02
    0.603977125995527E+02
    0.612667312286714E+02
    0.621482535087811E+02
    0.630424593454474E+02
    0.639495312327611E+02
    0.648696542905821E+02
    0.658030163023199E+02
    0.667498077532572E+02
    0.677102218694252E+02
    0.686844546570381E+02
    0.696727049424952E+02
    0.706751744129583E+02
    0.716920676575129E+02
    0.727235922089221E+02
    0.737699585859807E+02
    0.748313803364788E+02
    0.759080740807844E+02
    0.770002595560516E+02
    0.781081596610661E+02
    0.792320005017355E+02
    0.803720114372339E+02
    0.815284251268112E+02
    0.827014775772747E+02
    0.838914081911552E+02
    0.850984598155652E+02
    0.863228787917601E+02
    0.875649150054136E+02
    0.888248219376147E+02
    0.901028567166001E+02
    0.913992801702297E+02
    0.927143568792184E+02
    0.940483552311322E+02
    0.954015474751628E+02
    0.967742097776895E+02
    0.981666222786400E+02
    0.995790691486639E+02
r*potential (L=0) in Ry
    0.000000000000000E+00
    0.408367885123407E-05
    0.822611466509724E-05
    0.124281528510311E-04
    0.166906509824335E-04
    0.210144789716764E-04
    0.254005192476423E-04
    0.298496669358145E-04
    0.343628300409590E-04
    0.389409296324348E-04
    0.435849000321704E-04
    0.482956890053449E-04
    0.530742579538130E-04
    0.579215821123123E-04
    0.628386507474947E-04
    0.678264673598208E-04
    0.728860498883591E-04
    0.780184309185327E-04
    0.832246578928542E-04
    0.885057933246933E-04
    0.938629150151197E-04
    0.992971162728668E-04
    0.104809506137459E-03
    0.110401209605550E-03
    0.116073367860520E-03
    0.121827138505370E-03
    0.127663695798977E-03
    0.133584230895735E-03
    0.139589952088662E-03
    0.145682085055984E-03
    0.151861873111286E-03
    0.158130577457249E-03
    0.164489477443043E-03
    0.170939870825426E-03
    0.177483074033595E-03
    0.184120422437848E-03
    0.190853270622114E-03
    0.197682992660408E-03
    0.204610982397250E-03
    0.211638653732136E-03
    0.218767440908090E-03
    0.225998798804372E-03
    0.233334203233396E-03
    0.240775151241926E-03
    0.248323161416593E-03
    0.255979774193825E-03
    0.263746552174219E-03
    0.271625080441450E-03
    0.279616966885758E-03
    0.287723842532101E-03
    0.295947361873015E-03
    0.304289203206279E-03
    0.312751068977422E-03
    0.321334686127176E-03
    0.330041806443910E-03
    0.338874206921150E-03
    0.347833690120235E-03
    0.356922084538190E-03
    0.366141244980899E-03
    0.375493052941642E-03
    0.384979416985076E-03
    0.394602273136751E-03
    0.404363585278217E-03
    0.414265345547827E-03
    0.424309574747302E-03
    0.434498322754145E-03
    0.444833668939991E-03
    0.455317722594975E-03
    0.465952623358208E-03
    0.476740541654444E-03
    0.487683679137028E-03
    0.498784269137228E-03
    0.510044577120016E-03
    0.521466901146422E-03
    0.533053572342526E-03
    0.544806955375215E-03
    0.556729448934769E-03
    0.568823486224399E-03
    0.581091535456827E-03
    0.593536100358013E-03
    0.606159720678125E-03
    0.618964972709865E-03
    0.631954469814250E-03
    0.645130862953960E-03
    0.658496841234360E-03
    0.672055132452304E-03
    0.685808503652839E-03
    0.699759761693915E-03
    0.713911753819220E-03
    0.728267368239264E-03
    0.742829534720815E-03
    0.757601225184822E-03
    0.772585454312933E-03
    0.787785280162754E-03
    0.803203804791944E-03
    0.818844174891301E-03
    0.834709582426952E-03
    0.850803265291785E-03
    0.867128507966251E-03
    0.883688642188678E-03
    0.900487047635225E-03
    0.917527152609623E-03
    0.934812434742837E-03
    0.952346421702796E-03
    0.970132691914339E-03
    0.988174875289510E-03
    0.100647665396837E-02
    0.102504176307045E-02
    0.104387399145707E-02
    0.106297718250452E-02
    0.108235523488851E-02
    0.110201210337975E-02
    0.112195179965113E-02
    0.114217839309636E-02
    0.116269601166054E-02
    0.118350884268256E-02
    0.120462113374970E-02
    0.122603719356447E-02
    0.124776139282394E-02
    0.126979816511176E-02
    0.129215200780296E-02
    0.131482748298178E-02
    0.133782921837275E-02
    0.136116190828509E-02
    0.138483031457077E-02
    0.140883926759632E-02
    0.143319366722861E-02
    0.145789848383484E-02
    0.148295875929691E-02
    0.150837960804037E-02
    0.153416621807822E-02
    0.156032385206965E-02
    0.158685784839405E-02
    0.161377362224054E-02
    0.164107666671305E-02
    0.166877255395142E-02
    0.169686693626851E-02
    0.172536554730378E-02
    0.175427420319342E-02
    0.178359880375729E-02
    0.181334533370298E-02
    0.184351986384717E-02
    0.187412855235459E-02
    0.190517764599473E-02
    0.193667348141677E-02
    0.196862248644266E-02
    0.200103118137899E-02
    0.203390618034765E-02
    0.206725419263559E-02
    0.210108202406408E-02
    0.213539657837764E-02
    0.217020485865295E-02
    0.220551396872799E-02
    0.224133111465185E-02
    0.227766360615526E-02
    0.231451885814238E-02
    0.235190439220399E-02
    0.238982783815252E-02
    0.242829693557907E-02
    0.246731953543289E-02
    0.250690360162359E-02
    0.254705721264634E-02
    0.258778856323054E-02
    0.262910596601212E-02
    0.267101785322996E-02
    0.271353277844664E-02
    0.275665941829407E-02
    0.280040657424409E-02
    0.284478317440462E-02
    0.288979827534166E-02
    0.293546106392745E-02
    0.298178085921521E-02
    0.302876711434096E-02
    0.307642941845252E-02
    0.312477749866639E-02
    0.317382122205276E-02
    0.322357059764901E-02
    0.327403577850225E-02
    0.332522706374118E-02
    0.337715490067777E-02
    0.342982988693920E-02
    0.348326277263040E-02
    0.353746446252775E-02
    0.359244601830432E-02
    0.364821866078711E-02
    0.370479377224669E-02
    0.376218289871993E-02
    0.382039775236592E-02
    0.387945021385600E-02
    0.393935233479795E-02
    0.400011634019519E-02
    0.406175463094129E-02
    0.412427978635031E-02
    0.418770456672364E-02
    0.425204191595360E-02
    0.431730496416463E-02
    0.438350703039233E-02
    0.445066162530107E-02
    0.451878245394071E-02
    0.458788341854290E-02
    0.465797862135758E-02
    0.472908236753029E-02
    0.480120916802087E-02
    0.487437374256402E-02
    0.494859102267248E-02
    0.502387615468342E-02
    0.510024450284853E-02
    0.517771165246857E-02
    0.525629341307295E-02
    0.533600582164506E-02
    0.541686514589386E-02
    0.549888788757253E-02
    0.558209078584487E-02
    0.566649082069993E-02
    0.575210521641579E-02
    0.583895144507314E-02
    0.592704723011921E-02
    0.601641054998302E-02
    0.610705964174246E-02
    0.619901300484414E-02
    0.629228940487653E-02
    0.638690787739745E-02
    0.648288773181634E-02
    0.658024855533242E-02
    0.667901021692928E-02
    0.677919287142692E-02
    0.688081696359183E-02
    0.698390323230618E-02
    0.708847271479672E-02
    0.719454675092450E-02
    0.730214698753599E-02
    0.741129538287674E-02
    0.752201421106827E-02
    0.763432606664921E-02
    0.774825386918158E-02
    0.786382086792303E-02
    0.798105064656617E-02
    0.809996712804571E-02
    0.822059457941465E-02
    0.834295761679019E-02
    0.846708121037057E-02
    0.859299068952379E-02
    0.872071174794915E-02
    0.885027044891272E-02
    0.898169323055779E-02
    0.911500691129128E-02
    0.925023869524724E-02
    0.938741617782852E-02
    0.952656735132767E-02
    0.966772061062827E-02
    0.981090475898769E-02
    0.995614901390254E-02
    0.101034830130579E-01
    0.102529368203616E-01
    0.104045409320644E-01
    0.105583262829679E-01
    0.107143242527208E-01
    0.108725666722050E-01
    0.110330858300128E-01
    0.111959144790164E-01
    0.113610858430308E-01
    0.115286336235722E-01
    0.116985920067119E-01
    0.118709956700281E-01
    0.120458797896567E-01
    0.122232800474417E-01
    0.124032326381881E-01
    0.125857742770174E-01
    0.127709422068269E-01
    0.129587742058559E-01
    0.131493085953587E-01
    0.133425842473858E-01
    0.135386405926760E-01
    0.137375176286604E-01
    0.139392559275782E-01
    0.141438966447089E-01
    0.143514815267195E-01
    0.145620529201304E-01
    0.147756537798994E-01
    0.149923276781284E-01
    0.152121188128907E-01
    0.154350720171842E-01
    0.156612327680087E-01
    0.158906471955721E-01
    0.161233620926251E-01
    0.163594249239256E-01
    0.165988838358378E-01
    0.168417876660628E-01
    0.170881859535074E-01
    0.173381289482885E-01
    0.175916676218783E-01
    0.178488536773895E-01
    0.181097395600040E-01
    0.183743784675457E-01
    0.186428243611999E-01
    0.189151319763809E-01
    0.191913568337492E-01
    0.194715552503812E-01
    0.197557843510916E-01
    0.200441020799120E-01
    0.203365672117260E-01
    0.206332393640643E-01
    0.209341790090598E-01
    0.212394474855663E-01
    0.215491070114410E-01
    0.218632206959945E-01
    0.221818525526082E-01
    0.225050675115225E-01
    0.228329314327966E-01
    0.231655111194428E-01
    0.235028743307357E-01
    0.238450897956998E-01
    0.241922272267758E-01
    0.245443573336688E-01
    0.249015518373786E-01
    0.252638834844160E-01
    0.256314260612042E-01
    0.260042544086701E-01
    0.263824444370246E-01
    0.267660731407349E-01
    0.271552186136907E-01
    0.275499600645650E-01
    0.279503778323721E-01
    0.283565534022239E-01
    0.287685694212858E-01
    0.291865097149349E-01
    0.296104593031202E-01
    0.300405044169283E-01
    0.304767325153536E-01
    0.309192323022773E-01
    0.313680937436536E-01
    0.318234080849063E-01
    0.322852678685362E-01
    0.327537669519400E-01
    0.332290005254435E-01
    0.337110651305479E-01
    0.342000586783909E-01
    0.346960804684246E-01
    0.351992312073092E-01
    0.357096130280240E-01
    0.362273295091962E-01
    0.367524856946481E-01
    0.372851881131630E-01
    0.378255447984689E-01
    0.383736653094431E-01
    0.389296607505338E-01
    0.394936437924023E-01
    0.400657286927829E-01
    0.406460313175618E-01
    0.412346691620739E-01
    0.418317613726167E-01
    0.424374287681814E-01
    0.430517938623992E-01
    0.436749808857028E-01
    0.443071158077019E-01
    0.449483263597699E-01
    0.455987420578429E-01
    0.462584942254269E-01
    0.469277160168134E-01
    0.476065424404999E-01
    0.482951103828146E-01
    0.489935586317422E-01
    0.497020279009488E-01
    0.504206608540032E-01
    0.511496021287926E-01
    0.518889983621287E-01
    0.526389982145426E-01
    0.533997523952647E-01
    0.541714136873867E-01
    0.549541369732026E-01
    0.557480792597249E-01
    0.565533997043733E-01
    0.573702596408320E-01
    0.581988226050722E-01
    0.590392543615365E-01
    0.598917229294817E-01
    0.607563986094765E-01
    0.616334540100506E-01
    0.625230640744926E-01
    0.634254061077928E-01
    0.643406598037292E-01
    0.652690072720927E-01
    0.662106330660503E-01
    0.671657242096440E-01
    0.681344702254236E-01
    0.691170631622131E-01
    0.701136976230092E-01
    0.711245707930132E-01
    0.721498824677966E-01
    0.731898350816022E-01
    0.742446337357836E-01
    0.753144862273871E-01
    0.763996030778800E-01
    0.775001975620327E-01
    0.786164857369616E-01
    0.797486864713425E-01
    0.808970214748041E-01
    0.820617153275170E-01
    0.832429955099908E-01
    0.844410924330973E-01
    0.856562394683404E-01
    0.868886729783932E-01
    0.881386323479290E-01
    0.894063600147737E-01
    0.906921015014117E-01
    0.919961054468794E-01
    0.933186236390869E-01
    0.946599110476087E-01
    0.960202258569935E-01
    0.973998295006419E-01
    0.987989866953110E-01
    0.100217965476307E+00
    0.101657037233434E+00
    0.103116476747767E+00
    0.104596562229336E+00
    0.106097575355800E+00
    0.107619801312204E+00
    0.109163528831910E+00
    0.110729050238826E+00
    0.112316661491017E+00
    0.113926662225835E+00
    0.115559355806686E+00
    0.117215049371569E+00
    0.118894053883521E+00
    0.120596684183112E+00
    0.122323259043149E+00
    0.124074101225737E+00
    0.125849537541862E+00
    0.127649898913666E+00
    0.129475520439572E+00
    0.131326741462450E+00
    0.133203905640977E+00
    0.135107361024371E+00
    0.137037460130680E+00
    0.138994560028760E+00
    0.140979022424140E+00
    0.142991213748872E+00
    0.145031505255542E+00
    0.147100273115513E+00
    0.149197898521523E+00
    0.151324767794664E+00
    0.153481272495791E+00
    0.155667809541322E+00
    0.157884781323364E+00
    0.160132595834040E+00
    0.162411666793795E+00
    0.164722413783424E+00
    0.167065262379412E+00
    0.169440644292125E+00
    0.171848997506214E+00
    0.174290766422492E+00
    0.176766402000346E+00
    0.179276361899592E+00
    0.181821110620438E+00
    0.184401119640017E+00
    0.187016867543653E+00
    0.189668840148755E+00
    0.192357530618861E+00
    0.195083439565026E+00
    0.197847075131283E+00
    0.200648953060475E+00
    0.203489596736231E+00
    0.206369537196272E+00
    0.209289313111633E+00
    0.212249470725663E+00
    0.215250563745910E+00
    0.218293153181153E+00
    0.221377807114919E+00
    0.224505100405820E+00
    0.227675614303921E+00
    0.230889935971160E+00
    0.234148657892532E+00
    0.237452377163318E+00
    0.240801694636101E+00
    0.244197213909653E+00
    0.247639540139961E+00
    0.251129278651766E+00
    0.254667033326855E+00
    0.258253404743199E+00
    0.261888988036590E+00
    0.265574370453962E+00
    0.269310128564878E+00
    0.273096825094838E+00
    0.276935005341090E+00
    0.280825193128493E+00
    0.284767886259704E+00
    0.288763551410568E+00
    0.292812618418063E+00
    0.296915473904521E+00
    0.301072454178153E+00
    0.305283837346129E+00
    0.309549834572687E+00
    0.313870580410976E+00
    0.318246122133609E+00
    0.322676407983315E+00
    0.327161274261656E+00
    0.331700431170569E+00
    0.336293447318656E+00
    0.340939732801692E+00
    0.345638520764890E+00
    0.350388847353213E+00
    0.355189529955439E+00
    0.360039143648141E+00
    0.364935995747154E+00
    0.369878098376822E+00
    0.374863138971407E+00
    0.379888448628827E+00
    0.384950968244451E+00
    0.390047212362332E+00
    0.395173230693256E+00
    0.400324567263477E+00
    0.405496217175358E+00
    0.410682580981564E+00
    0.415877416698172E+00
    0.421073789509404E+00
    0.426264019247820E+00
    0.431439625769004E+00
    0.436591272379165E+00
    0.441708707517862E+00
    0.446780704946277E+00
    0.451795002744207E+00
    0.456738241476055E+00
    0.461595901947532E+00
    0.466352243040158E+00
    0.470990240179565E+00
    0.475491525065529E+00
    0.479836327365669E+00
    0.484003419149995E+00
    0.487970062918586E+00
    0.491711964148170E+00
    0.495203229353417E+00
    0.498416330723157E+00
    0.501322078448030E+00
    0.503889601901355E+00
    0.506086340865954E+00
    0.507878048012712E+00
    0.509228803827660E+00
    0.510101045148871E+00
    0.510455608407754E+00
    0.510251788566201E+00
    0.509447414596234E+00
    0.507998942156750E+00
    0.505861563877162E+00
    0.502989337354799E+00
    0.499335330606749E+00
    0.494851784282770E+00
    0.489490289440351E+00
    0.483201979103141E+00
    0.475937731168760E+00
    0.467648379502071E+00
    0.458284929248421E+00
    0.447798771533900E+00
    0.436141891795618E+00
    0.423267065017246E+00
    0.409128030151164E+00
    0.393679635010823E+00
    0.376877941943253E+00
    0.358680283675650E+00
    0.339045257911690E+00
    0.317932648578852E+00
    0.295303261150357E+00
    0.271118659243244E+00
    0.245340789792132E+00
    0.217931484585551E+00
    0.188851826901259E+00
    0.158061373462820E+00
    0.125517224035894E+00
    0.911729337590441E-01
    0.549772668237925E-01
    0.168727944338091E-01
   -0.232056548803140E-01
   -0.653326785216148E-01
   -0.109594095767001E+00
   -0.156088827876390E+00
   -0.204930825540801E+00
   -0.256250997946351E+00
   -0.310199088445166E+00
   -0.366945432382503E+00
   -0.426682523328419E+00
   -0.489626305159773E+00
   -0.556017099552333E+00
   -0.626120071948341E+00
   -0.700225134486548E+00
   -0.778646182282327E+00
   -0.861719560409922E+00
   -0.949801663553535E+00
   -0.104326557912000E+01
   -0.114249669814870E+01
   -0.124788723702766E+01
   -0.135982963711031E+01
   -0.147870883893426E+01
   -0.160489346276300E+01
   -0.173872596723858E+01
   -0.188051190238483E+01
   -0.203050842105165E+01
   -0.218891226280666E+01
   -0.235584747458172E+01
   -0.253135318104983E+01
   -0.271537176242544E+01
   -0.290773783559036E+01
   -0.310816846343525E+01
   -0.331625503432092E+01
   -0.353145725594797E+01
   -0.375309969328312E+01
   -0.398037124656551E+01
   -0.421232791147199E+01
   -0.444789908872807E+01
   -0.468589761526071E+01
   -0.492503357496600E+01
   -0.516393181708677E+01
   -0.540115296808806E+01
   -0.563521757401227E+01
   -0.586463286090803E+01
   -0.608792145823697E+01
   -0.630365130191144E+01
   -0.651046582770564E+01
   -0.670711348981321E+01
   -0.689247560007816E+01
   -0.706559148634023E+01
   -0.722568001698712E+01
   -0.737215663447128E+01
   -0.750464518186109E+01
   -0.762298398926061E+01
   -0.772722590411865E+01
   -0.781763219139851E+01
   -0.789466048443069E+01
   -0.795894722157973E+01
   -0.801128524341806E+01
   -0.805259743587840E+01
   -0.808390747399218E+01
   -0.810630883761408E+01
   -0.812093332731787E+01
   -0.812892030149581E+01
   -0.813138778482465E+01
   -0.812940646816866E+01
   -0.812397743918811E+01
   -0.811601426337652E+01
   -0.810632979148387E+01
   -0.809562781726799E+01
   -0.808449946541162E+01
   -0.807342396833524E+01
   -0.806277330535935E+01
   -0.805282003786000E+01
   -0.804374758549718E+01
   -0.803566215291788E+01
   -0.802860553114342E+01
   -0.802256805716169E+01
   -0.801750111025897E+01
   -0.801332864369551E+01
   -0.800995738403286E+01
   -0.800728546661797E+01
   -0.800520940448674E+01
   -0.800362940126733E+01
   -0.800245311092083E+01
   -0.800159801528819E+01
   -0.800099263380016E+01
   -0.800057679985591E+01
   -0.800030123842630E+01
   -0.800012666358853E+01
   -0.800002258763171E+01
   -0.799996599972240E+01
   -0.799994003605367E+01
   -0.799993272833352E+01
   -0.799993588590147E+01
   -0.799994414026927E+01
   -0.799995416017880E+01
   -0.799996403036973E+01
   -0.799997277764133E+01
   -0.799998002264059E+01
   -0.799998573412257E+01
   -0.799999006320884E+01
   -0.799999323751043E+01
   -0.799999549813006E+01
   -0.799999706594325E+01
   -0.799999812678681E+01
   -0.799999882801942E+01
   -0.799999928125397E+01
   -0.799999956787579E+01
   -0.799999974529682E+01
   -0.799999985282556E+01
   -0.799999991664100E+01
   -0.799999995372799E+01
   -0.799999997483305E+01
   -0.799999998659185E+01
   -0.799999999300490E+01
   -0.799999999642770E+01
   -0.799999999821492E+01
   -0.799999999912757E+01
   -0.799999999958316E+01
   -0.799999999980540E+01
   -0.799999999991128E+01
   -0.799999999996052E+01
   -0.799999999998286E+01
   -0.799999999999275E+01
   -0.799999999999701E+01
   -0.799999999999880E+01
   -0.799999999999953E+01
   -0.799999999999982E+01
   -0.799999999999993E+01
   -0.799999999999998E+01
   -0.799999999999999E+01
   -0.800000000000000E+01
   -0.800000000000000E+01
   -0.800000000000000E+01
   -0.800000000000000E+01
   -0.800000000000000E+01
   -0.800000000000000E+01
   -0.800000000000000E+01
   -0.800000000000000E+01
   -0.800000000000000E+01
   -0.800000000000000E+01
   -0.800000000000000E+01
   -0.800000000000000E+01
   -0.800000000000000E+01
   -0.800000000000000E+01
   -0.800000000000000E+01
   -0.800000000000000E+01
   -0.800000000000000E+01
   -0.800000000000000E+01
   -0.800000000000000E+01
   -0.800000000000000E+01
   -0.800000000000000E+01
   -0.800000000000000E+01
   -0.800000000000000E+01
   -0.800000000000000E+01
   -0.800000000000000E+01
   -0.800000000000000E+01
   -0.800000000000000E+01
   -0.800000000000000E+01
   -0.800000000000000E+01
   -0.800000000000000E+01
   -0.800000000000000E+01
   -0.800000000000000E+01
   -0.800000000000000E+01
   -0.800000000000000E+01
   -0.800000000000000E+01
   -0.800000000000000E+01
   -0.800000000000000E+01
   -0.800000000000000E+01
   -0.800000000000000E+01
   -0.800000000000000E+01
   -0.800000000000000E+01
   -0.800000000000000E+01
   -0.800000000000000E+01
   -0.800000000000000E+01
   -0.800000000000000E+01
   -0.800000000000000E+01
   -0.800000000000000E+01
   -0.800000000000000E+01
   -0.800000000000000E+01
   -0.800000000000000E+01
   -0.800000000000000E+01
   -0.800000000000000E+01
   -0.800000000000000E+01
   -0.800000000000000E+01
   -0.800000000000000E+01
   -0.800000000000000E+01
   -0.800000000000000E+01
   -0.800000000000000E+01
   -0.800000000000000E+01
   -0.800000000000000E+01
   -0.800000000000000E+01
   -0.800000000000000E+01
   -0.800000000000000E+01
   -0.800000000000000E+01
   -0.800000000000000E+01
   -0.800000000000000E+01
   -0.800000000000000E+01
   -0.800000000000000E+01
   -0.800000000000000E+01
   -0.800000000000000E+01
   -0.800000000000000E+01
   -0.800000000000000E+01
   -0.800000000000000E+01
   -0.800000000000000E+01
   -0.800000000000000E+01
   -0.800000000000000E+01
   -0.800000000000000E+01
   -0.800000000000000E+01
   -0.800000000000000E+01
   -0.800000000000000E+01
   -0.800000000000000E+01
   -0.800000000000000E+01
   -0.800000000000000E+01
   -0.800000000000000E+01
   -0.800000000000000E+01
   -0.800000000000000E+01
   -0.800000000000000E+01
   -0.800000000000000E+01
   -0.800000000000000E+01
   -0.800000000000000E+01
   -0.800000000000000E+01
   -0.800000000000000E+01
   -0.800000000000000E+01
   -0.800000000000000E+01
   -0.800000000000000E+01
   -0.800000000000000E+01
   -0.800000000000000E+01
   -0.800000000000000E+01
   -0.800000000000000E+01
   -0.800000000000000E+01
   -0.800000000000000E+01
   -0.800000000000000E+01
   -0.800000000000000E+01
   -0.800000000000000E+01
   -0.800000000000000E+01
   -0.800000000000000E+01
   -0.800000000000000E+01
   -0.800000000000000E+01
   -0.800000000000000E+01
   -0.800000000000000E+01
   -0.800000000000000E+01
   -0.800000000000000E+01
   -0.800000000000000E+01
   -0.800000000000000E+01
   -0.800000000000000E+01
   -0.800000000000000E+01
   -0.800000000000000E+01
   -0.800000000000000E+01
   -0.800000000000000E+01
   -0.800000000000000E+01
   -0.800000000000000E+01
   -0.800000000000000E+01
   -0.800000000000000E+01
   -0.800000000000000E+01
   -0.800000000000000E+01
   -0.800000000000000E+01
   -0.800000000000000E+01
   -0.800000000000000E+01
   -0.800000000000000E+01
   -0.800000000000000E+01
   -0.800000000000000E+01
   -0.800000000000000E+01
   -0.800000000000000E+01
   -0.800000000000000E+01
   -0.800000000000000E+01
   -0.800000000000000E+01
   -0.800000000000000E+01
   -0.800000000000000E+01
   -0.800000000000000E+01
   -0.800000000000000E+01
   -0.800000000000000E+01
   -0.800000000000000E+01
   -0.800000000000000E+01
   -0.800000000000000E+01
   -0.800000000000000E+01
   -0.800000000000000E+01
   -0.800000000000000E+01
   -0.800000000000000E+01
   -0.800000000000000E+01
   -0.800000000000000E+01
   -0.800000000000000E+01
   -0.800000000000000E+01
   -0.800000000000000E+01
   -0.800000000000000E+01
   -0.800000000000000E+01
   -0.800000000000000E+01
   -0.800000000000000E+01
   -0.800000000000000E+01
   -0.800000000000000E+01
   -0.800000000000000E+01
   -0.800000000000000E+01
   -0.800000000000000E+01
   -0.800000000000000E+01
   -0.800000000000000E+01
   -0.800000000000000E+01
   -0.800000000000000E+01
   -0.800000000000000E+01
   -0.800000000000000E+01
   -0.800000000000000E+01
   -0.800000000000000E+01
   -0.800000000000000E+01
   -0.800000000000000E+01
   -0.800000000000000E+01
   -0.800000000000000E+01
   -0.800000000000000E+01
   -0.800000000000000E+01
   -0.800000000000000E+01
   -0.800000000000000E+01
   -0.800000000000000E+01
   -0.800000000000000E+01
   -0.800000000000000E+01
   -0.800000000000000E+01
   -0.800000000000000E+01
   -0.800000000000000E+01
   -0.800000000000000E+01
   -0.800000000000000E+01
   -0.800000000000000E+01
   -0.800000000000000E+01
   -0.800000000000000E+01
   -0.800000000000000E+01
   -0.800000000000000E+01
   -0.800000000000000E+01
   -0.800000000000000E+01
   -0.800000000000000E+01
   -0.800000000000000E+01
   -0.800000000000000E+01
   -0.800000000000000E+01
   -0.800000000000000E+01
   -0.800000000000000E+01
   -0.800000000000000E+01
   -0.800000000000000E+01
   -0.800000000000000E+01
   -0.800000000000000E+01
   -0.800000000000000E+01
   -0.800000000000000E+01
   -0.800000000000000E+01
   -0.800000000000000E+01
   -0.800000000000000E+01
   -0.800000000000000E+01
   -0.800000000000000E+01
   -0.800000000000000E+01
   -0.800000000000000E+01
   -0.800000000000000E+01
   -0.800000000000000E+01
   -0.800000000000000E+01
   -0.800000000000000E+01
   -0.800000000000000E+01
   -0.800000000000000E+01
   -0.800000000000000E+01
   -0.800000000000000E+01
   -0.800000000000000E+01
   -0.800000000000000E+01
   -0.800000000000000E+01
   -0.800000000000000E+01
   -0.800000000000000E+01
   -0.800000000000000E+01
   -0.800000000000000E+01
   -0.800000000000000E+01
   -0.800000000000000E+01
   -0.800000000000000E+01
   -0.800000000000000E+01
   -0.800000000000000E+01
   -0.800000000000000E+01
   -0.800000000000000E+01
   -0.800000000000000E+01
   -0.800000000000000E+01
   -0.800000000000000E+01
   -0.800000000000000E+01
   -0.800000000000000E+01
   -0.800000000000000E+01
   -0.800000000000000E+01
   -0.800000000000000E+01
   -0.800000000000000E+01
   -0.800000000000000E+01
   -0.800000000000000E+01
   -0.800000000000000E+01
   -0.800000000000000E+01
   -0.800000000000000E+01
   -0.800000000000000E+01
   -0.800000000000000E+01
   -0.800000000000000E+01
   -0.800000000000000E+01
   -0.800000000000000E+01
   -0.800000000000000E+01
   -0.800000000000000E+01
   -0.800000000000000E+01
r*potential (L=1) in Ry
    0.000000000000000E+00
   -0.416389143409949E-04
   -0.838769394894179E-04
   -0.126722695597001E-03
   -0.170184926844312E-03
   -0.214272503225312E-03
   -0.258994422357587E-03
   -0.304359811318630E-03
   -0.350377928508540E-03
   -0.397058165539526E-03
   -0.444410049152591E-03
   -0.492443243161801E-03
   -0.541167550426526E-03
   -0.590592914852054E-03
   -0.640729423418997E-03
   -0.691587308241896E-03
   -0.743176948657434E-03
   -0.795508873342715E-03
   -0.848593762464002E-03
   -0.902442449856385E-03
   -0.957065925234802E-03
   -0.101247533643688E-02
   -0.106868199169803E-02
   -0.112569736195932E-02
   -0.118353308320848E-02
   -0.124220095885466E-02
   -0.130171296213735E-02
   -0.136208123856990E-02
   -0.142331810841823E-02
   -0.148543606921528E-02
   -0.154844779831151E-02
   -0.161236615546216E-02
   -0.167720418545178E-02
   -0.174297512075642E-02
   -0.180969238424424E-02
   -0.187736959191484E-02
   -0.194602055567817E-02
   -0.201565928617328E-02
   -0.208629999562769E-02
   -0.215795710075790E-02
   -0.223064522571163E-02
   -0.230437920505240E-02
   -0.237917408678701E-02
   -0.245504513543665E-02
   -0.253200783515215E-02
   -0.261007789287405E-02
   -0.268927124153816E-02
   -0.276960404332727E-02
   -0.285109269296953E-02
   -0.293375382108448E-02
   -0.301760429757699E-02
   -0.310266123508027E-02
   -0.318894199244822E-02
   -0.327646417829816E-02
   -0.336524565460446E-02
   -0.345530454034393E-02
   -0.354665921519360E-02
   -0.363932832328178E-02
   -0.373333077699300E-02
   -0.382868576082779E-02
   -0.392541273531793E-02
   -0.402353144099804E-02
   -0.412306190243439E-02
   -0.422402443231151E-02
   -0.432643963557783E-02
   -0.443032841365075E-02
   -0.453571196868234E-02
   -0.464261180788639E-02
   -0.475104974792771E-02
   -0.486104791937459E-02
   -0.497262877121529E-02
   -0.508581507543959E-02
   -0.520062993168618E-02
   -0.531709677195697E-02
   -0.543523936539919E-02
   -0.555508182315637E-02
   -0.567664860328900E-02
   -0.579996451576610E-02
   -0.592505472752855E-02
   -0.605194476762530E-02
   -0.618066053242347E-02
   -0.631122829089338E-02
   -0.644367468996969E-02
   -0.657802675998965E-02
   -0.671431192020955E-02
   -0.685255798440063E-02
   -0.699279316652541E-02
   -0.713504608649579E-02
   -0.727934577601390E-02
   -0.742572168449708E-02
   -0.757420368508803E-02
   -0.772482208075152E-02
   -0.787760761045874E-02
   -0.803259145546066E-02
   -0.818980524565170E-02
   -0.834928106602490E-02
   -0.851105146321997E-02
   -0.867514945216561E-02
   -0.884160852281737E-02
   -0.901046264699239E-02
   -0.918174628530265E-02
   -0.935549439418775E-02
   -0.953174243304911E-02
   -0.971052637148663E-02
   -0.989188269663959E-02
   -0.100758484206331E-01
   -0.102624610881318E-01
   -0.104517587840022E-01
   -0.106437801410849E-01
   -0.108385643480794E-01
   -0.110361511575418E-01
   -0.112365808939978E-01
   -0.114398944621718E-01
   -0.116461333553359E-01
   -0.118553396637771E-01
   -0.120675560833880E-01
   -0.122828259243801E-01
   -0.125011931201226E-01
   -0.127227022361091E-01
   -0.129473984790522E-01
   -0.131753277061099E-01
   -0.134065364342440E-01
   -0.136410718497140E-01
   -0.138789818177067E-01
   -0.141203148921051E-01
   -0.143651203253971E-01
   -0.146134480787278E-01
   -0.148653488320954E-01
   -0.151208739946944E-01
   -0.153800757154074E-01
   -0.156430068934478E-01
   -0.159097211891563E-01
   -0.161802730349515E-01
   -0.164547176464391E-01
   -0.167331110336806E-01
   -0.170155100126241E-01
   -0.173019722166995E-01
   -0.175925561085811E-01
   -0.178873209921180E-01
   -0.181863270244385E-01
   -0.184896352282259E-01
   -0.187973075041735E-01
   -0.191094066436170E-01
   -0.194259963413494E-01
   -0.197471412086203E-01
   -0.200729067863220E-01
   -0.204033595583657E-01
   -0.207385669652494E-01
   -0.210785974178223E-01
   -0.214235203112456E-01
   -0.217734060391559E-01
   -0.221283260080308E-01
   -0.224883526517624E-01
   -0.228535594464400E-01
   -0.232240209253452E-01
   -0.235998126941637E-01
   -0.239810114464145E-01
   -0.243676949791028E-01
   -0.247599422085966E-01
   -0.251578331867331E-01
   -0.255614491171555E-01
   -0.259708723718858E-01
   -0.263861865081360E-01
   -0.268074762853607E-01
   -0.272348276825553E-01
   -0.276683279158034E-01
   -0.281080654560761E-01
   -0.285541300472880E-01
   -0.290066127246123E-01
   -0.294656058330604E-01
   -0.299312030463279E-01
   -0.304034993859121E-01
   -0.308825912405049E-01
   -0.313685763856642E-01
   -0.318615540037688E-01
   -0.323616247042599E-01
   -0.328688905441746E-01
   -0.333834550489740E-01
   -0.339054232336718E-01
   -0.344349016242662E-01
   -0.349719982794806E-01
   -0.355168228128171E-01
   -0.360694864149272E-01
   -0.366301018763044E-01
   -0.371987836103034E-01
   -0.377756476764902E-01
   -0.383608118043290E-01
   -0.389543954172090E-01
   -0.395565196568172E-01
   -0.401673074078622E-01
   -0.407868833231537E-01
   -0.414153738490424E-01
   -0.420529072512263E-01
   -0.426996136409287E-01
   -0.433556250014520E-01
   -0.440210752151142E-01
   -0.446961000905731E-01
   -0.453808373905433E-01
   -0.460754268599119E-01
   -0.467800102542596E-01
   -0.474947313687910E-01
   -0.482197360676824E-01
   -0.489551723138509E-01
   -0.497011901991527E-01
   -0.504579419750151E-01
   -0.512255820835098E-01
   -0.520042671888738E-01
   -0.527941562094824E-01
   -0.535954103502842E-01
   -0.544081931357011E-01
   -0.552326704430028E-01
   -0.560690105361613E-01
   -0.569173841001925E-01
   -0.577779642759918E-01
   -0.586509266956716E-01
   -0.595364495184065E-01
   -0.604347134667949E-01
   -0.613459018637441E-01
   -0.622702006698852E-01
   -0.632077985215273E-01
   -0.641588867691581E-01
   -0.651236595164973E-01
   -0.661023136601136E-01
   -0.670950489296106E-01
   -0.681020679283915E-01
   -0.691235761750111E-01
   -0.701597821451216E-01
   -0.712108973140230E-01
   -0.722771361998258E-01
   -0.733587164072349E-01
   -0.744558586719632E-01
   -0.755687869057848E-01
   -0.766977282422370E-01
   -0.778429130829792E-01
   -0.790045751448199E-01
   -0.801829515074200E-01
   -0.813782826616828E-01
   -0.825908125588411E-01
   -0.838207886602499E-01
   -0.850684619878969E-01
   -0.863340871756387E-01
   -0.876179225211763E-01
   -0.889202300387769E-01
   -0.902412755127564E-01
   -0.915813285517305E-01
   -0.929406626436474E-01
   -0.943195552116126E-01
   -0.957182876705177E-01
   -0.971371454844842E-01
   -0.985764182251339E-01
   -0.100036399630700E+00
   -0.101517387665985E+00
   -0.103019684583190E+00
   -0.104543596983610E+00
   -0.106089435880225E+00
   -0.107657516761190E+00
   -0.109248159654235E+00
   -0.110861689192005E+00
   -0.112498434678322E+00
   -0.114158730155422E+00
   -0.115842914472142E+00
   -0.117551331353103E+00
   -0.119284329468880E+00
   -0.121042262507189E+00
   -0.122825489245097E+00
   -0.124634373622270E+00
   -0.126469284815284E+00
   -0.128330597312994E+00
   -0.130218690993002E+00
   -0.132133951199217E+00
   -0.134076768820541E+00
   -0.136047540370682E+00
   -0.138046668069118E+00
   -0.140074559923234E+00
   -0.142131629811638E+00
   -0.144218297568673E+00
   -0.146334989070164E+00
   -0.148482136320377E+00
   -0.150660177540259E+00
   -0.152869557256924E+00
   -0.155110726394452E+00
   -0.157384142365981E+00
   -0.159690269167136E+00
   -0.162029577470806E+00
   -0.164402544723282E+00
   -0.166809655241788E+00
   -0.169251400313420E+00
   -0.171728278295506E+00
   -0.174240794717420E+00
   -0.176789462383867E+00
   -0.179374801479656E+00
   -0.181997339675985E+00
   -0.184657612238264E+00
   -0.187356162135494E+00
   -0.190093540151228E+00
   -0.192870304996127E+00
   -0.195687023422158E+00
   -0.198544270338425E+00
   -0.201442628928688E+00
   -0.204382690770575E+00
   -0.207365055956519E+00
   -0.210390333216441E+00
   -0.213459140042219E+00
   -0.216572102813941E+00
   -0.219729856928003E+00
   -0.222933046927049E+00
   -0.226182326631797E+00
   -0.229478359274779E+00
   -0.232821817636008E+00
   -0.236213384180622E+00
   -0.239653751198519E+00
   -0.243143620946014E+00
   -0.246683705789555E+00
   -0.250274728351524E+00
   -0.253917421658154E+00
   -0.257612529289589E+00
   -0.261360805532134E+00
   -0.265163015532706E+00
   -0.269019935455536E+00
   -0.272932352641152E+00
   -0.276901065767670E+00
   -0.280926885014431E+00
   -0.285010632228032E+00
   -0.289153141090759E+00
   -0.293355257291487E+00
   -0.297617838699071E+00
   -0.301941755538258E+00
   -0.306327890568176E+00
   -0.310777139263424E+00
   -0.315290409997810E+00
   -0.319868624230778E+00
   -0.324512716696557E+00
   -0.329223635596079E+00
   -0.334002342791715E+00
   -0.338849814004858E+00
   -0.343767039016406E+00
   -0.348755021870187E+00
   -0.353814781079376E+00
   -0.358947349835939E+00
   -0.364153776223162E+00
   -0.369435123431308E+00
   -0.374792469976453E+00
   -0.380226909922543E+00
   -0.385739553106734E+00
   -0.391331525368059E+00
   -0.397003968779471E+00
   -0.402758041883329E+00
   -0.408594919930359E+00
   -0.414515795122172E+00
   -0.420521876857368E+00
   -0.426614391981308E+00
   -0.432794585039589E+00
   -0.439063718535304E+00
   -0.445423073190126E+00
   -0.451873948209293E+00
   -0.458417661550552E+00
   -0.465055550197123E+00
   -0.471788970434749E+00
   -0.478619298132902E+00
   -0.485547929030207E+00
   -0.492576279024163E+00
   -0.499705784465208E+00
   -0.506937902455235E+00
   -0.514274111150596E+00
   -0.521715910069688E+00
   -0.529264820405196E+00
   -0.536922385341065E+00
   -0.544690170374271E+00
   -0.552569763641494E+00
   -0.560562776250747E+00
   -0.568670842618064E+00
   -0.576895620809321E+00
   -0.585238792887278E+00
   -0.593702065263923E+00
   -0.602287169058227E+00
   -0.610995860459365E+00
   -0.619829921095531E+00
   -0.628791158408414E+00
   -0.637881406033443E+00
   -0.647102524185893E+00
   -0.656456400052940E+00
   -0.665944948191784E+00
   -0.675570110933922E+00
   -0.685333858795678E+00
   -0.695238190895090E+00
   -0.705285135375270E+00
   -0.715476749834316E+00
   -0.725815121761915E+00
   -0.736302368982708E+00
   -0.746940640106554E+00
   -0.757732114985784E+00
   -0.768679005179554E+00
   -0.779783554425414E+00
   -0.791048039118192E+00
   -0.802474768796302E+00
   -0.814066086635593E+00
   -0.825824369950835E+00
   -0.837752030704944E+00
   -0.849851516026067E+00
   -0.862125308732610E+00
   -0.874575927866323E+00
   -0.887205929233523E+00
   -0.900017905954565E+00
   -0.913014489021634E+00
   -0.926198347864952E+00
   -0.939572190927468E+00
   -0.953138766248119E+00
   -0.966900862053698E+00
   -0.980861307359418E+00
   -0.995022972578182E+00
   -0.100938877013863E+01
   -0.102396165511194E+01
   -0.103874462584745E+01
   -0.105374072461702E+01
   -0.106895303826819E+01
   -0.108438469888602E+01
   -0.110003888446357E+01
   -0.111591881958094E+01
   -0.113202777609281E+01
   -0.114836907382412E+01
   -0.116494608127404E+01
   -0.118176221632771E+01
   -0.119882094697567E+01
   -0.121612579204066E+01
   -0.123368032191140E+01
   -0.125148815928293E+01
   -0.126955297990319E+01
   -0.128787851332519E+01
   -0.130646854366418E+01
   -0.132532691035927E+01
   -0.134445750893865E+01
   -0.136386429178764E+01
   -0.138355126891854E+01
   -0.140352250874137E+01
   -0.142378213883426E+01
   -0.144433434671218E+01
   -0.146518338059267E+01
   -0.148633355015694E+01
   -0.150778922730455E+01
   -0.152955484689990E+01
   -0.155163490750827E+01
   -0.157403397211913E+01
   -0.159675666885430E+01
   -0.161980769165793E+01
   -0.164319180096551E+01
   -0.166691382434835E+01
   -0.169097865713003E+01
   -0.171539126297077E+01
   -0.174015667441541E+01
   -0.176527999340021E+01
   -0.179076639171352E+01
   -0.181662111140442E+01
   -0.184284946513364E+01
   -0.186945683645986E+01
   -0.189644868005447E+01
   -0.192383052183704E+01
   -0.195160795902309E+01
   -0.197978666007524E+01
   -0.200837236454801E+01
   -0.203737088281573E+01
   -0.206678809567235E+01
   -0.209662995379099E+01
   -0.212690247703016E+01
   -0.215761175357271E+01
   -0.218876393888237E+01
   -0.222036525446201E+01
   -0.225242198639620E+01
   -0.228494048365990E+01
   -0.231792715617351E+01
   -0.235138847258357E+01
   -0.238533095774685E+01
   -0.241976118989419E+01
   -0.245468579744925E+01
   -0.249011145547555E+01
   -0.252604488172407E+01
   -0.256249283225173E+01
   -0.259946209657993E+01
   -0.263695949236062E+01
   -0.267499185951566E+01
   -0.271356605381424E+01
   -0.275268893985095E+01
   -0.279236738338636E+01
   -0.283260824301013E+01
   -0.287341836108584E+01
   -0.291480455393526E+01
   -0.295677360121924E+01
   -0.299933223447153E+01
   -0.304248712474126E+01
   -0.308624486930000E+01
   -0.313061197736918E+01
   -0.317559485482450E+01
   -0.322119978783496E+01
   -0.326743292539564E+01
   -0.331430026071588E+01
   -0.336180761142720E+01
   -0.340996059857898E+01
   -0.345876462439474E+01
   -0.350822484876709E+01
   -0.355834616447625E+01
   -0.360913317112465E+01
   -0.366059014778922E+01
   -0.371272102440333E+01
   -0.376552935189234E+01
   -0.381901827110008E+01
   -0.387319048055887E+01
   -0.392804820317263E+01
   -0.398359315190133E+01
   -0.403982649455612E+01
   -0.409674881783693E+01
   -0.415436009076936E+01
   -0.421265962772423E+01
   -0.427164605123226E+01
   -0.433131725483667E+01
   -0.439167036625913E+01
   -0.445270171118828E+01
   -0.451440677803541E+01
   -0.457678018403795E+01
   -0.463981564312809E+01
   -0.470350593602034E+01
   -0.476784288300790E+01
   -0.483281731999171E+01
   -0.489841907829808E+01
   -0.496463696886917E+01
   -0.503145877143383E+01
   -0.509887122928380E+01
   -0.516686005028973E+01
   -0.523540991479124E+01
   -0.530450449098368E+01
   -0.537412645839893E+01
   -0.544425754003607E+01
   -0.551487854363845E+01
   -0.558596941253237E+01
   -0.565750928633897E+01
   -0.572947657173967E+01
   -0.580184902331652E+01
   -0.587460383429730E+01
   -0.594771773681083E+01
   -0.602116711099681E+01
   -0.609492810201651E+01
   -0.616897674367388E+01
   -0.624328908698085E+01
   -0.631784133158717E+01
   -0.639260995754433E+01
   -0.646757185439015E+01
   -0.654270444402774E+01
   -0.661798579333830E+01
   -0.669339471191881E+01
   -0.676891082978467E+01
   -0.684451464933603E+01
   -0.692018756537235E+01
   -0.699591184646983E+01
   -0.707167057063331E+01
   -0.714744750782242E+01
   -0.722322694175837E+01
   -0.729899342337255E+01
   -0.737473144839379E+01
   -0.745042505192090E+01
   -0.752605731342613E+01
   -0.760160976651883E+01
   -0.767706170899970E+01
   -0.775238941028727E+01
   -0.782756521522652E+01
   -0.790255654561637E+01
   -0.797732480353196E+01
   -0.805182418367302E+01
   -0.812600040553120E+01
   -0.819978938011416E+01
   -0.827311583024953E+01
   -0.834589188805730E+01
   -0.841801569794093E+01
   -0.848937005829884E+01
   -0.855982113996783E+01
   -0.862921732402146E+01
   -0.869738820577995E+01
   -0.876414381553958E+01
   -0.882927410937691E+01
   -0.889254878518944E+01
   -0.895371747965310E+01
   -0.901251040076272E+01
   -0.906863944783660E+01
   -0.912179986609393E+01
   -0.917167247597102E+01
   -0.921792650809145E+01
   -0.926022306317284E+01
   -0.929821920213889E+01
   -0.933157265540290E+01
   -0.935994712189178E+01
   -0.938301810819660E+01
   -0.940047923669603E+01
   -0.941204892915299E+01
   -0.941747734980612E+01
   -0.941655347014749E+01
   -0.940911209727545E+01
   -0.939504068988502E+01
   -0.937428577159869E+01
   -0.934685874143763E+01
   -0.931284087673843E+01
   -0.927238732558810E+01
   -0.922572989459195E+01
   -0.917317845401608E+01
   -0.911512080631917E+01
   -0.905202089576928E+01
   -0.898441527585819E+01
   -0.891290779684592E+01
   -0.883816252688730E+01
   -0.876089497534695E+01
   -0.868186174429921E+01
   -0.860184879175566E+01
   -0.852165854557061E+01
   -0.844209615783212E+01
   -0.836395523342533E+01
   -0.828800340103753E+01
   -0.821496811807372E+01
   -0.814552311104240E+01
   -0.808027584870333E+01
   -0.801975642597456E+01
   -0.796440820226283E+01
   -0.791458048920476E+01
   -0.787052352119783E+01
   -0.783238586966234E+01
   -0.780021438142860E+01
   -0.777395663622061E+01
   -0.775346583150411E+01
   -0.773850791877118E+01
   -0.772877073742640E+01
   -0.772387482439596E+01
   -0.772338552256352E+01
   -0.772682597171568E+01
   -0.773369054367581E+01
   -0.774345827967121E+01
   -0.775560590273806E+01
   -0.776962001019729E+01
   -0.778500809911033E+01
   -0.780130813852635E+01
   -0.781809647299504E+01
   -0.783499391852016E+01
   -0.785166999091919E+01
   -0.786784528348378E+01
   -0.788329208219800E+01
   -0.789783336931104E+01
   -0.791134041716132E+01
   -0.792372921196595E+01
   -0.793495597083308E+01
   -0.794501202441261E+01
   -0.795391833309349E+01
   -0.796171988794867E+01
   -0.796848022078248E+01
   -0.797427621313399E+01
   -0.797919335464447E+01
   -0.798332155954320E+01
   -0.798675160872379E+01
   -0.798957224623090E+01
   -0.799186792477658E+01
   -0.799371716646040E+01
   -0.799519148293649E+01
   -0.799635478408408E+01
   -0.799726319555199E+01
   -0.799796520273084E+01
   -0.799850204084613E+01
   -0.799890825687839E+01
   -0.799921237776058E+01
   -0.799943762967252E+01
   -0.799960266425426E+01
   -0.799972225837103E+01
   -0.799980796405062E+01
   -0.799986869395484E+01
   -0.799991123500226E+01
   -0.799994068845698E+01
   -0.799996083899559E+01
   -0.799997445810915E+01
   -0.799998354889477E+01
   -0.799998954007007E+01
   -0.799999343713164E+01
   -0.799999593818382E+01
   -0.799999752126548E+01
   -0.799999850914348E+01
   -0.799999911663057E+01
   -0.799999948459784E+01
   -0.799999970403762E+01
   -0.799999983281589E+01
   -0.799999990714688E+01
   -0.799999994932319E+01
   -0.799999997283592E+01
   -0.799999998570748E+01
   -0.799999999262265E+01
   -0.799999999626654E+01
   -0.799999999814868E+01
   -0.799999999910105E+01
   -0.799999999957283E+01
   -0.799999999980148E+01
   -0.799999999990984E+01
   -0.799999999996000E+01
   -0.799999999998268E+01
   -0.799999999999269E+01
   -0.799999999999699E+01
   -0.799999999999879E+01
   -0.799999999999953E+01
   -0.799999999999982E+01
   -0.799999999999993E+01
   -0.799999999999998E+01
   -0.799999999999999E+01
   -0.800000000000000E+01
   -0.800000000000000E+01
   -0.800000000000000E+01
   -0.800000000000000E+01
   -0.800000000000000E+01
   -0.800000000000000E+01
   -0.800000000000000E+01
   -0.800000000000000E+01
   -0.800000000000000E+01
   -0.800000000000000E+01
   -0.800000000000000E+01
   -0.800000000000000E+01
   -0.800000000000000E+01
   -0.800000000000000E+01
   -0.800000000000000E+01
   -0.800000000000000E+01
   -0.800000000000000E+01
   -0.800000000000000E+01
   -0.800000000000000E+01
   -0.800000000000000E+01
   -0.800000000000000E+01
   -0.800000000000000E+01
   -0.800000000000000E+01
   -0.800000000000000E+01
   -0.800000000000000E+01
   -0.800000000000000E+01
   -0.800000000000000E+01
   -0.800000000000000E+01
   -0.800000000000000E+01
   -0.800000000000000E+01
   -0.800000000000000E+01
   -0.800000000000000E+01
   -0.800000000000000E+01
   -0.800000000000000E+01
   -0.800000000000000E+01
   -0.800000000000000E+01
   -0.800000000000000E+01
   -0.800000000000000E+01
   -0.800000000000000E+01
   -0.800000000000000E+01
   -0.800000000000000E+01
   -0.800000000000000E+01
   -0.800000000000000E+01
   -0.800000000000000E+01
   -0.800000000000000E+01
   -0.800000000000000E+01
   -0.800000000000000E+01
   -0.800000000000000E+01
   -0.800000000000000E+01
   -0.800000000000000E+01
   -0.800000000000000E+01
   -0.800000000000000E+01
   -0.800000000000000E+01
   -0.800000000000000E+01
   -0.800000000000000E+01
   -0.800000000000000E+01
   -0.800000000000000E+01
   -0.800000000000000E+01
   -0.800000000000000E+01
   -0.800000000000000E+01
   -0.800000000000000E+01
   -0.800000000000000E+01
   -0.800000000000000E+01
   -0.800000000000000E+01
   -0.800000000000000E+01
   -0.800000000000000E+01
   -0.800000000000000E+01
   -0.800000000000000E+01
   -0.800000000000000E+01
   -0.800000000000000E+01
   -0.800000000000000E+01
   -0.800000000000000E+01
   -0.800000000000000E+01
   -0.800000000000000E+01
   -0.800000000000000E+01
   -0.800000000000000E+01
   -0.800000000000000E+01
   -0.800000000000000E+01
   -0.800000000000000E+01
   -0.800000000000000E+01
   -0.800000000000000E+01
   -0.800000000000000E+01
   -0.800000000000000E+01
   -0.800000000000000E+01
   -0.800000000000000E+01
   -0.800000000000000E+01
   -0.800000000000000E+01
   -0.800000000000000E+01
   -0.800000000000000E+01
   -0.800000000000000E+01
   -0.800000000000000E+01
   -0.800000000000000E+01
   -0.800000000000000E+01
   -0.800000000000000E+01
   -0.800000000000000E+01
   -0.800000000000000E+01
   -0.800000000000000E+01
   -0.800000000000000E+01
   -0.800000000000000E+01
   -0.800000000000000E+01
   -0.800000000000000E+01
   -0.800000000000000E+01
   -0.800000000000000E+01
   -0.800000000000000E+01
   -0.800000000000000E+01
   -0.800000000000000E+01
   -0.800000000000000E+01
   -0.800000000000000E+01
   -0.800000000000000E+01
   -0.800000000000000E+01
   -0.800000000000000E+01
   -0.800000000000000E+01
   -0.800000000000000E+01
   -0.800000000000000E+01
   -0.800000000000000E+01
   -0.800000000000000E+01
   -0.800000000000000E+01
   -0.800000000000000E+01
   -0.800000000000000E+01
   -0.800000000000000E+01
   -0.800000000000000E+01
   -0.800000000000000E+01
   -0.800000000000000E+01
   -0.800000000000000E+01
   -0.800000000000000E+01
   -0.800000000000000E+01
   -0.800000000000000E+01
   -0.800000000000000E+01
   -0.800000000000000E+01
   -0.800000000000000E+01
   -0.800000000000000E+01
   -0.800000000000000E+01
   -0.800000000000000E+01
   -0.800000000000000E+01
   -0.800000000000000E+01
   -0.800000000000000E+01
   -0.800000000000000E+01
   -0.800000000000000E+01
   -0.800000000000000E+01
   -0.800000000000000E+01
   -0.800000000000000E+01
   -0.800000000000000E+01
   -0.800000000000000E+01
   -0.800000000000000E+01
   -0.800000000000000E+01
   -0.800000000000000E+01
   -0.800000000000000E+01
   -0.800000000000000E+01
   -0.800000000000000E+01
   -0.800000000000000E+01
   -0.800000000000000E+01
   -0.800000000000000E+01
   -0.800000000000000E+01
   -0.800000000000000E+01
   -0.800000000000000E+01
   -0.800000000000000E+01
   -0.800000000000000E+01
   -0.800000000000000E+01
   -0.800000000000000E+01
   -0.800000000000000E+01
   -0.800000000000000E+01
   -0.800000000000000E+01
   -0.800000000000000E+01
   -0.800000000000000E+01
   -0.800000000000000E+01
   -0.800000000000000E+01
   -0.800000000000000E+01
   -0.800000000000000E+01
   -0.800000000000000E+01
   -0.800000000000000E+01
   -0.800000000000000E+01
   -0.800000000000000E+01
   -0.800000000000000E+01
   -0.800000000000000E+01
   -0.800000000000000E+01
   -0.800000000000000E+01
   -0.800000000000000E+01
   -0.800000000000000E+01
   -0.800000000000000E+01
   -0.800000000000000E+01
   -0.800000000000000E+01
   -0.800000000000000E+01
   -0.800000000000000E+01
   -0.800000000000000E+01
   -0.800000000000000E+01
   -0.800000000000000E+01
   -0.800000000000000E+01
   -0.800000000000000E+01
   -0.800000000000000E+01
   -0.800000000000000E+01
   -0.800000000000000E+01
   -0.800000000000000E+01
   -0.800000000000000E+01
   -0.800000000000000E+01
   -0.800000000000000E+01
   -0.800000000000000E+01
   -0.800000000000000E+01
   -0.800000000000000E+01
   -0.800000000000000E+01
   -0.800000000000000E+01
   -0.800000000000000E+01
   -0.800000000000000E+01
   -0.800000000000000E+01
   -0.800000000000000E+01
   -0.800000000000000E+01
   -0.800000000000000E+01
   -0.800000000000000E+01
   -0.800000000000000E+01
   -0.800000000000000E+01
   -0.800000000000000E+01
   -0.800000000000000E+01
   -0.800000000000000E+01
   -0.800000000000000E+01
   -0.800000000000000E+01
   -0.800000000000000E+01
   -0.800000000000000E+01
   -0.800000000000000E+01
   -0.800000000000000E+01
   -0.800000000000000E+01
   -0.800000000000000E+01
   -0.800000000000000E+01
   -0.800000000000000E+01
   -0.800000000000000E+01
   -0.800000000000000E+01
   -0.800000000000000E+01
   -0.800000000000000E+01
   -0.800000000000000E+01
   -0.800000000000000E+01
   -0.800000000000000E+01
   -0.800000000000000E+01
   -0.800000000000000E+01
   -0.800000000000000E+01
   -0.800000000000000E+01
   -0.800000000000000E+01
   -0.800000000000000E+01
   -0.800000000000000E+01
   -0.800000000000000E+01
   -0.800000000000000E+01
   -0.800000000000000E+01
   -0.800000000000000E+01
   -0.800000000000000E+01
   -0.800000000000000E+01
   -0.800000000000000E+01
   -0.800000000000000E+01
   -0.800000000000000E+01
   -0.800000000000000E+01
   -0.800000000000000E+01
   -0.800000000000000E+01
   -0.800000000000000E+01
   -0.800000000000000E+01
   -0.800000000000000E+01
   -0.800000000000000E+01
   -0.800000000000000E+01
   -0.800000000000000E+01
   -0.800000000000000E+01
   -0.800000000000000E+01
r*potential (L=2) in Ry
    0.000000000000000E+00
   -0.311765932729147E-04
   -0.628017629379907E-04
   -0.948819632212506E-04
   -0.127423741213688E-03
   -0.160433738207432E-03
   -0.193918691051133E-03
   -0.227885433524856E-03
   -0.262340897734754E-03
   -0.297292115527805E-03
   -0.332746219926908E-03
   -0.368710446586628E-03
   -0.405192135269882E-03
   -0.442198731345882E-03
   -0.479737787309615E-03
   -0.517816964323203E-03
   -0.556444033779426E-03
   -0.595626878887751E-03
   -0.635373496283176E-03
   -0.675691997658226E-03
   -0.716590611418426E-03
   -0.758077684361597E-03
   -0.800161683381315E-03
   -0.842851197194874E-03
   -0.886154938096119E-03
   -0.930081743733494E-03
   -0.974640578913674E-03
   -0.101984053743115E-02
   -0.106569084392413E-02
   -0.111220085575717E-02
   -0.115938006493084E-02
   -0.120723810001893E-02
   -0.125578472813349E-02
   -0.130502985691815E-02
   -0.135498353657010E-02
   -0.140565596189124E-02
   -0.145705747436874E-02
   -0.150919856428558E-02
   -0.156208987286152E-02
   -0.161574219442473E-02
   -0.167016647861483E-02
   -0.172537383261748E-02
   -0.178137552343126E-02
   -0.183818298016703E-02
   -0.189580779638050E-02
   -0.195426173243824E-02
   -0.201355671791786E-02
   -0.207370485404263E-02
   -0.213471841615113E-02
   -0.219660985620252E-02
   -0.225939180531777E-02
   -0.232307707635746E-02
   -0.238767866653676E-02
   -0.245320976007789E-02
   -0.251968373090088E-02
   -0.258711414535298E-02
   -0.265551476497731E-02
   -0.272489954932145E-02
   -0.279528265878630E-02
   -0.286667845751609E-02
   -0.293910151632982E-02
   -0.301256661569497E-02
   -0.308708874874400E-02
   -0.316268312433418E-02
   -0.323936517015153E-02
   -0.331715053585934E-02
   -0.339605509629209E-02
   -0.347609495469521E-02
   -0.355728644601155E-02
   -0.363964614021508E-02
   -0.372319084569259E-02
   -0.380793761267402E-02
   -0.389390373671217E-02
   -0.398110676221243E-02
   -0.406956448601339E-02
   -0.415929496101887E-02
   -0.425031649988225E-02
   -0.434264767874384E-02
   -0.443630734102194E-02
   -0.453131460125856E-02
   -0.462768884902039E-02
   -0.472544975285590E-02
   -0.482461726430944E-02
   -0.492521162199302E-02
   -0.502725335571673E-02
   -0.513076329067856E-02
   -0.523576255171451E-02
   -0.534227256760987E-02
   -0.545031507547250E-02
   -0.555991212516907E-02
   -0.567108608382509E-02
   -0.578385964038971E-02
   -0.589825581026623E-02
   -0.601429794000915E-02
   -0.613200971208890E-02
   -0.625141514972506E-02
   -0.637253862178914E-02
   -0.649540484777793E-02
   -0.662003890285834E-02
   -0.674646622298492E-02
   -0.687471261009092E-02
   -0.700480423735410E-02
   -0.713676765453829E-02
   -0.727062979341181E-02
   -0.740641797324382E-02
   -0.754415990637981E-02
   -0.768388370389725E-02
   -0.782561788134266E-02
   -0.796939136455123E-02
   -0.811523349555012E-02
   -0.826317403854676E-02
   -0.841324318600326E-02
   -0.856547156479829E-02
   -0.871989024247752E-02
   -0.887653073359410E-02
   -0.903542500614026E-02
   -0.919660548807158E-02
   -0.936010507392497E-02
   -0.952595713153203E-02
   -0.969419550882892E-02
   -0.986485454076419E-02
   -0.100379690563061E-01
   -0.102135743855506E-01
   -0.103917063669319E-01
   -0.105724013545362E-01
   -0.107556962255214E-01
   -0.109416283876431E-01
   -0.111302357868887E-01
   -0.113215569152219E-01
   -0.115156308184385E-01
   -0.117124971041346E-01
   -0.119121959497902E-01
   -0.121147681109690E-01
   -0.123202549296358E-01
   -0.125286983425937E-01
   -0.127401408900432E-01
   -0.129546257242634E-01
   -0.131721966184195E-01
   -0.133928979754958E-01
   -0.136167748373576E-01
   -0.138438728939441E-01
   -0.140742384925926E-01
   -0.143079186474976E-01
   -0.145449610493055E-01
   -0.147854140748478E-01
   -0.150293267970139E-01
   -0.152767489947665E-01
   -0.155277311633003E-01
   -0.157823245243478E-01
   -0.160405810366327E-01
   -0.163025534064742E-01
   -0.165682950985430E-01
   -0.168378603467734E-01
   -0.171113041654314E-01
   -0.173886823603422E-01
   -0.176700515402796E-01
   -0.179554691285189E-01
   -0.182449933745565E-01
   -0.185386833659973E-01
   -0.188365990406143E-01
   -0.191388011985803E-01
   -0.194453515148774E-01
   -0.197563125518830E-01
   -0.200717477721386E-01
   -0.203917215513013E-01
   -0.207162991912824E-01
   -0.210455469335743E-01
   -0.213795319727694E-01
   -0.217183224702741E-01
   -0.220619875682193E-01
   -0.224105974035716E-01
   -0.227642231224470E-01
   -0.231229368946315E-01
   -0.234868119283093E-01
   -0.238559224850043E-01
   -0.242303438947357E-01
   -0.246101525713918E-01
   -0.249954260283252E-01
   -0.253862428941726E-01
   -0.257826829289013E-01
   -0.261848270400881E-01
   -0.265927572994309E-01
   -0.270065569594988E-01
   -0.274263104707231E-01
   -0.278521034986324E-01
   -0.282840229413362E-01
   -0.287221569472598E-01
   -0.291665949331343E-01
   -0.296174276022457E-01
   -0.300747469629464E-01
   -0.305386463474331E-01
   -0.310092204307953E-01
   -0.314865652503369E-01
   -0.319707782251770E-01
   -0.324619581761322E-01
   -0.329602053458845E-01
   -0.334656214194404E-01
   -0.339783095448838E-01
   -0.344983743544275E-01
   -0.350259219857679E-01
   -0.355610601037467E-01
   -0.361038979223248E-01
   -0.366545462268714E-01
   -0.372131173967754E-01
   -0.377797254283803E-01
   -0.383544859582510E-01
   -0.389375162867739E-01
   -0.395289354020976E-01
   -0.401288640044174E-01
   -0.407374245306103E-01
   -0.413547411792229E-01
   -0.419809399358206E-01
   -0.426161485987005E-01
   -0.432604968049746E-01
   -0.439141160570287E-01
   -0.445771397493613E-01
   -0.452497031958097E-01
   -0.459319436571675E-01
   -0.466240003691989E-01
   -0.473260145710575E-01
   -0.480381295341130E-01
   -0.487604905911932E-01
   -0.494932451662469E-01
   -0.502365428044335E-01
   -0.509905352026460E-01
   -0.517553762404728E-01
   -0.525312220116059E-01
   -0.533182308557001E-01
   -0.541165633906916E-01
   -0.549263825455818E-01
   -0.557478535936924E-01
   -0.565811441863993E-01
   -0.574264243873526E-01
   -0.582838667071888E-01
   -0.591536461387423E-01
   -0.600359401927645E-01
   -0.609309289341569E-01
   -0.618387950187250E-01
   -0.627597237304626E-01
   -0.636939030193718E-01
   -0.646415235398278E-01
   -0.656027786894967E-01
   -0.665778646488120E-01
   -0.675669804210215E-01
   -0.685703278728090E-01
   -0.695881117755021E-01
   -0.706205398468726E-01
   -0.716678227935393E-01
   -0.727301743539810E-01
   -0.738078113421693E-01
   -0.749009536918292E-01
   -0.760098245013379E-01
   -0.771346500792692E-01
   -0.782756599905947E-01
   -0.794330871035502E-01
   -0.806071676371769E-01
   -0.817981412095478E-01
   -0.830062508866882E-01
   -0.842317432322017E-01
   -0.854748683576105E-01
   -0.867358799734211E-01
   -0.880150354409264E-01
   -0.893125958247529E-01
   -0.906288259461662E-01
   -0.919639944371442E-01
   -0.933183737952300E-01
   -0.946922404391744E-01
   -0.960858747653814E-01
   -0.974995612051669E-01
   -0.989335882828428E-01
   -0.100388248674639E+00
   -0.101863839268472E+00
   -0.103360661224583E+00
   -0.104879020037039E+00
   -0.106419225596132E+00
   -0.107981592251670E+00
   -0.109566438877186E+00
   -0.111174088935070E+00
   -0.112804870542643E+00
   -0.114459116539183E+00
   -0.116137164553922E+00
   -0.117839357075013E+00
   -0.119566041519511E+00
   -0.121317570304346E+00
   -0.123094300918330E+00
   -0.124896595995207E+00
   -0.126724823387747E+00
   -0.128579356242921E+00
   -0.130460573078156E+00
   -0.132368857858695E+00
   -0.134304600076071E+00
   -0.136268194827718E+00
   -0.138260042897735E+00
   -0.140280550838816E+00
   -0.142330131055358E+00
   -0.144409201887787E+00
   -0.146518187698086E+00
   -0.148657518956576E+00
   -0.150827632329942E+00
   -0.153028970770541E+00
   -0.155261983606997E+00
   -0.157527126636118E+00
   -0.159824862216130E+00
   -0.162155659361278E+00
   -0.164519993837790E+00
   -0.166918348261229E+00
   -0.169351212195271E+00
   -0.171819082251899E+00
   -0.174322462193066E+00
   -0.176861863033826E+00
   -0.179437803146967E+00
   -0.182050808369161E+00
   -0.184701412108659E+00
   -0.187390155454554E+00
   -0.190117587287632E+00
   -0.192884264392833E+00
   -0.195690751573357E+00
   -0.198537621766424E+00
   -0.201425456160729E+00
   -0.204354844315604E+00
   -0.207326384281918E+00
   -0.210340682724749E+00
   -0.213398355047838E+00
   -0.216500025519870E+00
   -0.219646327402593E+00
   -0.222837903080819E+00
   -0.226075404194323E+00
   -0.229359491771674E+00
   -0.232690836366034E+00
   -0.236070118192938E+00
   -0.239498027270104E+00
   -0.242975263559294E+00
   -0.246502537110262E+00
   -0.250080568206811E+00
   -0.253710087515015E+00
   -0.257391836233609E+00
   -0.261126566246606E+00
   -0.264915040278160E+00
   -0.268758032049726E+00
   -0.272656326439528E+00
   -0.276610719644399E+00
   -0.280622019344013E+00
   -0.284691044867553E+00
   -0.288818627362848E+00
   -0.293005609968027E+00
   -0.297252847985722E+00
   -0.301561209059869E+00
   -0.305931573355133E+00
   -0.310364833739022E+00
   -0.314861895966714E+00
   -0.319423678868643E+00
   -0.324051114540905E+00
   -0.328745148538507E+00
   -0.333506740071518E+00
   -0.338336862204173E+00
   -0.343236502056963E+00
   -0.348206661011776E+00
   -0.353248354920130E+00
   -0.358362614314550E+00
   -0.363550484623139E+00
   -0.368813026387410E+00
   -0.374151315483401E+00
   -0.379566443346172E+00
   -0.385059517197694E+00
   -0.390631660278224E+00
   -0.396284012081198E+00
   -0.402017728591723E+00
   -0.407833982528701E+00
   -0.413733963590675E+00
   -0.419718878705440E+00
   -0.425789952283487E+00
   -0.431948426475346E+00
   -0.438195561432895E+00
   -0.444532635574697E+00
   -0.450960945855432E+00
   -0.457481808039505E+00
   -0.464096556978877E+00
   -0.470806546895217E+00
   -0.477613151666422E+00
   -0.484517765117599E+00
   -0.491521801316564E+00
   -0.498626694873950E+00
   -0.505833901247989E+00
   -0.513144897054047E+00
   -0.520561180378996E+00
   -0.528084271100488E+00
   -0.535715711211226E+00
   -0.543457065148301E+00
   -0.551309920127679E+00
   -0.559275886483921E+00
   -0.567356598015209E+00
   -0.575553712333771E+00
   -0.583868911221781E+00
   -0.592303900992808E+00
   -0.600860412858911E+00
   -0.609540203303444E+00
   -0.618345054459668E+00
   -0.627276774495232E+00
   -0.636337198002610E+00
   -0.645528186395577E+00
   -0.654851628311783E+00
   -0.664309440021510E+00
   -0.673903565842679E+00
   -0.683635978562170E+00
   -0.693508679863528E+00
   -0.703523700761107E+00
   -0.713683102040709E+00
   -0.723988974706772E+00
   -0.734443440436157E+00
   -0.745048652038552E+00
   -0.755806793923559E+00
   -0.766720082574450E+00
   -0.777790767028643E+00
   -0.789021129364880E+00
   -0.800413485197107E+00
   -0.811970184175047E+00
   -0.823693610491437E+00
   -0.835586183395867E+00
   -0.847650357715189E+00
   -0.859888624380398E+00
   -0.872303510959900E+00
   -0.884897582199051E+00
   -0.897673440565827E+00
   -0.910633726802468E+00
   -0.923781120482895E+00
   -0.937118340575707E+00
   -0.950648146012483E+00
   -0.964373336261131E+00
   -0.978296751903949E+00
   -0.992421275220059E+00
   -0.100674983077179E+01
   -0.102128538599460E+01
   -0.103603095179000E+01
   -0.105098958312097E+01
   -0.106616437960926E+01
   -0.108155848613387E+01
   -0.109717509343002E+01
   -0.111301743868781E+01
   -0.112908880614965E+01
   -0.114539252770557E+01
   -0.116193198348526E+01
   -0.117871060244581E+01
   -0.119573186295391E+01
   -0.121299929336103E+01
   -0.123051647257034E+01
   -0.124828703059357E+01
   -0.126631464909636E+01
   -0.128460306193002E+01
   -0.130315605564793E+01
   -0.132197747000431E+01
   -0.134107119843319E+01
   -0.136044118850501E+01
   -0.138009144235836E+01
   -0.140002601710390E+01
   -0.142024902519760E+01
   -0.144076463477990E+01
   -0.146157706997755E+01
   -0.148269061116433E+01
   -0.150410959517679E+01
   -0.152583841548091E+01
   -0.154788152228521E+01
   -0.157024342259567E+01
   -0.159292868020756E+01
   -0.161594191562885E+01
   -0.163928780592973E+01
   -0.166297108451250E+01
   -0.168699654079541E+01
   -0.171136901980433E+01
   -0.173609342166522E+01
   -0.176117470099033E+01
   -0.178661786615077E+01
   -0.181242797842753E+01
   -0.183861015103289E+01
   -0.186516954799382E+01
   -0.189211138288842E+01
   -0.191944091742642E+01
   -0.194716345986436E+01
   -0.197528436324545E+01
   -0.200380902345453E+01
   -0.203274287707745E+01
   -0.206209139905460E+01
   -0.209186010011790E+01
   -0.212205452400016E+01
   -0.215268024440608E+01
   -0.218374286173357E+01
   -0.221524799953445E+01
   -0.224720130070333E+01
   -0.227960842338382E+01
   -0.231247503658117E+01
   -0.234580681547095E+01
   -0.237960943639352E+01
   -0.241388857152466E+01
   -0.244864988321332E+01
   -0.248389901797796E+01
   -0.251964160015409E+01
   -0.255588322518639E+01
   -0.259262945255995E+01
   -0.262988579836653E+01
   -0.266765772750320E+01
   -0.270595064550234E+01
   -0.274476988999381E+01
   -0.278412072180217E+01
   -0.282400831568391E+01
   -0.286443775071240E+01
   -0.290541400032039E+01
   -0.294694192201313E+01
   -0.298902624676802E+01
   -0.303167156813966E+01
   -0.307488233109294E+01
   -0.311866282058971E+01
   -0.316301714995875E+01
   -0.320794924908170E+01
   -0.325346285243191E+01
   -0.329956148700642E+01
   -0.334624846019485E+01
   -0.339352684763258E+01
   -0.344139948108840E+01
   -0.348986893643989E+01
   -0.353893752179195E+01
   -0.358860726579559E+01
   -0.363887990622520E+01
   -0.368975687887255E+01
   -0.374123930681476E+01
   -0.379332799011128E+01
   -0.384602339598120E+01
   -0.389932564950662E+01
   -0.395323452490071E+01
   -0.400774943736908E+01
   -0.406286943558135E+01
   -0.411859319475458E+01
   -0.417491901033246E+01
   -0.423184479222286E+01
   -0.428936805953107E+01
   -0.434748593569758E+01
   -0.440619514391562E+01
   -0.446549200266662E+01
   -0.452537242116905E+01
   -0.458583189448966E+01
   -0.464686549801369E+01
   -0.470846788091461E+01
   -0.477063325820186E+01
   -0.483335540085968E+01
   -0.489662762351964E+01
   -0.496044276903607E+01
   -0.502479318925692E+01
   -0.508967072120440E+01
   -0.515506665780044E+01
   -0.522097171219414E+01
   -0.528737597467250E+01
   -0.535426886106526E+01
   -0.542163905149107E+01
   -0.548947441823867E+01
   -0.555776194153723E+01
   -0.562648761194676E+01
   -0.569563631809784E+01
   -0.576519171853362E+01
   -0.583513609646113E+01
   -0.590545019630821E+01
   -0.597611304111246E+01
   -0.604710172994488E+01
   -0.611839121479862E+01
   -0.618995405665810E+01
   -0.626176016081091E+01
   -0.633377649187855E+01
   -0.640596676952686E+01
   -0.647829114637478E+01
   -0.655070587025403E+01
   -0.662316293368088E+01
   -0.669560971418334E+01
   -0.676798860997847E+01
   -0.684023667640735E+01
   -0.691228526950004E+01
   -0.698405970404536E+01
   -0.705547893456239E+01
   -0.712645526859146E+01
   -0.719689412271404E+01
   -0.726669383264384E+01
   -0.733574552956897E+01
   -0.740393309562803E+01
   -0.747113321192657E+01
   -0.753721551279831E+01
   -0.760204286003621E+01
   -0.766547175051223E+01
   -0.772735286991806E+01
   -0.778753180424434E+01
   -0.784584991902569E+01
   -0.790214541427492E+01
   -0.795625456038032E+01
   -0.800801311702839E+01
   -0.805725793343514E+01
   -0.810382872383871E+01
   -0.814757000735972E+01
   -0.818833319603400E+01
   -0.822597880915144E+01
   -0.826037878611039E+01
   -0.829141886396274E+01
   -0.831900097985444E+01
   -0.834304565286056E+01
   -0.836349429449847E+01
   -0.838031139272300E+01
   -0.839348651072215E+01
   -0.840303603960456E+01
   -0.840900464335943E+01
   -0.841146633551521E+01
   -0.841052512993633E+01
   -0.840631521334104E+01
   -0.839900059450198E+01
   -0.838877419473399E+01
   -0.837585635612171E+01
   -0.836049275783407E+01
   -0.834295174654782E+01
   -0.832352110408092E+01
   -0.830250429333160E+01
   -0.828021624194111E+01
   -0.825697874107036E+01
   -0.823311555355970E+01
   -0.820894734074346E+01
   -0.818478652953255E+01
   -0.816093225030707E+01
   -0.813766548100743E+01
   -0.811524453302792E+01
   -0.809390100972164E+01
   -0.807383635834452E+01
   -0.805521912116145E+01
   -0.803818297152798E+01
   -0.802282559663209E+01
   -0.800920846107143E+01
   -0.799735745562418E+01
   -0.798726440470529E+01
   -0.797888937547344E+01
   -0.797216370281310E+01
   -0.796699361888223E+01
   -0.796326435489734E+01
   -0.796084456743589E+01
   -0.795959093260707E+01
   -0.795935274947110E+01
   -0.795997639918871E+01
   -0.796130951826581E+01
   -0.796320476224200E+01
   -0.796552305921476E+01
   -0.796813627936397E+01
   -0.797092927560487E+01
   -0.797380128001383E+01
   -0.797666666910885E+01
   -0.797945513691825E+01
   -0.798211133674759E+01
   -0.798459406967673E+01
   -0.798687510946468E+01
   -0.798893775948173E+01
   -0.799077523768081E+01
   -0.799238898097015E+01
   -0.799378695145221E+01
   -0.799498201485233E+01
   -0.799599044719294E+01
   -0.799683061051465E+01
   -0.799752182327411E+01
   -0.799808343688950E+01
   -0.799853411748951E+01
   -0.799889132175427E+01
   -0.799917094808523E+01
   -0.799938713924985E+01
   -0.799955220996947E+01
   -0.799967667236050E+01
   -0.799976933330517E+01
   -0.799983744027628E+01
   -0.799988685542391E+01
   -0.799992224143867E+01
   -0.799994724648367E+01
   -0.799996467906071E+01
   -0.799997666685272E+01
   -0.799998479624834E+01
   -0.799999023136198E+01
   -0.799999381292117E+01
   -0.799999613845401E+01
   -0.799999762584504E+01
   -0.799999856262451E+01
   -0.799999914339952E+01
   -0.799999949770448E+01
   -0.799999971031128E+01
   -0.799999983574985E+01
   -0.799999990848661E+01
   -0.799999994992013E+01
   -0.799999997309528E+01
   -0.799999998581728E+01
   -0.799999999266792E+01
   -0.799999999628470E+01
   -0.799999999815577E+01
   -0.799999999910373E+01
   -0.799999999957381E+01
   -0.799999999980183E+01
   -0.799999999990996E+01
   -0.799999999996005E+01
   -0.799999999998270E+01
   -0.799999999999269E+01
   -0.799999999999699E+01
   -0.799999999999879E+01
   -0.799999999999953E+01
   -0.799999999999982E+01
   -0.799999999999993E+01
   -0.799999999999998E+01
   -0.799999999999999E+01
   -0.800000000000000E+01
   -0.800000000000000E+01
   -0.800000000000000E+01
   -0.800000000000000E+01
   -0.800000000000000E+01
   -0.800000000000000E+01
   -0.800000000000000E+01
   -0.800000000000000E+01
   -0.800000000000000E+01
   -0.800000000000000E+01
   -0.800000000000000E+01
   -0.800000000000000E+01
   -0.800000000000000E+01
   -0.800000000000000E+01
   -0.800000000000000E+01
   -0.800000000000000E+01
   -0.800000000000000E+01
   -0.800000000000000E+01
   -0.800000000000000E+01
   -0.800000000000000E+01
   -0.800000000000000E+01
   -0.800000000000000E+01
   -0.800000000000000E+01
   -0.800000000000000E+01
   -0.800000000000000E+01
   -0.800000000000000E+01
   -0.800000000000000E+01
   -0.800000000000000E+01
   -0.800000000000000E+01
   -0.800000000000000E+01
   -0.800000000000000E+01
   -0.800000000000000E+01
   -0.800000000000000E+01
   -0.800000000000000E+01
   -0.800000000000000E+01
   -0.800000000000000E+01
   -0.800000000000000E+01
   -0.800000000000000E+01
   -0.800000000000000E+01
   -0.800000000000000E+01
   -0.800000000000000E+01
   -0.800000000000000E+01
   -0.800000000000000E+01
   -0.800000000000000E+01
   -0.800000000000000E+01
   -0.800000000000000E+01
   -0.800000000000000E+01
   -0.800000000000000E+01
   -0.800000000000000E+01
   -0.800000000000000E+01
   -0.800000000000000E+01
   -0.800000000000000E+01
   -0.800000000000000E+01
   -0.800000000000000E+01
   -0.800000000000000E+01
   -0.800000000000000E+01
   -0.800000000000000E+01
   -0.800000000000000E+01
   -0.800000000000000E+01
   -0.800000000000000E+01
   -0.800000000000000E+01
   -0.800000000000000E+01
   -0.800000000000000E+01
   -0.800000000000000E+01
   -0.800000000000000E+01
   -0.800000000000000E+01
   -0.800000000000000E+01
   -0.800000000000000E+01
   -0.800000000000000E+01
   -0.800000000000000E+01
   -0.800000000000000E+01
   -0.800000000000000E+01
   -0.800000000000000E+01
   -0.800000000000000E+01
   -0.800000000000000E+01
   -0.800000000000000E+01
   -0.800000000000000E+01
   -0.800000000000000E+01
   -0.800000000000000E+01
   -0.800000000000000E+01
   -0.800000000000000E+01
   -0.800000000000000E+01
   -0.800000000000000E+01
   -0.800000000000000E+01
   -0.800000000000000E+01
   -0.800000000000000E+01
   -0.800000000000000E+01
   -0.800000000000000E+01
   -0.800000000000000E+01
   -0.800000000000000E+01
   -0.800000000000000E+01
   -0.800000000000000E+01
   -0.800000000000000E+01
   -0.800000000000000E+01
   -0.800000000000000E+01
   -0.800000000000000E+01
   -0.800000000000000E+01
   -0.800000000000000E+01
   -0.800000000000000E+01
   -0.800000000000000E+01
   -0.800000000000000E+01
   -0.800000000000000E+01
   -0.800000000000000E+01
   -0.800000000000000E+01
   -0.800000000000000E+01
   -0.800000000000000E+01
   -0.800000000000000E+01
   -0.800000000000000E+01
   -0.800000000000000E+01
   -0.800000000000000E+01
   -0.800000000000000E+01
   -0.800000000000000E+01
   -0.800000000000000E+01
   -0.800000000000000E+01
   -0.800000000000000E+01
   -0.800000000000000E+01
   -0.800000000000000E+01
   -0.800000000000000E+01
   -0.800000000000000E+01
   -0.800000000000000E+01
   -0.800000000000000E+01
   -0.800000000000000E+01
   -0.800000000000000E+01
   -0.800000000000000E+01
   -0.800000000000000E+01
   -0.800000000000000E+01
   -0.800000000000000E+01
   -0.800000000000000E+01
   -0.800000000000000E+01
   -0.800000000000000E+01
   -0.800000000000000E+01
   -0.800000000000000E+01
   -0.800000000000000E+01
   -0.800000000000000E+01
   -0.800000000000000E+01
   -0.800000000000000E+01
   -0.800000000000000E+01
   -0.800000000000000E+01
   -0.800000000000000E+01
   -0.800000000000000E+01
   -0.800000000000000E+01
   -0.800000000000000E+01
   -0.800000000000000E+01
   -0.800000000000000E+01
   -0.800000000000000E+01
   -0.800000000000000E+01
   -0.800000000000000E+01
   -0.800000000000000E+01
   -0.800000000000000E+01
   -0.800000000000000E+01
   -0.800000000000000E+01
   -0.800000000000000E+01
   -0.800000000000000E+01
   -0.800000000000000E+01
   -0.800000000000000E+01
   -0.800000000000000E+01
   -0.800000000000000E+01
   -0.800000000000000E+01
   -0.800000000000000E+01
   -0.800000000000000E+01
   -0.800000000000000E+01
   -0.800000000000000E+01
   -0.800000000000000E+01
   -0.800000000000000E+01
   -0.800000000000000E+01
   -0.800000000000000E+01
   -0.800000000000000E+01
   -0.800000000000000E+01
   -0.800000000000000E+01
   -0.800000000000000E+01
   -0.800000000000000E+01
   -0.800000000000000E+01
   -0.800000000000000E+01
   -0.800000000000000E+01
   -0.800000000000000E+01
   -0.800000000000000E+01
   -0.800000000000000E+01
   -0.800000000000000E+01
   -0.800000000000000E+01
   -0.800000000000000E+01
   -0.800000000000000E+01
   -0.800000000000000E+01
   -0.800000000000000E+01
   -0.800000000000000E+01
   -0.800000000000000E+01
   -0.800000000000000E+01
   -0.800000000000000E+01
   -0.800000000000000E+01
   -0.800000000000000E+01
   -0.800000000000000E+01
   -0.800000000000000E+01
   -0.800000000000000E+01
   -0.800000000000000E+01
   -0.800000000000000E+01
   -0.800000000000000E+01
   -0.800000000000000E+01
   -0.800000000000000E+01
   -0.800000000000000E+01
   -0.800000000000000E+01
   -0.800000000000000E+01
   -0.800000000000000E+01
   -0.800000000000000E+01
   -0.800000000000000E+01
   -0.800000000000000E+01
   -0.800000000000000E+01
   -0.800000000000000E+01
   -0.800000000000000E+01
   -0.800000000000000E+01
   -0.800000000000000E+01
   -0.800000000000000E+01
   -0.800000000000000E+01
   -0.800000000000000E+01
   -0.800000000000000E+01
   -0.800000000000000E+01
   -0.800000000000000E+01
   -0.800000000000000E+01
   -0.800000000000000E+01
   -0.800000000000000E+01
   -0.800000000000000E+01
   -0.800000000000000E+01
   -0.800000000000000E+01
   -0.800000000000000E+01
   -0.800000000000000E+01
   -0.800000000000000E+01
   -0.800000000000000E+01
   -0.800000000000000E+01
   -0.800000000000000E+01
   -0.800000000000000E+01
   -0.800000000000000E+01
   -0.800000000000000E+01
   -0.800000000000000E+01
   -0.800000000000000E+01
   -0.800000000000000E+01
   -0.800000000000000E+01
   -0.800000000000000E+01
   -0.800000000000000E+01
   -0.800000000000000E+01
   -0.800000000000000E+01
   -0.800000000000000E+01
   -0.800000000000000E+01
   -0.800000000000000E+01
   -0.800000000000000E+01
   -0.800000000000000E+01
   -0.800000000000000E+01
   -0.800000000000000E+01
   -0.800000000000000E+01
   -0.800000000000000E+01
   -0.800000000000000E+01
   -0.800000000000000E+01
   -0.800000000000000E+01
   -0.800000000000000E+01
   -0.800000000000000E+01
   -0.800000000000000E+01
   -0.800000000000000E+01
   -0.800000000000000E+01
   -0.800000000000000E+01
