ECP,C,2,2,0
6;                                     !Vd
 1 , 9.10402955 , 4.00000000 ;
 2 , 9.58314763 , 113711.69651239 ;
 2 , 9.59645359 , -113332.92423332 ;
 2 , 7.97871545 , -630.47188821 ;
 2 , 11.99822311 , 242.41327908 ;
 3 , 5.84859149 , 36.41611822 ;
6;                                     !Vs-Vd
 2 , 12.59717438 , 77483.04616662 ;
 2 , 13.37578856 , -72905.49704094 ;
 2 , 10.90716355 , -26175.63159336 ;
 2 , 14.47900209 , 16402.65488171 ;
 2 , 7.20599553 , -1005.30643673 ;
 2 , 8.75077312 , 6211.23672651 ;
6;                                     !Vp-Vd
 2 , 8.32318371 , -3420.35091624 ;
 2 , 9.53676124 , 1923.09126417 ;
 2 , 20.63349572 , 256.64481032 ;
 2 , 24.00127702 , -107.45892952 ;
 2 , 14.11779525 , -481.59157412 ;
 2 , 7.78015255 , 1826.54901495 ;
