eCEPP Pseudopotential in real space for B 
Atomic number and pseudo-charge
 5  3.00
Energy units (rydberg/hartree/ev)
rydberg
Angular momentum of local component (0=s,1=p,2=d..)
2
NLRULE override (1) VMC/DMC (2) config gen (0 ==> input/default value)
0 0
Number of grid points
 945
R(i) in atomic units
    0.000000000000000E+00
    0.201435398514673E-05
    0.405769098441830E-05
    0.613042801245759E-05
    0.823298808401539E-05
    0.103658003002814E-04
    0.125292999364575E-04
    0.147239285305907E-04
    0.169501339736846E-04
    0.192083706011075E-04
    0.214990992853151E-04
    0.238227875299078E-04
    0.261799095650415E-04
    0.285709464442105E-04
    0.309963861424238E-04
    0.334567236557929E-04
    0.359524611025539E-04
    0.384841078255418E-04
    0.410521804961400E-04
    0.436572032197250E-04
    0.462997076426290E-04
    0.489802330606404E-04
    0.516993265290666E-04
    0.544575429743792E-04
    0.572554453074670E-04
    0.600936045385169E-04
    0.629725998935493E-04
    0.658930189326290E-04
    0.688554576697778E-04
    0.718605206946119E-04
    0.749088212957294E-04
    0.780009815858740E-04
    0.811376326288983E-04
    0.843194145685550E-04
    0.875469767591403E-04
    0.908209778980179E-04
    0.941420861600489E-04
    0.975109793339565E-04
    0.100928344960653E-03
    0.104394880473555E-03
    0.107911293340922E-03
    0.111478301210237E-03
    0.115096632054671E-03
    0.118767024321649E-03
    0.122490227083555E-03
    0.126267000190611E-03
    0.130098114425947E-03
    0.133984351662908E-03
    0.137926505024622E-03
    0.141925379045867E-03
    0.145981789837260E-03
    0.150096565251818E-03
    0.154270545053906E-03
    0.158504581090625E-03
    0.162799537465657E-03
    0.167156290715618E-03
    0.171575729988945E-03
    0.176058757227361E-03
    0.180606287349943E-03
    0.185219248439847E-03
    0.189898581933712E-03
    0.194645242813801E-03
    0.199460199802890E-03
    0.204344435561973E-03
    0.209298946890811E-03
    0.214324744931362E-03
    0.219422855374137E-03
    0.224594318667535E-03
    0.229840190230177E-03
    0.235161540666302E-03
    0.240559455984266E-03
    0.246035037818175E-03
    0.251589403652713E-03
    0.257223687051206E-03
    0.262939037886965E-03
    0.268736622577957E-03
    0.274617624324852E-03
    0.280583243352501E-03
    0.286634697154880E-03
    0.292773220743564E-03
    0.299000066899775E-03
    0.305316506430055E-03
    0.311723828425620E-03
    0.318223340525440E-03
    0.324816369183117E-03
    0.331504259937584E-03
    0.338288377687719E-03
    0.345170106970895E-03
    0.352150852245544E-03
    0.359232038177789E-03
    0.366415109932191E-03
    0.373701533466694E-03
    0.381092795831799E-03
    0.388590405474049E-03
    0.396195892543884E-03
    0.403910809207921E-03
    0.411736729965723E-03
    0.419675251971140E-03
    0.427727995358254E-03
    0.435896603572035E-03
    0.444182743703733E-03
    0.452588106831116E-03
    0.461114408363586E-03
    0.469763388392274E-03
    0.478536812045164E-03
    0.487436469847329E-03
    0.496464178086353E-03
    0.505621779183006E-03
    0.514911142067255E-03
    0.524334162559684E-03
    0.533892763758407E-03
    0.543588896431538E-03
    0.553424539415316E-03
    0.563401700017957E-03
    0.573522414429316E-03
    0.583788748136439E-03
    0.594202796345103E-03
    0.604766684407415E-03
    0.615482568255562E-03
    0.626352634841808E-03
    0.637379102584817E-03
    0.648564221822400E-03
    0.659910275270772E-03
    0.671419578490425E-03
    0.683094480358698E-03
    0.694937363549147E-03
    0.706950645017812E-03
    0.719136776496486E-03
    0.731498244993070E-03
    0.744037573299143E-03
    0.756757320504818E-03
    0.769660082521021E-03
    0.782748492609272E-03
    0.796025221919098E-03
    0.809492980033173E-03
    0.823154515520307E-03
    0.837012616496381E-03
    0.851070111193368E-03
    0.865329868536526E-03
    0.879794798729909E-03
    0.894467853850291E-03
    0.909352028449645E-03
    0.924450360166283E-03
    0.939765930344796E-03
    0.955301864664908E-03
    0.971061333779383E-03
    0.987047553961104E-03
    0.100326378775947E-02
    0.101971334466624E-02
    0.103639958179092E-02
    0.105332590454596E-02
    0.107049576734169E-02
    0.108791267429131E-02
    0.110558017992611E-02
    0.112350188992078E-02
    0.114168146182937E-02
    0.116012260583168E-02
    0.117882908549052E-02
    0.119780471851970E-02
    0.121705337756326E-02
    0.123657899098576E-02
    0.125638554367406E-02
    0.127647707785050E-02
    0.129685769389791E-02
    0.131753155119642E-02
    0.133850286897235E-02
    0.135977592715924E-02
    0.138135506727139E-02
    0.140324469328982E-02
    0.142544927256114E-02
    0.144797333670921E-02
    0.147082148255997E-02
    0.149399837307965E-02
    0.151750873832633E-02
    0.154135737641536E-02
    0.156554915449849E-02
    0.159008900975726E-02
    0.161498195041056E-02
    0.164023305673678E-02
    0.166584748211055E-02
    0.169183045405452E-02
    0.171818727530622E-02
    0.174492332490024E-02
    0.177204405926601E-02
    0.179955501334143E-02
    0.182746180170240E-02
    0.185577011970871E-02
    0.188448574466637E-02
    0.191361453700666E-02
    0.194316244148220E-02
    0.197313548838011E-02
    0.200353979475278E-02
    0.203438156566621E-02
    0.206566709546642E-02
    0.209740276906399E-02
    0.212959506323715E-02
    0.216225054795359E-02
    0.219537588771128E-02
    0.222897784289861E-02
    0.226306327117409E-02
    0.229763912886587E-02
    0.233271247239145E-02
    0.236829045969776E-02
    0.240438035172203E-02
    0.244098951387360E-02
    0.247812541753713E-02
    0.251579564159734E-02
    0.255400787398582E-02
    0.259276991324996E-02
    0.263208967014456E-02
    0.267197516924627E-02
    0.271243455059131E-02
    0.275347607133669E-02
    0.279510810744543E-02
    0.283733915539593E-02
    0.288017783391597E-02
    0.292363288574168E-02
    0.296771317940183E-02
    0.301242771102769E-02
    0.305778560618909E-02
    0.310379612175675E-02
    0.315046864779149E-02
    0.319781270946063E-02
    0.324583796898188E-02
    0.329455422759531E-02
    0.334397142756359E-02
    0.339409965420109E-02
    0.344494913793213E-02
    0.349653025637886E-02
    0.354885353647917E-02
    0.360192965663509E-02
    0.365576944889210E-02
    0.371038390114978E-02
    0.376578415940425E-02
    0.382198153002295E-02
    0.387898748205209E-02
    0.393681364955728E-02
    0.399547183399790E-02
    0.405497400663558E-02
    0.411533231097739E-02
    0.417655906525411E-02
    0.423866676493423E-02
    0.430166808527405E-02
    0.436557588390455E-02
    0.443040320345544E-02
    0.449616327421692E-02
    0.456286951683985E-02
    0.463053554507465E-02
    0.469917516854968E-02
    0.476880239558962E-02
    0.483943143607429E-02
    0.491107670433873E-02
    0.498375282211492E-02
    0.505747462151588E-02
    0.513225714806266E-02
    0.520811566375493E-02
    0.528506565018572E-02
    0.536312281170097E-02
    0.544230307860455E-02
    0.552262261040943E-02
    0.560409779913558E-02
    0.568674527265530E-02
    0.577058189808679E-02
    0.585562478523641E-02
    0.594189129009060E-02
    0.602939901835790E-02
    0.611816582906212E-02
    0.620820983818698E-02
    0.629954942237340E-02
    0.639220322266988E-02
    0.648619014833683E-02
    0.658152938070571E-02
    0.667824037709360E-02
    0.677634287477422E-02
    0.687585689500596E-02
    0.697680274711792E-02
    0.707920103265478E-02
    0.718307264958123E-02
    0.728843879654697E-02
    0.739532097721299E-02
    0.750374100464019E-02
    0.761372100574110E-02
    0.772528342579560E-02
    0.783845103303174E-02
    0.795324692327235E-02
    0.806969452464857E-02
    0.818781760238116E-02
    0.830764026363068E-02
    0.842918696241732E-02
    0.855248250461170E-02
    0.867755205299729E-02
    0.880442113240582E-02
    0.893311563492648E-02
    0.906366182519013E-02
    0.919608634572952E-02
    0.933041622241662E-02
    0.946667886997822E-02
    0.960490209759083E-02
    0.974511411455616E-02
    0.988734353605821E-02
    0.100316193890032E-01
    0.101779711179434E-01
    0.103264285910867E-01
    0.104770221063918E-01
    0.106297823977518E-01
    0.107847406412666E-01
    0.109419284616054E-01
    0.111013779384607E-01
    0.112631216130955E-01
    0.114271924949845E-01
    0.115936240685504E-01
    0.117624502999983E-01
    0.119337056442469E-01
    0.121074250519610E-01
    0.122836439766839E-01
    0.124623983820731E-01
    0.126437247492397E-01
    0.128276600841944E-01
    0.130142419253988E-01
    0.132035083514275E-01
    0.133954979887385E-01
    0.135902500195568E-01
    0.137878041898707E-01
    0.139882008175437E-01
    0.141914808005420E-01
    0.143976856252822E-01
    0.146068573750972E-01
    0.148190387388252E-01
    0.150342730195217E-01
    0.152526041432973E-01
    0.154740766682818E-01
    0.156987357937186E-01
    0.159266273691883E-01
    0.161577979039668E-01
    0.163922945765166E-01
    0.166301652441154E-01
    0.168714584526229E-01
    0.171162234463886E-01
    0.173645101783016E-01
    0.176163693199852E-01
    0.178718522721384E-01
    0.181310111750259E-01
    0.183938989191193E-01
    0.186605691558910E-01
    0.189310763087638E-01
    0.192054755842181E-01
    0.194838229830583E-01
    0.197661753118421E-01
    0.200525901944738E-01
    0.203431260839643E-01
    0.206378422743607E-01
    0.209367989128472E-01
    0.212400570120203E-01
    0.215476784623405E-01
    0.218597260447633E-01
    0.221762634435519E-01
    0.224973552592741E-01
    0.228230670219862E-01
    0.231534652046072E-01
    0.234886172364841E-01
    0.238285915171543E-01
    0.241734574303038E-01
    0.245232853579283E-01
    0.248781466946965E-01
    0.252381138625212E-01
    0.256032603253389E-01
    0.259736606041033E-01
    0.263493902919936E-01
    0.267305260698420E-01
    0.271171457217833E-01
    0.275093281511290E-01
    0.279071533964708E-01
    0.283107026480151E-01
    0.287200582641527E-01
    0.291353037882667E-01
    0.295565239657830E-01
    0.299838047614650E-01
    0.304172333769581E-01
    0.308568982685862E-01
    0.313028891654042E-01
    0.317552970875103E-01
    0.322142143646222E-01
    0.326797346549198E-01
    0.331519529641598E-01
    0.336309656650646E-01
    0.341168705169909E-01
    0.346097666858805E-01
    0.351097547644993E-01
    0.356169367929658E-01
    0.361314162795769E-01
    0.366532982219318E-01
    0.371826891283606E-01
    0.377196970396614E-01
    0.382644315511492E-01
    0.388170038350231E-01
    0.393775266630549E-01
    0.399461144296040E-01
    0.405228831749634E-01
    0.411079506090423E-01
    0.417014361353884E-01
    0.423034608755569E-01
    0.429141476938290E-01
    0.435336212222873E-01
    0.441620078862509E-01
    0.447994359300771E-01
    0.454460354433342E-01
    0.461019383873508E-01
    0.467672786221470E-01
    0.474421919337535E-01
    0.481268160619233E-01
    0.488212907282425E-01
    0.495257576646451E-01
    0.502403606423387E-01
    0.509652455011460E-01
    0.517005601792684E-01
    0.524464547434781E-01
    0.532030814197442E-01
    0.539705946243004E-01
    0.547491509951584E-01
    0.555389094240757E-01
    0.563400310889829E-01
    0.571526794868779E-01
    0.579770204671931E-01
    0.588132222656427E-01
    0.596614555385573E-01
    0.605218933977121E-01
    0.613947114456566E-01
    0.622800878115524E-01
    0.631782031875267E-01
    0.640892408655490E-01
    0.650133867748381E-01
    0.659508295198074E-01
    0.669017604185565E-01
    0.678663735419163E-01
    0.688448657530559E-01
    0.698374367476593E-01
    0.708442890946807E-01
    0.718656282776856E-01
    0.729016627367867E-01
    0.739526039111837E-01
    0.750186662823151E-01
    0.761000674176301E-01
    0.771970280149912E-01
    0.783097719477155E-01
    0.794385263102636E-01
    0.805835214645863E-01
    0.817449910871382E-01
    0.829231722165674E-01
    0.841183053020915E-01
    0.853306342525699E-01
    0.865604064862819E-01
    0.878078729814211E-01
    0.890732883273161E-01
    0.903569107763888E-01
    0.916590022968594E-01
    0.929798286262107E-01
    0.943196593254206E-01
    0.956787678339760E-01
    0.970574315256776E-01
    0.984559317652474E-01
    0.998745539657516E-01
    0.101313587646849E+00
    0.102773326493876E+00
    0.104254068417788E+00
    0.105756115615953E+00
    0.107279774633828E+00
    0.108825356427522E+00
    0.110393176427256E+00
    0.111983554601736E+00
    0.113596815523456E+00
    0.115233288434939E+00
    0.116893307315927E+00
    0.118577210951547E+00
    0.120285343001445E+00
    0.122018052069928E+00
    0.123775691777105E+00
    0.125558620831058E+00
    0.127367203101048E+00
    0.129201807691773E+00
    0.131062809018701E+00
    0.132950586884482E+00
    0.134865526556455E+00
    0.136808018845283E+00
    0.138778460184704E+00
    0.140777252712443E+00
    0.142804804352280E+00
    0.144861528897302E+00
    0.146947846094350E+00
    0.149064181729684E+00
    0.151210967715882E+00
    0.153388642179984E+00
    0.155597649552909E+00
    0.157838440660154E+00
    0.160111472813804E+00
    0.162417209905862E+00
    0.164756122502920E+00
    0.167128687942199E+00
    0.169535390428961E+00
    0.171976721135331E+00
    0.174453178300541E+00
    0.176965267332606E+00
    0.179513500911477E+00
    0.182098399093667E+00
    0.184720489418389E+00
    0.187380307015218E+00
    0.190078394713305E+00
    0.192815303152154E+00
    0.195591590894010E+00
    0.198407824537841E+00
    0.201264578834984E+00
    0.204162436806435E+00
    0.207101989861836E+00
    0.210083837920179E+00
    0.213108589532231E+00
    0.216176862004740E+00
    0.219289281526409E+00
    0.222446483295699E+00
    0.225649111650459E+00
    0.228897820199430E+00
    0.232193271955630E+00
    0.235536139471673E+00
    0.238927104977021E+00
    0.242366860517221E+00
    0.245856108095137E+00
    0.249395559814223E+00
    0.252985938023849E+00
    0.256627975466723E+00
    0.260322415428433E+00
    0.264070011889142E+00
    0.267871529677460E+00
    0.271727744626539E+00
    0.275639443732406E+00
    0.279607425314577E+00
    0.283632499178983E+00
    0.287715486783242E+00
    0.291857221404301E+00
    0.296058548308497E+00
    0.300320324924068E+00
    0.304643421016134E+00
    0.309028718864209E+00
    0.313477113442258E+00
    0.317989512601348E+00
    0.322566837254929E+00
    0.327210021566776E+00
    0.331920013141639E+00
    0.336697773218638E+00
    0.341544276867430E+00
    0.346460513187215E+00
    0.351447485508590E+00
    0.356506211598318E+00
    0.361637723867037E+00
    0.366843069579957E+00
    0.372123311070599E+00
    0.377479525957591E+00
    0.382912807364605E+00
    0.388424264143437E+00
    0.394015021100315E+00
    0.399686219225451E+00
    0.405439015925901E+00
    0.411274585261774E+00
    0.417194118185842E+00
    0.423198822786594E+00
    0.429289924534791E+00
    0.435468666533562E+00
    0.441736309772107E+00
    0.448094133383045E+00
    0.454543434903466E+00
    0.461085530539738E+00
    0.467721755436124E+00
    0.474453463947271E+00
    0.481282029914605E+00
    0.488208846946719E+00
    0.495235328703783E+00
    0.502362909186053E+00
    0.509593043026530E+00
    0.516927205787826E+00
    0.524366894263307E+00
    0.531913626782566E+00
    0.539568943521289E+00
    0.547334406815585E+00
    0.555211601480834E+00
    0.563202135135123E+00
    0.571307638527341E+00
    0.579529765869986E+00
    0.587870195176766E+00
    0.596330628605061E+00
    0.604912792803301E+00
    0.613618439263354E+00
    0.622449344677980E+00
    0.631407311303423E+00
    0.640494167327228E+00
    0.649711767241348E+00
    0.659061992220614E+00
    0.668546750506659E+00
    0.678167977797358E+00
    0.687927637641879E+00
    0.697827721841410E+00
    0.707870250855661E+00
    0.718057274215202E+00
    0.728390870939752E+00
    0.738873149962465E+00
    0.749506250560342E+00
    0.760292342790817E+00
    0.771233627934640E+00
    0.782332338945120E+00
    0.793590740903843E+00
    0.805011131482937E+00
    0.816595841413994E+00
    0.828347234963740E+00
    0.840267710416543E+00
    0.852359700563869E+00
    0.864625673200778E+00
    0.877068131629564E+00
    0.889689615170643E+00
    0.902492699680790E+00
    0.915479998078831E+00
    0.928654160878904E+00
    0.942017876731386E+00
    0.955573872971609E+00
    0.969324916176469E+00
    0.983273812729040E+00
    0.997423409391319E+00
    0.101177659388520E+01
    0.102633629548184E+01
    0.104110548559943E+01
    0.105608717840967E+01
    0.107128443145288E+01
    0.108670034626203E+01
    0.110233806899568E+01
    0.111820079108009E+01
    0.113429174986055E+01
    0.115061422926204E+01
    0.116717156045946E+01
    0.118396712255746E+01
    0.120100434328006E+01
    0.121828669967022E+01
    0.123581771879943E+01
    0.125360097848755E+01
    0.127164010803297E+01
    0.128993878895330E+01
    0.130850075573674E+01
    0.132732979660419E+01
    0.134642975428242E+01
    0.136580452678825E+01
    0.138545806822415E+01
    0.140539438958514E+01
    0.142561755957744E+01
    0.144613170544878E+01
    0.146694101383075E+01
    0.148804973159320E+01
    0.150946216671098E+01
    0.153118268914313E+01
    0.155321573172470E+01
    0.157556579107149E+01
    0.159823742849766E+01
    0.162123527094668E+01
    0.164456401193561E+01
    0.166822841251296E+01
    0.169223330223038E+01
    0.171658358012826E+01
    0.174128421573560E+01
    0.176634025008415E+01
    0.179175679673730E+01
    0.181753904283358E+01
    0.184369225014536E+01
    0.187022175615266E+01
    0.189713297513246E+01
    0.192443139926367E+01
    0.195212259974800E+01
    0.198021222794697E+01
    0.200870601653525E+01
    0.203760978067063E+01
    0.206692941918082E+01
    0.209667091576726E+01
    0.212684034022637E+01
    0.215744384968825E+01
    0.218848768987331E+01
    0.221997819636687E+01
    0.225192179591221E+01
    0.228432500772216E+01
    0.231719444480954E+01
    0.235053681533683E+01
    0.238435892398515E+01
    0.241866767334307E+01
    0.245347006531522E+01
    0.248877320255139E+01
    0.252458428989599E+01
    0.256091063585848E+01
    0.259775965410494E+01
    0.263513886497107E+01
    0.267305589699698E+01
    0.271151848848407E+01
    0.275053448907432E+01
    0.279011186135224E+01
    0.283025868246994E+01
    0.287098314579556E+01
    0.291229356258542E+01
    0.295419836368020E+01
    0.299670610122557E+01
    0.303982545041753E+01
    0.308356521127294E+01
    0.312793431042541E+01
    0.317294180294713E+01
    0.321859687419686E+01
    0.326490884169456E+01
    0.331188715702289E+01
    0.335954140775620E+01
    0.340788131941717E+01
    0.345691675746170E+01
    0.350665772929221E+01
    0.355711438630009E+01
    0.360829702593740E+01
    0.366021609381846E+01
    0.371288218585160E+01
    0.376630605040166E+01
    0.382049859048356E+01
    0.387547086598746E+01
    0.393123409593589E+01
    0.398779966077340E+01
    0.404517910468914E+01
    0.410338413797286E+01
    0.416242663940480E+01
    0.422231865867997E+01
    0.428307241886732E+01
    0.434470031890429E+01
    0.440721493612722E+01
    0.447062902883825E+01
    0.453495553890905E+01
    0.460020759442206E+01
    0.466639851234981E+01
    0.473354180127261E+01
    0.480165116413554E+01
    0.487074050104496E+01
    0.494082391210534E+01
    0.501191570029688E+01
    0.508403037439453E+01
    0.515718265192900E+01
    0.523138746219044E+01
    0.530665994927521E+01
    0.538301547517663E+01
    0.546046962292011E+01
    0.553903819974339E+01
    0.561873724032261E+01
    0.569958301004471E+01
    0.578159200832697E+01
    0.586478097198428E+01
    0.594916687864491E+01
    0.603476695021533E+01
    0.612159865639501E+01
    0.620967971824170E+01
    0.629902811178801E+01
    0.638966207171008E+01
    0.648160009504899E+01
    0.657486094498576E+01
    0.666946365467058E+01
    0.676542753110726E+01
    0.686277215909344E+01
    0.696151740521760E+01
    0.706168342191350E+01
    0.716329065157303E+01
    0.726635983071816E+01
    0.737091199423298E+01
    0.747696847965660E+01
    0.758455093153782E+01
    0.769368130585246E+01
    0.780438187448425E+01
    0.791667522977020E+01
    0.803058428911133E+01
    0.814613229964980E+01
    0.826334284301330E+01
    0.838223984012769E+01
    0.850284755609894E+01
    0.862519060516524E+01
    0.874929395572040E+01
    0.887518293540957E+01
    0.900288323629818E+01
    0.913242092011537E+01
    0.926382242357272E+01
    0.939711456375968E+01
    0.953232454361645E+01
    0.966947995748576E+01
    0.980860879674444E+01
    0.994973945551605E+01
    0.100929007364657E+02
    0.102381218566782E+02
    0.103854324536209E+02
    0.105348625911921E+02
    0.106864427658571E+02
    0.108402039128715E+02
    0.109961774125947E+02
    0.111543950968947E+02
    0.113148892556439E+02
    0.114776926433093E+02
    0.116428384856372E+02
    0.118103604864337E+02
    0.119802928344439E+02
    0.121526702103285E+02
    0.123275277937421E+02
    0.125049012705128E+02
    0.126848268399248E+02
    0.128673412221066E+02
    0.130524816655248E+02
    0.132402859545860E+02
    0.134307924173479E+02
    0.136240399333416E+02
    0.138200679415065E+02
    0.140189164482388E+02
    0.142206260355567E+02
    0.144252378693822E+02
    0.146327937079425E+02
    0.148433359102923E+02
    0.150569074449589E+02
    0.152735518987111E+02
    0.154933134854544E+02
    0.157162370552552E+02
    0.159423681034932E+02
    0.161717527801469E+02
    0.164044378992115E+02
    0.166404709482539E+02
    0.168799000981031E+02
    0.171227742126820E+02
    0.173691428589795E+02
    0.176190563171661E+02
    0.178725655908558E+02
    0.181297224175151E+02
    0.183905792790214E+02
    0.186551894123743E+02
    0.189236068205603E+02
    0.191958862835739E+02
    0.194720833695975E+02
    0.197522544463419E+02
    0.200364566925503E+02
    0.203247481096676E+02
    0.206171875336774E+02
    0.209138346471098E+02
    0.212147499912217E+02
    0.215199949783521E+02
    0.218296319044560E+02
    0.221437239618173E+02
    0.224623352519461E+02
    0.227855307986605E+02
    0.231133765613571E+02
    0.234459394484723E+02
    0.237832873311373E+02
    0.241254890570296E+02
    0.244726144644239E+02
    0.248247343964448E+02
    0.251819207155252E+02
    0.255442463180718E+02
    0.259117851493427E+02
    0.262846122185385E+02
    0.266628036141099E+02
    0.270464365192873E+02
    0.274355892278316E+02
    0.278303411600136E+02
    0.282307728788224E+02
    0.286369661064066E+02
    0.290490037407531E+02
    0.294669698726051E+02
    0.298909498026240E+02
    0.303210300587975E+02
    0.307572984140993E+02
    0.311998439044018E+02
    0.316487568466471E+02
    0.321041288572795E+02
    0.325660528709430E+02
    0.330346231594476E+02
    0.335099353510091E+02
    0.339920864497653E+02
    0.344811748555731E+02
    0.349773003840904E+02
    0.354805642871470E+02
    0.359910692734087E+02
    0.365089195293382E+02
    0.370342207404588E+02
    0.375670801129224E+02
    0.381076063953892E+02
    0.386559099012214E+02
    0.392121025309969E+02
    0.397762977953458E+02
    0.403486108381172E+02
    0.409291584598776E+02
    0.415180591417484E+02
    0.421154330695862E+02
    0.427214021585110E+02
    0.433360900777867E+02
    0.439596222760612E+02
    0.445921260069675E+02
    0.452337303550951E+02
    0.458845662623337E+02
    0.465447665545966E+02
    0.472144659689290E+02
    0.478938011810051E+02
    0.485829108330218E+02
    0.492819355619938E+02
    0.499910180284553E+02
    0.507103029455747E+02
    0.514399371086888E+02
    0.521800694252613E+02
    0.529308509452724E+02
    0.536924348920466E+02
    0.544649766935221E+02
    0.552486340139727E+02
    0.560435667861835E+02
    0.568499372440917E+02
    0.576679099558955E+02
    0.584976518576405E+02
    0.593393322872886E+02
    0.601931230192772E+02
    0.610591982995762E+02
    0.619377348812489E+02
    0.628289120605243E+02
    0.637329117133894E+02
    0.646499183327067E+02
    0.655801190658671E+02
    0.665237037529835E+02
    0.674808649656342E+02
    0.684517980461644E+02
    0.694367011475523E+02
    0.704357752738493E+02
    0.714492243212017E+02
    0.724772551194632E+02
    0.735200774744057E+02
    0.745779042105373E+02
    0.756509512145369E+02
    0.767394374793133E+02
    0.778435851486985E+02
    0.789636195627839E+02
    0.800997693039086E+02
    0.812522662433102E+02
    0.824213455884457E+02
    0.836072459309943E+02
    0.848102092955500E+02
    0.860304811890155E+02
    0.872683106507066E+02
    0.885239503031768E+02
    0.897976564037746E+02
    0.910896888969413E+02
    0.924003114672619E+02
    0.937297915932793E+02
    0.950784006020826E+02
    0.964464137246807E+02
    0.978341101521734E+02
    0.992417730927297E+02
    0.100669689829386E+03
r*potential (L=0) in Ry
    0.000000000000000E+00
    0.126632411620745E-05
    0.255086841120039E-05
    0.385389504133410E-05
    0.517566993493315E-05
    0.651646284656333E-05
    0.787654741208457E-05
    0.925620120449597E-05
    0.106557057905842E-04
    0.120753467883874E-04
    0.135154139254848E-04
    0.149762010981270E-04
    0.164580064312145E-04
    0.179611323391417E-04
    0.194858855875141E-04
    0.210325773557556E-04
    0.226015233006147E-04
    0.241930436205860E-04
    0.258074631212576E-04
    0.274451112815990E-04
    0.291063223212030E-04
    0.307914352684949E-04
    0.325007940299231E-04
    0.342347474601453E-04
    0.359936494332246E-04
    0.377778589148497E-04
    0.395877400355944E-04
    0.414236621652316E-04
    0.432859999881158E-04
    0.451751335796506E-04
    0.470914484838564E-04
    0.490353357920544E-04
    0.510071922226822E-04
    0.530074202022581E-04
    0.550364279475105E-04
    0.570946295486888E-04
    0.591824450540727E-04
    0.613003005556982E-04
    0.634486282763162E-04
    0.656278666576028E-04
    0.678384604496391E-04
    0.700808608016770E-04
    0.723555253542130E-04
    0.746629183323852E-04
    0.770035106407148E-04
    0.793777799592105E-04
    0.817862108408560E-04
    0.842292948104998E-04
    0.867075304651680E-04
    0.892214235758205E-04
    0.917714871905712E-04
    0.943582417393933E-04
    0.969822151403312E-04
    0.996439429072407E-04
    0.102343968259079E-03
    0.105082842230768E-03
    0.107861123785650E-03
    0.110679379929568E-03
    0.113538185826579E-03
    0.116438124916338E-03
    0.119379789033167E-03
    0.122363778526842E-03
    0.125390702385116E-03
    0.128461178358000E-03
    0.131575833083839E-03
    0.134735302217200E-03
    0.137940230558596E-03
    0.141191272186084E-03
    0.144489090588750E-03
    0.147834358802116E-03
    0.151227759545498E-03
    0.154669985361337E-03
    0.158161738756538E-03
    0.161703732345838E-03
    0.165296688997242E-03
    0.168941341979548E-03
    0.172638435111996E-03
    0.176388722916067E-03
    0.180192970769476E-03
    0.184051955062364E-03
    0.187966463355755E-03
    0.191937294542281E-03
    0.195965259009224E-03
    0.200051178803900E-03
    0.204195887801433E-03
    0.208400231874928E-03
    0.212665069068102E-03
    0.216991269770401E-03
    0.221379716894626E-03
    0.225831306057126E-03
    0.230346945760576E-03
    0.234927557579387E-03
    0.239574076347787E-03
    0.244287450350601E-03
    0.249068641516783E-03
    0.253918625615729E-03
    0.258838392456415E-03
    0.263828946089398E-03
    0.268891305011729E-03
    0.274026502374807E-03
    0.279235586195232E-03
    0.284519619568681E-03
    0.289879680886872E-03
    0.295316864057643E-03
    0.300832278728197E-03
    0.306427050511564E-03
    0.312102321216317E-03
    0.317859249079595E-03
    0.323699009003475E-03
    0.329622792794751E-03
    0.335631809408158E-03
    0.341727285193097E-03
    0.347910464143909E-03
    0.354182608153750E-03
    0.360544997272119E-03
    0.366998929966090E-03
    0.373545723385306E-03
    0.380186713630779E-03
    0.386923256027562E-03
    0.393756725401344E-03
    0.400688516359021E-03
    0.407720043573307E-03
    0.414852742071438E-03
    0.422088067528029E-03
    0.429427496562145E-03
    0.436872527038646E-03
    0.444424678373866E-03
    0.452085491845694E-03
    0.459856530908105E-03
    0.467739381510230E-03
    0.475735652420010E-03
    0.483846975552497E-03
    0.492075006302898E-03
    0.500421423884388E-03
    0.508887931670801E-03
    0.517476257544239E-03
    0.526188154247685E-03
    0.535025399742690E-03
    0.543989797572206E-03
    0.553083177228633E-03
    0.562307394527166E-03
    0.571664331984512E-03
    0.581155899203049E-03
    0.590784033260516E-03
    0.600550699105313E-03
    0.610457889957472E-03
    0.620507627715412E-03
    0.630701963368535E-03
    0.641042977415760E-03
    0.651532780290073E-03
    0.662173512789191E-03
    0.672967346512413E-03
    0.683916484303753E-03
    0.695023160701459E-03
    0.706289642393978E-03
    0.717718228682494E-03
    0.729311251950112E-03
    0.741071078137788E-03
    0.753000107227107E-03
    0.765100773730002E-03
    0.777375547185513E-03
    0.789826932663695E-03
    0.802457471276767E-03
    0.815269740697610E-03
    0.828266355685729E-03
    0.841449968620766E-03
    0.854823270043693E-03
    0.868388989205779E-03
    0.882149894625457E-03
    0.896108794653190E-03
    0.910268538044464E-03
    0.924632014541011E-03
    0.939202155460391E-03
    0.953981934294053E-03
    0.968974367313986E-03
    0.984182514188091E-03
    0.999609478604399E-03
    0.101525840890427E-02
    0.103113249872465E-02
    0.104723498764964E-02
    0.106356916187134E-02
    0.108013835486023E-02
    0.109694594804521E-02
    0.111399537150332E-02
    0.113129010465951E-02
    0.114883367699630E-02
    0.116662966877380E-02
    0.118468171175990E-02
    0.120299348997113E-02
    0.122156874042396E-02
    0.124041125389711E-02
    0.125952487570461E-02
    0.127891350648007E-02
    0.129858110297218E-02
    0.131853167885164E-02
    0.133876930552966E-02
    0.135929811298821E-02
    0.138012229062218E-02
    0.140124608809365E-02
    0.142267381619842E-02
    0.144440984774490E-02
    0.146645861844571E-02
    0.148882462782200E-02
    0.151151244012077E-02
    0.153452668524530E-02
    0.155787205969903E-02
    0.158155332754280E-02
    0.160557532136599E-02
    0.162994294327145E-02
    0.165466116587460E-02
    0.167973503331681E-02
    0.170516966229339E-02
    0.173097024309611E-02
    0.175714204067090E-02
    0.178369039569047E-02
    0.181062072564240E-02
    0.183793852593278E-02
    0.186564937100565E-02
    0.189375891547840E-02
    0.192227289529348E-02
    0.195119712888652E-02
    0.198053751837117E-02
    0.201030005074090E-02
    0.204049079908790E-02
    0.207111592383943E-02
    0.210218167401185E-02
    0.213369438848250E-02
    0.216566049727975E-02
    0.219808652289146E-02
    0.223097908159207E-02
    0.226434488478865E-02
    0.229819074038610E-02
    0.233252355417181E-02
    0.236735033122000E-02
    0.240267817731613E-02
    0.243851430040149E-02
    0.247486601203839E-02
    0.251174072889613E-02
    0.254914597425815E-02
    0.258708937955050E-02
    0.262557868589210E-02
    0.266462174566689E-02
    0.270422652411840E-02
    0.274440110096678E-02
    0.278515367204882E-02
    0.282649255098122E-02
    0.286842617084727E-02
    0.291096308590748E-02
    0.295411197333437E-02
    0.299788163497171E-02
    0.304228099911861E-02
    0.308731912233880E-02
    0.313300519129532E-02
    0.317934852461116E-02
    0.322635857475599E-02
    0.327404492995942E-02
    0.332241731615119E-02
    0.337148559892853E-02
    0.342125978555118E-02
    0.347175002696426E-02
    0.352296661984955E-02
    0.357492000870542E-02
    0.362762078795583E-02
    0.368107970408871E-02
    0.373530765782425E-02
    0.379031570631334E-02
    0.384611506536657E-02
    0.390271711171426E-02
    0.396013338529785E-02
    0.401837559159308E-02
    0.407745560396527E-02
    0.413738546605732E-02
    0.419817739421057E-02
    0.425984377991913E-02
    0.432239719231807E-02
    0.438585038070577E-02
    0.445021627710103E-02
    0.451550799883521E-02
    0.458173885117996E-02
    0.464892233001093E-02
    0.471707212450778E-02
    0.478620211989126E-02
    0.485632640019738E-02
    0.492745925108949E-02
    0.499961516270853E-02
    0.507280883256198E-02
    0.514705516845197E-02
    0.522236929144298E-02
    0.529876653886971E-02
    0.537626246738550E-02
    0.545487285605182E-02
    0.553461370946940E-02
    0.561550126095134E-02
    0.569755197573893E-02
    0.578078255426045E-02
    0.586520993543367E-02
    0.595085130001252E-02
    0.603772407397839E-02
    0.612584593197675E-02
    0.621523480079956E-02
    0.630590886291403E-02
    0.639788656003839E-02
    0.649118659676517E-02
    0.658582794423274E-02
    0.668182984384552E-02
    0.677921181104376E-02
    0.687799363912329E-02
    0.697819540310621E-02
    0.707983746366285E-02
    0.718294047108617E-02
    0.728752536931891E-02
    0.739361340003463E-02
    0.750122610677319E-02
    0.761038533913164E-02
    0.772111325701145E-02
    0.783343233492283E-02
    0.794736536634719E-02
    0.806293546815889E-02
    0.818016608510702E-02
    0.829908099435866E-02
    0.841970431010461E-02
    0.854206048822882E-02
    0.866617433104302E-02
    0.879207099208774E-02
    0.891977598100132E-02
    0.904931516845850E-02
    0.918071479118026E-02
    0.931400145701659E-02
    0.944920215010440E-02
    0.958634423610227E-02
    0.972545546750454E-02
    0.986656398903690E-02
    0.100096983431361E-01
    0.101548874755165E-01
    0.103021607408264E-01
    0.104515479083969E-01
    0.106030791680875E-01
    0.107567851362315E-01
    0.109126968616845E-01
    0.110708458319818E-01
    0.112312639796077E-01
    0.113939836883826E-01
    0.115590377999725E-01
    0.117264596205268E-01
    0.118962829274511E-01
    0.120685419763204E-01
    0.122432715079414E-01
    0.124205067555697E-01
    0.126002834522923E-01
    0.127826378385825E-01
    0.129676066700381E-01
    0.131552272253130E-01
    0.133455373142525E-01
    0.135385752862467E-01
    0.137343800388120E-01
    0.139329910264175E-01
    0.141344482695701E-01
    0.143387923641750E-01
    0.145460644911886E-01
    0.147563064265843E-01
    0.149695605516500E-01
    0.151858698636399E-01
    0.154052779868053E-01
    0.156278291838274E-01
    0.158535683676828E-01
    0.160825411139675E-01
    0.163147936737145E-01
    0.165503729867369E-01
    0.167893266955330E-01
    0.170317031597942E-01
    0.172775514715562E-01
    0.175269214710395E-01
    0.177798637632273E-01
    0.180364297352334E-01
    0.182966715745147E-01
    0.185606422879887E-01
    0.188283957221200E-01
    0.190999865840439E-01
    0.193754704637994E-01
    0.196549038577521E-01
    0.199383441932877E-01
    0.202258498548678E-01
    0.205174802115425E-01
    0.208132956460214E-01
    0.211133575854119E-01
    0.214177285337415E-01
    0.217264721063855E-01
    0.220396530665346E-01
    0.223573373638395E-01
    0.226795921753843E-01
    0.230064859491442E-01
    0.233380884500992E-01
    0.236744708091805E-01
    0.240157055752394E-01
    0.243618667702425E-01
    0.247130299479037E-01
    0.250692722559815E-01
    0.254306725024798E-01
    0.257973112260066E-01
    0.261692707705566E-01
    0.265466353650025E-01
    0.269294912075912E-01
    0.273179265557610E-01
    0.277120318216097E-01
    0.281118996733631E-01
    0.285176251432087E-01
    0.289293057418812E-01
    0.293470415804006E-01
    0.297709354993875E-01
    0.302010932063962E-01
    0.306376234217283E-01
    0.310806380332075E-01
    0.315302522604190E-01
    0.319865848289338E-01
    0.324497581550621E-01
    0.329198985416956E-01
    0.333971363858213E-01
    0.338816063983060E-01
    0.343734478365692E-01
    0.348728047507799E-01
    0.353798262442262E-01
    0.358946667485221E-01
    0.364174863143273E-01
    0.369484509182657E-01
    0.374877327867339E-01
    0.380355107372956E-01
    0.385919705383578E-01
    0.391573052878196E-01
    0.397317158113748E-01
    0.403154110811355E-01
    0.409086086552223E-01
    0.415115351389375E-01
    0.421244266681031E-01
    0.427475294150972E-01
    0.433811001180718E-01
    0.440254066337614E-01
    0.446807285142217E-01
    0.453473576077364E-01
    0.460255986840297E-01
    0.467157700837936E-01
    0.474182043923978E-01
    0.481332491374883E-01
    0.488612675099960E-01
    0.496026391078679E-01
    0.503577607016009E-01
    0.511270470203951E-01
    0.519109315574511E-01
    0.527098673926119E-01
    0.535243280301860E-01
    0.543548082493930E-01
    0.552018249644319E-01
    0.560659180906872E-01
    0.569476514130612E-01
    0.578476134518383E-01
    0.587664183208578E-01
    0.597047065720802E-01
    0.606631460198911E-01
    0.616424325376725E-01
    0.626432908183055E-01
    0.636664750893245E-01
    0.647127697724351E-01
    0.657829900760300E-01
    0.668779825081786E-01
    0.679986252963392E-01
    0.691458286987347E-01
    0.703205351909528E-01
    0.715237195098684E-01
    0.727563885354555E-01
    0.740195809894460E-01
    0.753143669281152E-01
    0.766418470047330E-01
    0.780031514754137E-01
    0.793994389202462E-01
    0.808318946496876E-01
    0.823017287642759E-01
    0.838101738337722E-01
    0.853584821598985E-01
    0.869479225849079E-01
    0.885797768063402E-01
    0.902553351564934E-01
    0.919758918034199E-01
    0.937427393286570E-01
    0.955571626354768E-01
    0.974204321402129E-01
    0.993337961982582E-01
    0.101298472715664E+00
    0.103315639896974E+00
    0.105386426080036E+00
    0.107511898609181E+00
    0.109693051699292E+00
    0.111930793245150E+00
    0.114225930532944E+00
    0.116579154814224E+00
    0.118991024706819E+00
    0.121461948392489E+00
    0.123992164587472E+00
    0.126581722269625E+00
    0.129230459154749E+00
    0.131937978924955E+00
    0.134703627223719E+00
    0.137526466445701E+00
    0.140405249364461E+00
    0.143338391658128E+00
    0.146323943411788E+00
    0.149359559696004E+00
    0.152442470343487E+00
    0.155569449070435E+00
    0.158736782115594E+00
    0.161940236598402E+00
    0.165175028827805E+00
    0.168435792825118E+00
    0.171716549357649E+00
    0.175010675814350E+00
    0.178310877290228E+00
    0.181609159282294E+00
    0.184896802435940E+00
    0.188164339816313E+00
    0.191401537213837E+00
    0.194597377025821E+00
    0.197740046286212E+00
    0.200816929442123E+00
    0.203814606497686E+00
    0.206718857161978E+00
    0.209514671646870E+00
    0.212186268761495E+00
    0.214717121940928E+00
    0.217089993826310E+00
    0.219286979980344E+00
    0.221289562274128E+00
    0.223078672417190E+00
    0.224634766020471E+00
    0.225937907480439E+00
    0.226967865849796E+00
    0.227704221715073E+00
    0.228126484932456E+00
    0.228214222879481E+00
    0.227947198661000E+00
    0.227305518462756E+00
    0.226269786974972E+00
    0.224821269512236E+00
    0.222942059135608E+00
    0.220615246740297E+00
    0.217825091709712E+00
    0.214557190357709E+00
    0.210798638989414E+00
    0.206538188012350E+00
    0.201766383129642E+00
    0.196475689253038E+00
    0.190660592393346E+00
    0.184317674428895E+00
    0.177445655328932E+00
    0.170045397129679E+00
    0.162119863738213E+00
    0.153674030486519E+00
    0.144714737288690E+00
    0.135250479282921E+00
    0.125291128981466E+00
    0.114847584221592E+00
    0.103931336624006E+00
    0.925539558376381E-01
    0.807264855959344E-01
    0.684587485441130E-01
    0.557585579323991E-01
    0.426308356188317E-01
    0.290766373967571E-01
    0.150920884642039E-01
    0.667233889674741E-03
   -0.142151887972996E-01
   -0.295810452552956E-01
   -0.454661558517860E-01
   -0.619176877439391E-01
   -0.789955690742595E-01
   -0.967739035419268E-01
   -0.115342360195236E+00
   -0.134807509803481E+00
   -0.155294075670097E+00
   -0.176946063318747E+00
   -0.199927730211103E+00
   -0.224424353646282E+00
   -0.250642752371049E+00
   -0.278811515337835E+00
   -0.309180889642074E+00
   -0.342022279124314E+00
   -0.377627305622040E+00
   -0.416306386596492E+00
   -0.458386786040126E+00
   -0.504210100386899E+00
   -0.554129147784497E+00
   -0.608504237706457E+00
   -0.667698808609313E+00
   -0.732074434252620E+00
   -0.801985214410578E+00
   -0.877771582945489E+00
   -0.959753585421543E+00
   -0.104822369933804E+01
   -0.114343929225658E+01
   -0.124561483605755E+01
   -0.135491401862190E+01
   -0.147144191659634E+01
   -0.159523741364194E+01
   -0.172626606666071E+01
   -0.186441363684204E+01
   -0.200948051183066E+01
   -0.216117724876493E+01
   -0.231912146431103E+01
   -0.248283628620274E+01
   -0.265175056046920E+01
   -0.282520097905130E+01
   -0.300243625377106E+01
   -0.318262341493115E+01
   -0.336485625693957E+01
   -0.354816589051456E+01
   -0.373153329295165E+01
   -0.391390367682263E+01
   -0.409420242593346E+01
   -0.427135227833961E+01
   -0.444429137286638E+01
   -0.461199172115042E+01
   -0.477347762486105E+01
   -0.492784353036226E+01
   -0.507427080306894E+01
   -0.521204291293178E+01
   -0.534055855185366E+01
   -0.545934225347282E+01
   -0.556805215470877E+01
   -0.566648462477888E+01
   -0.575457558806916E+01
   -0.583239847837895E+01
   -0.590015887900080E+01
   -0.595818602065436E+01
   -0.600692142201477E+01
   -0.604690506004853E+01
   -0.607875954453722E+01
   -0.610317283864463E+01
   -0.612088011173010E+01
   -0.613264532957933E+01
   -0.613924317991075E+01
   -0.614144189794737E+01
   -0.613998749996251E+01
   -0.613558985526560E+01
   -0.612891093345529E+01
   -0.612055545913568E+01
   -0.611106409637873E+01
   -0.610090917587553E+01
   -0.609049287457201E+01
   -0.608014766566994E+01
   -0.607013878034226E+01
   -0.606066836439054E+01
   -0.605188097512243E+01
   -0.604387004638636E+01
   -0.603668495213599E+01
   -0.603033831913795E+01
   -0.602481327458868E+01
   -0.602007036092031E+01
   -0.601605390404285E+01
   -0.601269767872587E+01
   -0.600992977202847E+01
   -0.600767659936462E+01
   -0.600586607531100E+01
   -0.600442998074714E+01
   -0.600330559828046E+01
   -0.600243670883476E+01
   -0.600177405413467E+01
   -0.600127537351791E+01
   -0.600090512036744E+01
   -0.600063395502610E+01
   -0.600043809895942E+01
   -0.600029862073119E+01
   -0.600020070943866E+01
   -0.600013297676342E+01
   -0.600008681558724E+01
   -0.600005583176271E+01
   -0.600003535640804E+01
   -0.600002203907236E+01
   -0.600001351716847E+01
   -0.600000815394588E+01
   -0.600000483565738E+01
   -0.600000281811111E+01
   -0.600000161316261E+01
   -0.600000090659081E+01
   -0.600000049997272E+01
   -0.600000027043611E+01
   -0.600000014339722E+01
   -0.600000007449743E+01
   -0.600000003789881E+01
   -0.600000001886884E+01
   -0.600000000918848E+01
   -0.600000000437377E+01
   -0.600000000203381E+01
   -0.600000000092326E+01
   -0.600000000040889E+01
   -0.600000000017655E+01
   -0.600000000007426E+01
   -0.600000000003041E+01
   -0.600000000001211E+01
   -0.600000000000469E+01
   -0.600000000000176E+01
   -0.600000000000064E+01
   -0.600000000000023E+01
   -0.600000000000008E+01
   -0.600000000000003E+01
   -0.600000000000001E+01
   -0.600000000000000E+01
   -0.600000000000000E+01
   -0.600000000000000E+01
   -0.600000000000000E+01
   -0.600000000000000E+01
   -0.600000000000000E+01
   -0.600000000000000E+01
   -0.600000000000000E+01
   -0.600000000000000E+01
   -0.600000000000000E+01
   -0.600000000000000E+01
   -0.600000000000000E+01
   -0.600000000000000E+01
   -0.600000000000000E+01
   -0.600000000000000E+01
   -0.600000000000000E+01
   -0.600000000000000E+01
   -0.600000000000000E+01
   -0.600000000000000E+01
   -0.600000000000000E+01
   -0.600000000000000E+01
   -0.600000000000000E+01
   -0.600000000000000E+01
   -0.600000000000000E+01
   -0.600000000000000E+01
   -0.600000000000000E+01
   -0.600000000000000E+01
   -0.600000000000000E+01
   -0.600000000000000E+01
   -0.600000000000000E+01
   -0.600000000000000E+01
   -0.600000000000000E+01
   -0.600000000000000E+01
   -0.600000000000000E+01
   -0.600000000000000E+01
   -0.600000000000000E+01
   -0.600000000000000E+01
   -0.600000000000000E+01
   -0.600000000000000E+01
   -0.600000000000000E+01
   -0.600000000000000E+01
   -0.600000000000000E+01
   -0.600000000000000E+01
   -0.600000000000000E+01
   -0.600000000000000E+01
   -0.600000000000000E+01
   -0.600000000000000E+01
   -0.600000000000000E+01
   -0.600000000000000E+01
   -0.600000000000000E+01
   -0.600000000000000E+01
   -0.600000000000000E+01
   -0.600000000000000E+01
   -0.600000000000000E+01
   -0.600000000000000E+01
   -0.600000000000000E+01
   -0.600000000000000E+01
   -0.600000000000000E+01
   -0.600000000000000E+01
   -0.600000000000000E+01
   -0.600000000000000E+01
   -0.600000000000000E+01
   -0.600000000000000E+01
   -0.600000000000000E+01
   -0.600000000000000E+01
   -0.600000000000000E+01
   -0.600000000000000E+01
   -0.600000000000000E+01
   -0.600000000000000E+01
   -0.600000000000000E+01
   -0.600000000000000E+01
   -0.600000000000000E+01
   -0.600000000000000E+01
   -0.600000000000000E+01
   -0.600000000000000E+01
   -0.600000000000000E+01
   -0.600000000000000E+01
   -0.600000000000000E+01
   -0.600000000000000E+01
   -0.600000000000000E+01
   -0.600000000000000E+01
   -0.600000000000000E+01
   -0.600000000000000E+01
   -0.600000000000000E+01
   -0.600000000000000E+01
   -0.600000000000000E+01
   -0.600000000000000E+01
   -0.600000000000000E+01
   -0.600000000000000E+01
   -0.600000000000000E+01
   -0.600000000000000E+01
   -0.600000000000000E+01
   -0.600000000000000E+01
   -0.600000000000000E+01
   -0.600000000000000E+01
   -0.600000000000000E+01
   -0.600000000000000E+01
   -0.600000000000000E+01
   -0.600000000000000E+01
   -0.600000000000000E+01
   -0.600000000000000E+01
   -0.600000000000000E+01
   -0.600000000000000E+01
   -0.600000000000000E+01
   -0.600000000000000E+01
   -0.600000000000000E+01
   -0.600000000000000E+01
   -0.600000000000000E+01
   -0.600000000000000E+01
   -0.600000000000000E+01
   -0.600000000000000E+01
   -0.600000000000000E+01
   -0.600000000000000E+01
   -0.600000000000000E+01
   -0.600000000000000E+01
   -0.600000000000000E+01
   -0.600000000000000E+01
   -0.600000000000000E+01
   -0.600000000000000E+01
   -0.600000000000000E+01
   -0.600000000000000E+01
   -0.600000000000000E+01
   -0.600000000000000E+01
   -0.600000000000000E+01
   -0.600000000000000E+01
   -0.600000000000000E+01
   -0.600000000000000E+01
   -0.600000000000000E+01
   -0.600000000000000E+01
   -0.600000000000000E+01
   -0.600000000000000E+01
   -0.600000000000000E+01
   -0.600000000000000E+01
   -0.600000000000000E+01
   -0.600000000000000E+01
   -0.600000000000000E+01
   -0.600000000000000E+01
   -0.600000000000000E+01
   -0.600000000000000E+01
   -0.600000000000000E+01
   -0.600000000000000E+01
   -0.600000000000000E+01
   -0.600000000000000E+01
   -0.600000000000000E+01
   -0.600000000000000E+01
   -0.600000000000000E+01
   -0.600000000000000E+01
   -0.600000000000000E+01
   -0.600000000000000E+01
   -0.600000000000000E+01
   -0.600000000000000E+01
   -0.600000000000000E+01
   -0.600000000000000E+01
   -0.600000000000000E+01
   -0.600000000000000E+01
   -0.600000000000000E+01
   -0.600000000000000E+01
   -0.600000000000000E+01
   -0.600000000000000E+01
   -0.600000000000000E+01
   -0.600000000000000E+01
   -0.600000000000000E+01
   -0.600000000000000E+01
   -0.600000000000000E+01
   -0.600000000000000E+01
   -0.600000000000000E+01
   -0.600000000000000E+01
   -0.600000000000000E+01
   -0.600000000000000E+01
   -0.600000000000000E+01
   -0.600000000000000E+01
   -0.600000000000000E+01
   -0.600000000000000E+01
   -0.600000000000000E+01
   -0.600000000000000E+01
   -0.600000000000000E+01
   -0.600000000000000E+01
   -0.600000000000000E+01
   -0.600000000000000E+01
   -0.600000000000000E+01
   -0.600000000000000E+01
   -0.600000000000000E+01
   -0.600000000000000E+01
   -0.600000000000000E+01
   -0.600000000000000E+01
   -0.600000000000000E+01
   -0.600000000000000E+01
   -0.600000000000000E+01
   -0.600000000000000E+01
   -0.600000000000000E+01
   -0.600000000000000E+01
   -0.600000000000000E+01
   -0.600000000000000E+01
   -0.600000000000000E+01
   -0.600000000000000E+01
   -0.600000000000000E+01
   -0.600000000000000E+01
   -0.600000000000000E+01
   -0.600000000000000E+01
   -0.600000000000000E+01
   -0.600000000000000E+01
   -0.600000000000000E+01
   -0.600000000000000E+01
   -0.600000000000000E+01
   -0.600000000000000E+01
   -0.600000000000000E+01
   -0.600000000000000E+01
   -0.600000000000000E+01
   -0.600000000000000E+01
   -0.600000000000000E+01
   -0.600000000000000E+01
   -0.600000000000000E+01
   -0.600000000000000E+01
   -0.600000000000000E+01
   -0.600000000000000E+01
   -0.600000000000000E+01
   -0.600000000000000E+01
   -0.600000000000000E+01
   -0.600000000000000E+01
   -0.600000000000000E+01
   -0.600000000000000E+01
   -0.600000000000000E+01
   -0.600000000000000E+01
   -0.600000000000000E+01
   -0.600000000000000E+01
   -0.600000000000000E+01
   -0.600000000000000E+01
   -0.600000000000000E+01
   -0.600000000000000E+01
   -0.600000000000000E+01
   -0.600000000000000E+01
   -0.600000000000000E+01
   -0.600000000000000E+01
   -0.600000000000000E+01
   -0.600000000000000E+01
   -0.600000000000000E+01
   -0.600000000000000E+01
   -0.600000000000000E+01
   -0.600000000000000E+01
   -0.600000000000000E+01
   -0.600000000000000E+01
   -0.600000000000000E+01
   -0.600000000000000E+01
r*potential (L=1) in Ry
    0.000000000000000E+00
   -0.292213547221766E-04
   -0.588631533896107E-04
   -0.889314454518500E-04
   -0.119432367399391E-03
   -0.150372144016046E-03
   -0.181757089649325E-03
   -0.213593609499108E-03
   -0.245888200924840E-03
   -0.278647454771555E-03
   -0.311878056714964E-03
   -0.345586788625903E-03
   -0.379780529954413E-03
   -0.414466259133731E-03
   -0.449651055004486E-03
   -0.485342098259385E-03
   -0.521546672908685E-03
   -0.558272167766750E-03
   -0.595526077959998E-03
   -0.633316006456549E-03
   -0.671649665617871E-03
   -0.710534878772762E-03
   -0.749979581813975E-03
   -0.789991824817813E-03
   -0.830579773687032E-03
   -0.871751711817380E-03
   -0.913516041788114E-03
   -0.955881287076840E-03
   -0.998856093799031E-03
   -0.104244923247257E-02
   -0.108666959980767E-02
   -0.113152622052259E-02
   -0.117702824918541E-02
   -0.122318497208237E-02
   -0.127000580911303E-02
   -0.131750031571279E-02
   -0.136567818480293E-02
   -0.141454924876888E-02
   -0.146412348146677E-02
   -0.151441100025904E-02
   -0.156542206807917E-02
   -0.161716709552623E-02
   -0.166965664298951E-02
   -0.172290142280375E-02
   -0.177691230143536E-02
   -0.183170030170013E-02
   -0.188727660501276E-02
   -0.194365255366889E-02
   -0.200083965315986E-02
   -0.205884957452080E-02
   -0.211769415671255E-02
   -0.217738540903778E-02
   -0.223793551359193E-02
   -0.229935682774937E-02
   -0.236166188668540E-02
   -0.242486340593446E-02
   -0.248897428398518E-02
   -0.255400760491278E-02
   -0.261997664104933E-02
   -0.268689485569247E-02
   -0.275477590585298E-02
   -0.282363364504208E-02
   -0.289348212609866E-02
   -0.296433560405726E-02
   -0.303620853905733E-02
   -0.310911559929433E-02
   -0.318307166401326E-02
   -0.325809182654533E-02
   -0.333419139738827E-02
   -0.341138590733096E-02
   -0.348969111062306E-02
   -0.356912298819019E-02
   -0.364969775089543E-02
   -0.373143184284769E-02
   -0.381434194475772E-02
   -0.389844497734239E-02
   -0.398375810477797E-02
   -0.407029873820307E-02
   -0.415808453927198E-02
   -0.424713342375921E-02
   -0.433746356521575E-02
   -0.442909339867809E-02
   -0.452204162443050E-02
   -0.461632721182151E-02
   -0.471196940313524E-02
   -0.480898771751849E-02
   -0.490740195496427E-02
   -0.500723220035276E-02
   -0.510849882755025E-02
   -0.521122250356720E-02
   -0.531542419277604E-02
   -0.542112516118973E-02
   -0.552834698080177E-02
   -0.563711153398880E-02
   -0.574744101797641E-02
   -0.585935794936929E-02
   -0.597288516874655E-02
   -0.608804584532309E-02
   -0.620486348167817E-02
   -0.632336191855189E-02
   -0.644356533971073E-02
   -0.656549827688312E-02
   -0.668918561476599E-02
   -0.681465259610340E-02
   -0.694192482683815E-02
   -0.707102828133763E-02
   -0.720198930769478E-02
   -0.733483463310536E-02
   -0.746959136932257E-02
   -0.760628701819016E-02
   -0.774494947725514E-02
   -0.788560704546128E-02
   -0.802828842892450E-02
   -0.817302274679136E-02
   -0.831983953718185E-02
   -0.846876876321772E-02
   -0.861984081913745E-02
   -0.877308653649932E-02
   -0.892853719047366E-02
   -0.908622450622567E-02
   -0.924618066539003E-02
   -0.940843831263875E-02
   -0.957303056234341E-02
   -0.973999100533338E-02
   -0.990935371575119E-02
   -0.100811532580065E-01
   -0.102554246938305E-01
   -0.104322035894309E-01
   -0.106115260227510E-01
   -0.107934285908328E-01
   -0.109779484172851E-01
   -0.111651231598609E-01
   -0.113549910181421E-01
   -0.115475907413357E-01
   -0.117429616361822E-01
   -0.119411435749771E-01
   -0.121421770037086E-01
   -0.123461029503118E-01
   -0.125529630330423E-01
   -0.127627994689693E-01
   -0.129756550825922E-01
   -0.131915733145797E-01
   -0.134105982306363E-01
   -0.136327745304946E-01
   -0.138581475570387E-01
   -0.140867633055572E-01
   -0.143186684331312E-01
   -0.145539102681553E-01
   -0.147925368199975E-01
   -0.150345967887967E-01
   -0.152801395754020E-01
   -0.155292152914549E-01
   -0.157818747696158E-01
   -0.160381695739387E-01
   -0.162981520103949E-01
   -0.165618751375473E-01
   -0.168293927773795E-01
   -0.171007595262800E-01
   -0.173760307661843E-01
   -0.176552626758779E-01
   -0.179385122424618E-01
   -0.182258372729824E-01
   -0.185172964062293E-01
   -0.188129491247029E-01
   -0.191128557667537E-01
   -0.194170775388970E-01
   -0.197256765283038E-01
   -0.200387157154725E-01
   -0.203562589870821E-01
   -0.206783711490308E-01
   -0.210051179396622E-01
   -0.213365660431814E-01
   -0.216727831032646E-01
   -0.220138377368644E-01
   -0.223597995482136E-01
   -0.227107391430305E-01
   -0.230667281429289E-01
   -0.234278392000352E-01
   -0.237941460118158E-01
   -0.241657233361178E-01
   -0.245426470064265E-01
   -0.249249939473421E-01
   -0.253128421902789E-01
   -0.257062708893912E-01
   -0.261053603377272E-01
   -0.265101919836166E-01
   -0.269208484472929E-01
   -0.273374135377557E-01
   -0.277599722698750E-01
   -0.281886108817422E-01
   -0.286234168522704E-01
   -0.290644789190480E-01
   -0.295118870964493E-01
   -0.299657326940057E-01
   -0.304261083350411E-01
   -0.308931079755759E-01
   -0.313668269235023E-01
   -0.318473618580361E-01
   -0.323348108494483E-01
   -0.328292733790808E-01
   -0.333308503596493E-01
   -0.338396441558396E-01
   -0.343557586051993E-01
   -0.348792990393305E-01
   -0.354103723053879E-01
   -0.359490867878852E-01
   -0.364955524308165E-01
   -0.370498807600950E-01
   -0.376121849063155E-01
   -0.381825796278441E-01
   -0.387611813342396E-01
   -0.393481081100132E-01
   -0.399434797387290E-01
   -0.405474177274521E-01
   -0.411600453315478E-01
   -0.417814875798386E-01
   -0.424118713001226E-01
   -0.430513251450592E-01
   -0.436999796184277E-01
   -0.443579671017634E-01
   -0.450254218813776E-01
   -0.457024801757657E-01
   -0.463892801634108E-01
   -0.470859620109862E-01
   -0.477926679019651E-01
   -0.485095420656414E-01
   -0.492367308065679E-01
   -0.499743825344192E-01
   -0.507226477942836E-01
   -0.514816792973914E-01
   -0.522516319522851E-01
   -0.530326628964391E-01
   -0.538249315283338E-01
   -0.546285995399916E-01
   -0.554438309499814E-01
   -0.562707921368982E-01
   -0.571096518733246E-01
   -0.579605813602812E-01
   -0.588237542621730E-01
   -0.596993467422390E-01
   -0.605875374985118E-01
   -0.614885078002957E-01
   -0.624024415251690E-01
   -0.633295251965200E-01
   -0.642699480216229E-01
   -0.652239019302618E-01
   -0.661915816139118E-01
   -0.671731845654829E-01
   -0.681689111196377E-01
   -0.691789644936885E-01
   -0.702035508290839E-01
   -0.712428792334931E-01
   -0.722971618234956E-01
   -0.733666137678865E-01
   -0.744514533316051E-01
   -0.755519019202960E-01
   -0.766681841255129E-01
   -0.778005277705727E-01
   -0.789491639570706E-01
   -0.801143271120651E-01
   -0.812962550359428E-01
   -0.824951889509730E-01
   -0.837113735505618E-01
   -0.849450570492155E-01
   -0.861964912332244E-01
   -0.874659315120768E-01
   -0.887536369706141E-01
   -0.900598704219369E-01
   -0.913848984610745E-01
   -0.927289915194274E-01
   -0.940924239199946E-01
   -0.954754739333968E-01
   -0.968784238347080E-01
   -0.983015599611055E-01
   -0.997451727703515E-01
   -0.101209556900118E+00
   -0.102695011228167E+00
   -0.104201838933397E+00
   -0.105730347557777E+00
   -0.107280849069160E+00
   -0.108853659925016E+00
   -0.110449101137079E+00
   -0.112067498336924E+00
   -0.113709181842495E+00
   -0.115374486725591E+00
   -0.117063752880321E+00
   -0.118777325092556E+00
   -0.120515553110379E+00
   -0.122278791715544E+00
   -0.124067400795984E+00
   -0.125881745419348E+00
   -0.127722195907608E+00
   -0.129589127912747E+00
   -0.131482922493529E+00
   -0.133403966193387E+00
   -0.135352651119433E+00
   -0.137329375022607E+00
   -0.139334541378987E+00
   -0.141368559472270E+00
   -0.143431844477448E+00
   -0.145524817545694E+00
   -0.147647905890466E+00
   -0.149801542874866E+00
   -0.151986168100258E+00
   -0.154202227496162E+00
   -0.156450173411452E+00
   -0.158730464706874E+00
   -0.161043566848896E+00
   -0.163389952004918E+00
   -0.165770099139862E+00
   -0.168184494114150E+00
   -0.170633629783104E+00
   -0.173118006097789E+00
   -0.175638130207300E+00
   -0.178194516562545E+00
   -0.180787687021512E+00
   -0.183418170956075E+00
   -0.186086505360331E+00
   -0.188793234960514E+00
   -0.191538912326488E+00
   -0.194324097984867E+00
   -0.197149360533752E+00
   -0.200015276759147E+00
   -0.202922431753041E+00
   -0.205871419033212E+00
   -0.208862840664747E+00
   -0.211897307383336E+00
   -0.214975438720330E+00
   -0.218097863129621E+00
   -0.221265218116347E+00
   -0.224478150367454E+00
   -0.227737315884150E+00
   -0.231043380116263E+00
   -0.234397018098544E+00
   -0.237798914588932E+00
   -0.241249764208812E+00
   -0.244750271585295E+00
   -0.248301151495549E+00
   -0.251903129013201E+00
   -0.255556939656851E+00
   -0.259263329540719E+00
   -0.263023055527452E+00
   -0.266836885383127E+00
   -0.270705597934478E+00
   -0.274629983228365E+00
   -0.278610842693540E+00
   -0.282648989304708E+00
   -0.286745247748941E+00
   -0.290900454594458E+00
   -0.295115458461809E+00
   -0.299391120197488E+00
   -0.303728313050012E+00
   -0.308127922848492E+00
   -0.312590848183718E+00
   -0.317118000591813E+00
   -0.321710304740456E+00
   -0.326368698617721E+00
   -0.331094133723560E+00
   -0.335887575263959E+00
   -0.340750002347788E+00
   -0.345682408186383E+00
   -0.350685800295887E+00
   -0.355761200702372E+00
   -0.360909646149771E+00
   -0.366132188310653E+00
   -0.371429893999852E+00
   -0.376803845390992E+00
   -0.382255140235915E+00
   -0.387784892087044E+00
   -0.393394230522704E+00
   -0.399084301375412E+00
   -0.404856266963157E+00
   -0.410711306323701E+00
   -0.416650615451884E+00
   -0.422675407539988E+00
   -0.428786913221128E+00
   -0.434986380815719E+00
   -0.441275076580990E+00
   -0.447654284963572E+00
   -0.454125308855156E+00
   -0.460689469851210E+00
   -0.467348108512759E+00
   -0.474102584631218E+00
   -0.480954277496255E+00
   -0.487904586166687E+00
   -0.494954929744364E+00
   -0.502106747651036E+00
   -0.509361499908158E+00
   -0.516720667419607E+00
   -0.524185752257259E+00
   -0.531758277949395E+00
   -0.539439789771859E+00
   -0.547231855041933E+00
   -0.555136063414841E+00
   -0.563154027182823E+00
   -0.571287381576687E+00
   -0.579537785069748E+00
   -0.587906919684066E+00
   -0.596396491298861E+00
   -0.605008229960995E+00
   -0.613743890197395E+00
   -0.622605251329274E+00
   -0.631594117788005E+00
   -0.640712319432485E+00
   -0.649961711867830E+00
   -0.659344176765192E+00
   -0.668861622182538E+00
   -0.678515982886148E+00
   -0.688309220672636E+00
   -0.698243324691245E+00
   -0.708320311766179E+00
   -0.718542226718690E+00
   -0.728911142688679E+00
   -0.739429161455473E+00
   -0.750098413757523E+00
   -0.760921059610659E+00
   -0.771899288624610E+00
   -0.783035320317403E+00
   -0.794331404427316E+00
   -0.805789821221984E+00
   -0.817412881804289E+00
   -0.829202928414626E+00
   -0.841162334729151E+00
   -0.853293506153569E+00
   -0.865598880112064E+00
   -0.878080926330918E+00
   -0.890742147116390E+00
   -0.903585077626415E+00
   -0.916612286135681E+00
   -0.929826374293655E+00
   -0.943229977375109E+00
   -0.956825764522750E+00
   -0.970616438981524E+00
   -0.984604738324215E+00
   -0.998793434667978E+00
   -0.101318533488145E+01
   -0.102778328078215E+01
   -0.104259014932390E+01
   -0.105760885277405E+01
   -0.107284233888039E+01
   -0.108829359102752E+01
   -0.110396562838283E+01
   -0.111986150603206E+01
   -0.113598431510461E+01
   -0.115233718288877E+01
   -0.116892327293745E+01
   -0.118574578516473E+01
   -0.120280795593388E+01
   -0.122011305813783E+01
   -0.123766440127278E+01
   -0.125546533150637E+01
   -0.127351923174156E+01
   -0.129182952167792E+01
   -0.131039965787200E+01
   -0.132923313379891E+01
   -0.134833347991740E+01
   -0.136770426374092E+01
   -0.138734908991762E+01
   -0.140727160032238E+01
   -0.142747547416434E+01
   -0.144796442811376E+01
   -0.146874221645225E+01
   -0.148981263125089E+01
   -0.151117950258089E+01
   -0.153284669876205E+01
   -0.155481812665427E+01
   -0.157709773199795E+01
   -0.159968949980915E+01
   -0.162259745483586E+01
   -0.164582566208176E+01
   -0.166937822740408E+01
   -0.169325929819231E+01
   -0.171747306413435E+01
   -0.174202375807702E+01
   -0.176691565698706E+01
   -0.179215308301907E+01
   -0.181774040469608E+01
   -0.184368203820771E+01
   -0.186998244883044E+01
   -0.189664615247321E+01
   -0.192367771735028E+01
   -0.195108176578202E+01
   -0.197886297612210E+01
   -0.200702608480756E+01
   -0.203557588852564E+01
   -0.206451724648814E+01
   -0.209385508280080E+01
   -0.212359438891106E+01
   -0.215374022611319E+01
   -0.218429772808470E+01
   -0.221527210342214E+01
   -0.224666863813829E+01
   -0.227849269807539E+01
   -0.231074973118165E+01
   -0.234344526958949E+01
   -0.237658493142491E+01
   -0.241017442226715E+01
   -0.244421953616711E+01
   -0.247872615612143E+01
   -0.251370025388660E+01
   -0.254914788900467E+01
   -0.258507520689839E+01
   -0.262148843587927E+01
   -0.265839388289779E+01
   -0.269579792784956E+01
   -0.273370701623684E+01
   -0.277212764996939E+01
   -0.281106637607459E+01
   -0.285052977307258E+01
   -0.289052443475980E+01
   -0.293105695113248E+01
   -0.297213388617280E+01
   -0.301376175221286E+01
   -0.305594698058799E+01
   -0.309869588829025E+01
   -0.314201464033699E+01
   -0.318590920757813E+01
   -0.323038531968056E+01
   -0.327544841304936E+01
   -0.332110357347428E+01
   -0.336735547332693E+01
   -0.341420830318064E+01
   -0.346166569778083E+01
   -0.350973065636103E+01
   -0.355840545737834E+01
   -0.360769156783235E+01
   -0.365758954743517E+01
   -0.370809894801592E+01
   -0.375921820867170E+01
   -0.381094454731861E+01
   -0.386327384944904E+01
   -0.391620055506534E+01
   -0.396971754493323E+01
   -0.402381602747792E+01
   -0.407848542783062E+01
   -0.413371328071840E+01
   -0.418948512907271E+01
   -0.424578443040585E+01
   -0.430259247316559E+01
   -0.435988830541791E+01
   -0.441764867832116E+01
   -0.447584800693152E+01
   -0.453445835091282E+01
   -0.459344941770227E+01
   -0.465278859059910E+01
   -0.471244098408441E+01
   -0.477236952843810E+01
   -0.483253508538261E+01
   -0.489289659604429E+01
   -0.495341126197378E+01
   -0.501403475929987E+01
   -0.507472148530418E+01
   -0.513542483579332E+01
   -0.519609751061551E+01
   -0.525669184352448E+01
   -0.531716015134695E+01
   -0.537745509607826E+01
   -0.543753005213600E+01
   -0.549733946957426E+01
   -0.555683922263836E+01
   -0.561598693166604E+01
   -0.567474224506817E+01
   -0.573306706700959E+01
   -0.579092571552497E+01
   -0.584828499521736E+01
   -0.590511416847494E+01
   -0.596138480938381E+01
   -0.601707052529034E+01
   -0.607214653235255E+01
   -0.612658907348765E+01
   -0.618037466993145E+01
   -0.623347920122326E+01
   -0.628587681284264E+01
   -0.633753865595677E+01
   -0.638843146976244E+01
   -0.643851602366542E+01
   -0.648774544393362E+01
   -0.653606345734829E+01
   -0.658340259257252E+01
   -0.662968238822668E+01
   -0.667480766472436E+01
   -0.671866692445679E+01
   -0.676113095155349E+01
   -0.680205168779493E+01
   -0.684126146489055E+01
   -0.687857267483398E+01
   -0.691377795898713E+01
   -0.694665099253196E+01
   -0.697694793362045E+01
   -0.700440959567834E+01
   -0.702876438670531E+01
   -0.704973204101677E+01
   -0.706702814679235E+01
   -0.708036944730680E+01
   -0.708947986528458E+01
   -0.709409716910328E+01
   -0.709398016744431E+01
   -0.708891628652296E+01
   -0.707872935247842E+01
   -0.706328737227764E+01
   -0.704251008110851E+01
   -0.701637600428707E+01
   -0.698492876874996E+01
   -0.694828239472593E+01
   -0.690662530347832E+01
   -0.686022279311192E+01
   -0.680941776200452E+01
   -0.675462949866295E+01
   -0.669635040739226E+01
   -0.663514060019011E+01
   -0.657162035519948E+01
   -0.650646051870603E+01
   -0.644037100829583E+01
   -0.637408765611948E+01
   -0.630835770956291E+01
   -0.624392437808133E+01
   -0.618151087553590E+01
   -0.612180445327588E+01
   -0.606544094703315E+01
   -0.601299036769079E+01
   -0.596494405027921E+01
   -0.592170383634753E+01
   -0.588357370258187E+01
   -0.585075416493511E+01
   -0.582333968564719E+01
   -0.580131919465247E+01
   -0.578457971232978E+01
   -0.577291293347910E+01
   -0.576602450938647E+01
   -0.576354565249985E+01
   -0.576504659284187E+01
   -0.577005134228391E+01
   -0.577805317645204E+01
   -0.578853022704790E+01
   -0.580096059070264E+01
   -0.581483640322101E+01
   -0.582967639745060E+01
   -0.584503655458550E+01
   -0.586051856666540E+01
   -0.587577594557891E+01
   -0.589051773376983E+01
   -0.590450988688281E+01
   -0.591757450215861E+01
   -0.592958715293617E+01
   -0.594047265500728E+01
   -0.595019963233963E+01
   -0.595877426715850E+01
   -0.596623361360362E+01
   -0.597263882774264E+01
   -0.597806862343589E+01
   -0.598261320804905E+01
   -0.598636888933244E+01
   -0.598943347991419E+01
   -0.599190256333855E+01
   -0.599386662921279E+01
   -0.599540903762856E+01
   -0.599660473634340E+01
   -0.599751962891949E+01
   -0.599821047782598E+01
   -0.599872522233093E+01
   -0.599910359517761E+01
   -0.599937793256757E+01
   -0.599957408676656E+01
   -0.599971236771388E+01
   -0.599980845761011E+01
   -0.599987425918725E+01
   -0.599991865323431E+01
   -0.599994815335491E+01
   -0.599996745562114E+01
   -0.599997988779636E+01
   -0.599998776737577E+01
   -0.599999268021598E+01
   -0.599999569243263E+01
   -0.599999750797980E+01
   -0.599999858329008E+01
   -0.599999920888803E+01
   -0.599999956625584E+01
   -0.599999976661547E+01
   -0.599999987681719E+01
   -0.599999993625337E+01
   -0.599999996767227E+01
   -0.599999998394250E+01
   -0.599999999219216E+01
   -0.599999999628558E+01
   -0.599999999827214E+01
   -0.599999999921454E+01
   -0.599999999965129E+01
   -0.599999999984891E+01
   -0.599999999993614E+01
   -0.599999999997370E+01
   -0.599999999998945E+01
   -0.599999999999588E+01
   -0.599999999999844E+01
   -0.599999999999942E+01
   -0.599999999999979E+01
   -0.599999999999993E+01
   -0.599999999999998E+01
   -0.599999999999999E+01
   -0.600000000000000E+01
   -0.600000000000000E+01
   -0.600000000000000E+01
   -0.600000000000000E+01
   -0.600000000000000E+01
   -0.600000000000000E+01
   -0.600000000000000E+01
   -0.600000000000000E+01
   -0.600000000000000E+01
   -0.600000000000000E+01
   -0.600000000000000E+01
   -0.600000000000000E+01
   -0.600000000000000E+01
   -0.600000000000000E+01
   -0.600000000000000E+01
   -0.600000000000000E+01
   -0.600000000000000E+01
   -0.600000000000000E+01
   -0.600000000000000E+01
   -0.600000000000000E+01
   -0.600000000000000E+01
   -0.600000000000000E+01
   -0.600000000000000E+01
   -0.600000000000000E+01
   -0.600000000000000E+01
   -0.600000000000000E+01
   -0.600000000000000E+01
   -0.600000000000000E+01
   -0.600000000000000E+01
   -0.600000000000000E+01
   -0.600000000000000E+01
   -0.600000000000000E+01
   -0.600000000000000E+01
   -0.600000000000000E+01
   -0.600000000000000E+01
   -0.600000000000000E+01
   -0.600000000000000E+01
   -0.600000000000000E+01
   -0.600000000000000E+01
   -0.600000000000000E+01
   -0.600000000000000E+01
   -0.600000000000000E+01
   -0.600000000000000E+01
   -0.600000000000000E+01
   -0.600000000000000E+01
   -0.600000000000000E+01
   -0.600000000000000E+01
   -0.600000000000000E+01
   -0.600000000000000E+01
   -0.600000000000000E+01
   -0.600000000000000E+01
   -0.600000000000000E+01
   -0.600000000000000E+01
   -0.600000000000000E+01
   -0.600000000000000E+01
   -0.600000000000000E+01
   -0.600000000000000E+01
   -0.600000000000000E+01
   -0.600000000000000E+01
   -0.600000000000000E+01
   -0.600000000000000E+01
   -0.600000000000000E+01
   -0.600000000000000E+01
   -0.600000000000000E+01
   -0.600000000000000E+01
   -0.600000000000000E+01
   -0.600000000000000E+01
   -0.600000000000000E+01
   -0.600000000000000E+01
   -0.600000000000000E+01
   -0.600000000000000E+01
   -0.600000000000000E+01
   -0.600000000000000E+01
   -0.600000000000000E+01
   -0.600000000000000E+01
   -0.600000000000000E+01
   -0.600000000000000E+01
   -0.600000000000000E+01
   -0.600000000000000E+01
   -0.600000000000000E+01
   -0.600000000000000E+01
   -0.600000000000000E+01
   -0.600000000000000E+01
   -0.600000000000000E+01
   -0.600000000000000E+01
   -0.600000000000000E+01
   -0.600000000000000E+01
   -0.600000000000000E+01
   -0.600000000000000E+01
   -0.600000000000000E+01
   -0.600000000000000E+01
   -0.600000000000000E+01
   -0.600000000000000E+01
   -0.600000000000000E+01
   -0.600000000000000E+01
   -0.600000000000000E+01
   -0.600000000000000E+01
   -0.600000000000000E+01
   -0.600000000000000E+01
   -0.600000000000000E+01
   -0.600000000000000E+01
   -0.600000000000000E+01
   -0.600000000000000E+01
   -0.600000000000000E+01
   -0.600000000000000E+01
   -0.600000000000000E+01
   -0.600000000000000E+01
   -0.600000000000000E+01
   -0.600000000000000E+01
   -0.600000000000000E+01
   -0.600000000000000E+01
   -0.600000000000000E+01
   -0.600000000000000E+01
   -0.600000000000000E+01
   -0.600000000000000E+01
   -0.600000000000000E+01
   -0.600000000000000E+01
   -0.600000000000000E+01
   -0.600000000000000E+01
   -0.600000000000000E+01
   -0.600000000000000E+01
   -0.600000000000000E+01
   -0.600000000000000E+01
   -0.600000000000000E+01
   -0.600000000000000E+01
   -0.600000000000000E+01
   -0.600000000000000E+01
   -0.600000000000000E+01
   -0.600000000000000E+01
   -0.600000000000000E+01
   -0.600000000000000E+01
   -0.600000000000000E+01
   -0.600000000000000E+01
   -0.600000000000000E+01
   -0.600000000000000E+01
   -0.600000000000000E+01
   -0.600000000000000E+01
   -0.600000000000000E+01
   -0.600000000000000E+01
   -0.600000000000000E+01
   -0.600000000000000E+01
   -0.600000000000000E+01
   -0.600000000000000E+01
   -0.600000000000000E+01
   -0.600000000000000E+01
   -0.600000000000000E+01
   -0.600000000000000E+01
   -0.600000000000000E+01
   -0.600000000000000E+01
   -0.600000000000000E+01
   -0.600000000000000E+01
   -0.600000000000000E+01
   -0.600000000000000E+01
   -0.600000000000000E+01
   -0.600000000000000E+01
   -0.600000000000000E+01
   -0.600000000000000E+01
   -0.600000000000000E+01
   -0.600000000000000E+01
   -0.600000000000000E+01
   -0.600000000000000E+01
   -0.600000000000000E+01
   -0.600000000000000E+01
   -0.600000000000000E+01
   -0.600000000000000E+01
   -0.600000000000000E+01
   -0.600000000000000E+01
   -0.600000000000000E+01
   -0.600000000000000E+01
   -0.600000000000000E+01
   -0.600000000000000E+01
   -0.600000000000000E+01
   -0.600000000000000E+01
   -0.600000000000000E+01
   -0.600000000000000E+01
   -0.600000000000000E+01
   -0.600000000000000E+01
   -0.600000000000000E+01
   -0.600000000000000E+01
   -0.600000000000000E+01
   -0.600000000000000E+01
   -0.600000000000000E+01
   -0.600000000000000E+01
   -0.600000000000000E+01
   -0.600000000000000E+01
   -0.600000000000000E+01
   -0.600000000000000E+01
   -0.600000000000000E+01
   -0.600000000000000E+01
   -0.600000000000000E+01
   -0.600000000000000E+01
   -0.600000000000000E+01
   -0.600000000000000E+01
   -0.600000000000000E+01
   -0.600000000000000E+01
   -0.600000000000000E+01
   -0.600000000000000E+01
   -0.600000000000000E+01
   -0.600000000000000E+01
   -0.600000000000000E+01
   -0.600000000000000E+01
   -0.600000000000000E+01
   -0.600000000000000E+01
   -0.600000000000000E+01
   -0.600000000000000E+01
   -0.600000000000000E+01
   -0.600000000000000E+01
   -0.600000000000000E+01
   -0.600000000000000E+01
   -0.600000000000000E+01
   -0.600000000000000E+01
   -0.600000000000000E+01
   -0.600000000000000E+01
   -0.600000000000000E+01
   -0.600000000000000E+01
   -0.600000000000000E+01
   -0.600000000000000E+01
   -0.600000000000000E+01
   -0.600000000000000E+01
   -0.600000000000000E+01
   -0.600000000000000E+01
   -0.600000000000000E+01
   -0.600000000000000E+01
   -0.600000000000000E+01
   -0.600000000000000E+01
   -0.600000000000000E+01
   -0.600000000000000E+01
   -0.600000000000000E+01
   -0.600000000000000E+01
   -0.600000000000000E+01
   -0.600000000000000E+01
   -0.600000000000000E+01
   -0.600000000000000E+01
   -0.600000000000000E+01
   -0.600000000000000E+01
   -0.600000000000000E+01
   -0.600000000000000E+01
   -0.600000000000000E+01
   -0.600000000000000E+01
   -0.600000000000000E+01
   -0.600000000000000E+01
   -0.600000000000000E+01
   -0.600000000000000E+01
   -0.600000000000000E+01
   -0.600000000000000E+01
   -0.600000000000000E+01
   -0.600000000000000E+01
r*potential (L=2) in Ry
    0.000000000000000E+00
   -0.216917984304788E-04
   -0.436957037224821E-04
   -0.660162065452979E-04
   -0.886578621810539E-04
   -0.111625291454383E-03
   -0.134923181675465E-03
   -0.158556287596635E-03
   -0.182529432382761E-03
   -0.206847508595577E-03
   -0.231515479192183E-03
   -0.256538378537910E-03
   -0.281921313433761E-03
   -0.307669464158630E-03
   -0.333788085526523E-03
   -0.360282507958983E-03
   -0.387158138572955E-03
   -0.414420462284294E-03
   -0.442075042927157E-03
   -0.470127524389495E-03
   -0.498583631764892E-03
   -0.527449172520967E-03
   -0.556730037684592E-03
   -0.586432203044167E-03
   -0.616561730369183E-03
   -0.647124768647344E-03
   -0.678127555339481E-03
   -0.709576417652527E-03
   -0.741477773830804E-03
   -0.773838134465891E-03
   -0.806664103825340E-03
   -0.839962381200509E-03
   -0.873739762273785E-03
   -0.908003140505483E-03
   -0.942759508540701E-03
   -0.978015959636412E-03
   -0.101377968910909E-02
   -0.105005799580317E-02
   -0.108685828358065E-02
   -0.112418806283205E-02
   -0.116205495200927E-02
   -0.120046667918029E-02
   -0.123943108360645E-02
   -0.127895611734226E-02
   -0.131904984685835E-02
   -0.135972045468765E-02
   -0.140097624109540E-02
   -0.144282562577304E-02
   -0.148527714955660E-02
   -0.152833947616972E-02
   -0.157202139399180E-02
   -0.161633181785159E-02
   -0.166127979084654E-02
   -0.170687448618840E-02
   -0.175312520907533E-02
   -0.180004139859090E-02
   -0.184763262963056E-02
   -0.189590861485564E-02
   -0.194487920667563E-02
   -0.199455439925887E-02
   -0.204494433057221E-02
   -0.209605928445006E-02
   -0.214790969269312E-02
   -0.220050613719737E-02
   -0.225385935211370E-02
   -0.230798022603855E-02
   -0.236287980423615E-02
   -0.241856929089267E-02
   -0.247506005140284E-02
   -0.253236361468945E-02
   -0.259049167555624E-02
   -0.264945609707461E-02
   -0.270926891300475E-02
   -0.276994233025150E-02
   -0.283148873135561E-02
   -0.289392067702085E-02
   -0.295725090867746E-02
   -0.302149235108247E-02
   -0.308665811495746E-02
   -0.315276149966426E-02
   -0.321981599591916E-02
   -0.328783528854618E-02
   -0.335683325926989E-02
   -0.342682398954851E-02
   -0.349782176344773E-02
   -0.356984107055582E-02
   -0.364289660894081E-02
   -0.371700328815010E-02
   -0.379217623225330E-02
   -0.386843078292883E-02
   -0.394578250259490E-02
   -0.402424717758562E-02
   -0.410384082137270E-02
   -0.418457967783362E-02
   -0.426648022456671E-02
   -0.434955917625402E-02
   -0.443383348807254E-02
   -0.451932035915448E-02
   -0.460603723609738E-02
   -0.469400181652468E-02
   -0.478323205269757E-02
   -0.487374615517876E-02
   -0.496556259654900E-02
   -0.505870011517707E-02
   -0.515317771904397E-02
   -0.524901468962221E-02
   -0.534623058581085E-02
   -0.544484524792720E-02
   -0.554487880175592E-02
   -0.564635166265641E-02
   -0.574928453972929E-02
   -0.585369844004279E-02
   -0.595961467292004E-02
   -0.606705485428794E-02
   -0.617604091108868E-02
   -0.628659508575473E-02
   -0.639873994074813E-02
   -0.651249836316522E-02
   -0.662789356940755E-02
   -0.674494910992000E-02
   -0.686368887399706E-02
   -0.698413709465836E-02
   -0.710631835359419E-02
   -0.723025758618233E-02
   -0.735598008657697E-02
   -0.748351151287090E-02
   -0.761287789233194E-02
   -0.774410562671475E-02
   -0.787722149764900E-02
   -0.801225267210520E-02
   -0.814922670793901E-02
   -0.828817155951544E-02
   -0.842911558341393E-02
   -0.857208754421554E-02
   -0.871711662037336E-02
   -0.886423241016745E-02
   -0.901346493774540E-02
   -0.916484465924986E-02
   -0.931840246903419E-02
   -0.947416970596759E-02
   -0.963217815983088E-02
   -0.979246007780440E-02
   -0.995504817104917E-02
   -0.101199756213828E-01
   -0.102872760880515E-01
   -0.104569837145992E-01
   -0.106291331358363E-01
   -0.108037594849075E-01
   -0.109808984004627E-01
   -0.111605860339297E-01
   -0.113428590568927E-01
   -0.115277546685761E-01
   -0.117153106034368E-01
   -0.119055651388649E-01
   -0.120985571029959E-01
   -0.122943258826346E-01
   -0.124929114312940E-01
   -0.126943542773489E-01
   -0.128986955323072E-01
   -0.131059768992004E-01
   -0.133162406810948E-01
   -0.135295297897243E-01
   -0.137458877542493E-01
   -0.139653587301392E-01
   -0.141879875081851E-01
   -0.144138195236402E-01
   -0.146429008654930E-01
   -0.148752782858736E-01
   -0.151109992095949E-01
   -0.153501117438316E-01
   -0.155926646879385E-01
   -0.158387075434096E-01
   -0.160882905239810E-01
   -0.163414645658787E-01
   -0.165982813382146E-01
   -0.168587932535310E-01
   -0.171230534784979E-01
   -0.173911159447634E-01
   -0.176630353599610E-01
   -0.179388672188746E-01
   -0.182186678147644E-01
   -0.185024942508559E-01
   -0.187904044519941E-01
   -0.190824571764654E-01
   -0.193787120279899E-01
   -0.196792294678855E-01
   -0.199840708274077E-01
   -0.202932983202674E-01
   -0.206069750553271E-01
   -0.209251650494819E-01
   -0.212479332407246E-01
   -0.215753455013988E-01
   -0.219074686516432E-01
   -0.222443704730294E-01
   -0.225861197223953E-01
   -0.229327861458782E-01
   -0.232844404931497E-01
   -0.236411545318551E-01
   -0.240030010622612E-01
   -0.243700539321141E-01
   -0.247423880517119E-01
   -0.251200794091930E-01
   -0.255032050860454E-01
   -0.258918432728391E-01
   -0.262860732851842E-01
   -0.266859755799196E-01
   -0.270916317715338E-01
   -0.275031246488228E-01
   -0.279205381917872E-01
   -0.283439575887728E-01
   -0.287734692538575E-01
   -0.292091608444888E-01
   -0.296511212793750E-01
   -0.300994407566343E-01
   -0.305542107722038E-01
   -0.310155241385155E-01
   -0.314834750034391E-01
   -0.319581588694988E-01
   -0.324396726133663E-01
   -0.329281145056338E-01
   -0.334235842308726E-01
   -0.339261829079797E-01
   -0.344360131108177E-01
   -0.349531788891513E-01
   -0.354777857898858E-01
   -0.360099408786106E-01
   -0.365497527614538E-01
   -0.370973316072503E-01
   -0.376527891700298E-01
   -0.382162388118285E-01
   -0.387877955258283E-01
   -0.393675759598309E-01
   -0.399556984400679E-01
   -0.405522829953548E-01
   -0.411574513815930E-01
   -0.417713271066235E-01
   -0.423940354554395E-01
   -0.430257035157617E-01
   -0.436664602039813E-01
   -0.443164362914776E-01
   -0.449757644313137E-01
   -0.456445791853173E-01
   -0.463230170515507E-01
   -0.470112164921774E-01
   -0.477093179617290E-01
   -0.484174639357802E-01
   -0.491357989400360E-01
   -0.498644695798385E-01
   -0.506036245700981E-01
   -0.513534147656565E-01
   -0.521139931920865E-01
   -0.528855150769359E-01
   -0.536681378814215E-01
   -0.544620213325796E-01
   -0.552673274558795E-01
   -0.560842206083076E-01
   -0.569128675119277E-01
   -0.577534372879247E-01
   -0.586061014911397E-01
   -0.594710341451022E-01
   -0.603484117775673E-01
   -0.612384134565653E-01
   -0.621412208269709E-01
   -0.630570181475993E-01
   -0.639859923288377E-01
   -0.649283329708185E-01
   -0.658842324021439E-01
   -0.668538857191679E-01
   -0.678374908258454E-01
   -0.688352484741559E-01
   -0.698473623051101E-01
   -0.708740388903482E-01
   -0.719154877743376E-01
   -0.729719215171805E-01
   -0.740435557380381E-01
   -0.751306091591819E-01
   -0.762333036506802E-01
   -0.773518642757303E-01
   -0.784865193366442E-01
   -0.796375004214984E-01
   -0.808050424514572E-01
   -0.819893837287788E-01
   -0.831907659855155E-01
   -0.844094344329157E-01
   -0.856456378115409E-01
   -0.868996284421053E-01
   -0.881716622770506E-01
   -0.894619989528655E-01
   -0.907709018431612E-01
   -0.920986381125137E-01
   -0.934454787710848E-01
   -0.948116987300314E-01
   -0.961975768577172E-01
   -0.976033960367358E-01
   -0.990294432217589E-01
   -0.100476009498221E+00
   -0.101943390141851E+00
   -0.103431884679071E+00
   -0.104941796948259E+00
   -0.106473435161905E+00
   -0.108027111969667E+00
   -0.109603144522333E+00
   -0.111201854536716E+00
   -0.112823568361484E+00
   -0.114468617043944E+00
   -0.116137336397790E+00
   -0.117830067071840E+00
   -0.119547154619759E+00
   -0.121288949570797E+00
   -0.123055807501548E+00
   -0.124848089108756E+00
   -0.126666160283162E+00
   -0.128510392184435E+00
   -0.130381161317180E+00
   -0.132278849608049E+00
   -0.134203844483969E+00
   -0.136156538951506E+00
   -0.138137331677374E+00
   -0.140146627070117E+00
   -0.142184835362963E+00
   -0.144252372697895E+00
   -0.146349661210923E+00
   -0.148477129118604E+00
   -0.150635210805806E+00
   -0.152824346914748E+00
   -0.155044984435330E+00
   -0.157297576796765E+00
   -0.159582583960543E+00
   -0.161900472514738E+00
   -0.164251715769679E+00
   -0.166636793855003E+00
   -0.169056193818113E+00
   -0.171510409724059E+00
   -0.173999942756860E+00
   -0.176525301322288E+00
   -0.179087001152137E+00
   -0.181685565409992E+00
   -0.184321524798525E+00
   -0.186995417668333E+00
   -0.189707790128343E+00
   -0.192459196157804E+00
   -0.195250197719880E+00
   -0.198081364876883E+00
   -0.200953275907146E+00
   -0.203866517423576E+00
   -0.206821684493887E+00
   -0.209819380762565E+00
   -0.212860218574552E+00
   -0.215944819100701E+00
   -0.219073812465000E+00
   -0.222247837873600E+00
   -0.225467543745665E+00
   -0.228733587846066E+00
   -0.232046637419931E+00
   -0.235407369329092E+00
   -0.238816470190420E+00
   -0.242274636516102E+00
   -0.245782574855849E+00
   -0.249341001941079E+00
   -0.252950644831071E+00
   -0.256612241061131E+00
   -0.260326538792774E+00
   -0.264094296965936E+00
   -0.267916285453248E+00
   -0.271793285216374E+00
   -0.275726088464426E+00
   -0.279715498814489E+00
   -0.283762331454242E+00
   -0.287867413306702E+00
   -0.292031583197107E+00
   -0.296255692021923E+00
   -0.300540602920011E+00
   -0.304887191445933E+00
   -0.309296345745424E+00
   -0.313768966733007E+00
   -0.318305968271772E+00
   -0.322908277355307E+00
   -0.327576834291769E+00
   -0.332312592890098E+00
   -0.337116520648358E+00
   -0.341989598944190E+00
   -0.346932823227356E+00
   -0.351947203214370E+00
   -0.357033763085160E+00
   -0.362193541681770E+00
   -0.367427592709036E+00
   -0.372736984937219E+00
   -0.378122802406541E+00
   -0.383586144633594E+00
   -0.389128126819538E+00
   -0.394749880060065E+00
   -0.400452551557041E+00
   -0.406237304831764E+00
   -0.412105319939758E+00
   -0.418057793687024E+00
   -0.424095939847648E+00
   -0.430220989382676E+00
   -0.436434190660142E+00
   -0.442736809676140E+00
   -0.449130130276805E+00
   -0.455615454381089E+00
   -0.462194102204173E+00
   -0.468867412481367E+00
   -0.475636742692342E+00
   -0.482503469285525E+00
   -0.489468987902462E+00
   -0.496534713601971E+00
   -0.503702081083873E+00
   -0.510972544912091E+00
   -0.518347579736900E+00
   -0.525828680516074E+00
   -0.533417362734706E+00
   -0.541115162623427E+00
   -0.548923637374772E+00
   -0.556844365357403E+00
   -0.564878946327914E+00
   -0.573029001639918E+00
   -0.581296174450106E+00
   -0.589682129920991E+00
   -0.598188555419991E+00
   -0.606817160714554E+00
   -0.615569678162986E+00
   -0.624447862900675E+00
   -0.633453493021361E+00
   -0.642588369753161E+00
   -0.651854317629006E+00
   -0.661253184651214E+00
   -0.670786842449879E+00
   -0.680457186434816E+00
   -0.690266135940810E+00
   -0.700215634365927E+00
   -0.710307649302706E+00
   -0.720544172662059E+00
   -0.730927220789782E+00
   -0.741458834575594E+00
   -0.752141079554724E+00
   -0.762976046002101E+00
   -0.773965849019296E+00
   -0.785112628614455E+00
   -0.796418549775568E+00
   -0.807885802537506E+00
   -0.819516602043438E+00
   -0.831313188601320E+00
   -0.843277827736359E+00
   -0.855412810240502E+00
   -0.867720452220191E+00
   -0.880203095143866E+00
   -0.892863105890897E+00
   -0.905702876803899E+00
   -0.918724825746661E+00
   -0.931931396170224E+00
   -0.945325057189951E+00
   -0.958908303676819E+00
   -0.972683656366508E+00
   -0.986653661990294E+00
   -0.100082089343218E+01
   -0.101518794991717E+01
   -0.102975745723607E+01
   -0.104453206801276E+01
   -0.105951446202040E+01
   -0.107470734655362E+01
   -0.109011345686436E+01
   -0.110573555666967E+01
   -0.112157643874046E+01
   -0.113763892558073E+01
   -0.115392587020772E+01
   -0.117044015704398E+01
   -0.118718470293303E+01
   -0.120416245829117E+01
   -0.122137640840855E+01
   -0.123882957491334E+01
   -0.125652501741345E+01
   -0.127446583533100E+01
   -0.129265516994516E+01
   -0.131109620665951E+01
   -0.132979217751051E+01
   -0.134874636393389E+01
   -0.136796209980606E+01
   -0.138744277477742E+01
   -0.140719183791453E+01
   -0.142721280166758E+01
   -0.144750924617883E+01
   -0.146808482394710E+01
   -0.148894326486178E+01
   -0.151008838161848E+01
   -0.153152407552634E+01
   -0.155325434271452E+01
   -0.157528328074244E+01
   -0.159761509561493E+01
   -0.162025410919906E+01
   -0.164320476703493E+01
   -0.166647164652702E+01
   -0.169005946549635E+01
   -0.171397309106689E+01
   -0.173821754885128E+01
   -0.176279803239236E+01
   -0.178771991280698E+01
   -0.181298874856766E+01
   -0.183861029534580E+01
   -0.186459051582729E+01
   -0.189093558939706E+01
   -0.191765192157443E+01
   -0.194474615306473E+01
   -0.197222516827579E+01
   -0.200009610312999E+01
   -0.202836635198383E+01
   -0.205704357344758E+01
   -0.208613569487801E+01
   -0.211565091529697E+01
   -0.214559770646864E+01
   -0.217598481184865E+01
   -0.220682124309937E+01
   -0.223811627384751E+01
   -0.226987943034440E+01
   -0.230212047867463E+01
   -0.233484940814789E+01
   -0.236807641050035E+01
   -0.240181185452841E+01
   -0.243606625577830E+01
   -0.247085024092206E+01
   -0.250617450646338E+01
   -0.254204977143764E+01
   -0.257848672379968E+01
   -0.261549596023122E+01
   -0.265308791914829E+01
   -0.269127280674899E+01
   -0.273006051601310E+01
   -0.276946053864897E+01
   -0.280948187008019E+01
   -0.285013290767442E+01
   -0.289142134254026E+01
   -0.293335404535483E+01
   -0.297593694683364E+01
   -0.301917491361503E+01
   -0.306307162050262E+01
   -0.310762942018796E+01
   -0.315284921176058E+01
   -0.319873030950019E+01
   -0.324527031363174E+01
   -0.329246498490523E+01
   -0.334030812503167E+01
   -0.338879146516062E+01
   -0.343790456471477E+01
   -0.348763472299798E+01
   -0.353796690605587E+01
   -0.358888369128560E+01
   -0.364036523225532E+01
   -0.369238924609561E+01
   -0.374493102565746E+01
   -0.379796347838667E+01
   -0.385145719353556E+01
   -0.390538053891610E+01
   -0.395969978788820E+01
   -0.401437927667416E+01
   -0.406938159139345E+01
   -0.412466778342882E+01
   -0.418019761086963E+01
   -0.423592980284634E+01
   -0.429182234258542E+01
   -0.434783276399883E+01
   -0.440391845560186E+01
   -0.446003696455903E+01
   -0.451614629272456E+01
   -0.457220517571241E+01
   -0.462817333534375E+01
   -0.468401169532463E+01
   -0.473968254974986E+01
   -0.479514967406103E+01
   -0.485037836845164E+01
   -0.490533542445479E+01
   -0.495998900660402E+01
   -0.501430844265484E+01
   -0.506826391790802E+01
   -0.512182607168919E+01
   -0.517496549699730E+01
   -0.522765214770255E+01
   -0.527985466139769E+01
   -0.533153961000539E+01
   -0.538267069441704E+01
   -0.543320790365813E+01
   -0.548310666319399E+01
   -0.553231700083795E+01
   -0.558078276211733E+01
   -0.562844090969505E+01
   -0.567522094333562E+01
   -0.572104447774750E+01
   -0.576582501524680E+01
   -0.580946794840846E+01
   -0.585187082457784E+01
   -0.589292389922555E+01
   -0.593251099862039E+01
   -0.597051070421106E+01
   -0.600679786156459E+01
   -0.604124540590517E+01
   -0.607372648451062E+01
   -0.610411684381590E+01
   -0.613229743647885E+01
   -0.615815719138308E+01
   -0.618159587813648E+01
   -0.620252698764650E+01
   -0.622088054239786E+01
   -0.623660574467811E+01
   -0.624967336868877E+01
   -0.626007780365373E+01
   -0.626783865997529E+01
   -0.627300185932857E+01
   -0.627564014228255E+01
   -0.627585294335820E+01
   -0.627376560294263E+01
   -0.626952790753983E+01
   -0.626331197363277E+01
   -0.625530951498560E+01
   -0.624572855743595E+01
   -0.623478968796259E+01
   -0.622272194490293E+01
   -0.620975847254312E+01
   -0.619613207494606E+01
   -0.618207081005352E+01
   -0.616779376528796E+01
   -0.615350714988159E+01
   -0.613940082710078E+01
   -0.612564539188381E+01
   -0.611238987696687E+01
   -0.609976014443105E+01
   -0.608785799108796E+01
   -0.607676096671898E+01
   -0.606652287544193E+01
   -0.605717490391607E+01
   -0.604872729709068E+01
   -0.604117148391019E+01
   -0.603448254265631E+01
   -0.602862188892516E+01
   -0.602354006870335E+01
   -0.601917954433106E+01
   -0.601547737167632E+01
   -0.601236768164326E+01
   -0.600978389703109E+01
   -0.600766063545401E+01
   -0.600593526920863E+01
   -0.600454913238732E+01
   -0.600344838310147E+01
   -0.600258454354223E+01
   -0.600191475218754E+01
   -0.600140177047595E+01
   -0.600101379070352E+01
   -0.600072409300992E+01
   -0.600051059755148E+01
   -0.600035535390260E+01
   -0.600024400404484E+01
   -0.600016524866490E+01
   -0.600011033951280E+01
   -0.600007261379968E+01
   -0.600004708045516E+01
   -0.600003006279705E+01
   -0.600001889794454E+01
   -0.600001169016570E+01
   -0.600000711323684E+01
   -0.600000425568021E+01
   -0.600000250227660E+01
   -0.600000144534164E+01
   -0.600000081973498E+01
   -0.600000045628641E+01
   -0.600000024914398E+01
   -0.600000013338098E+01
   -0.600000006997517E+01
   -0.600000003595590E+01
   -0.600000001808572E+01
   -0.600000000890016E+01
   -0.600000000428258E+01
   -0.600000000201374E+01
   -0.600000000092475E+01
   -0.600000000041448E+01
   -0.600000000018120E+01
   -0.600000000007721E+01
   -0.600000000003205E+01
   -0.600000000001295E+01
   -0.600000000000509E+01
   -0.600000000000194E+01
   -0.600000000000072E+01
   -0.600000000000026E+01
   -0.600000000000009E+01
   -0.600000000000003E+01
   -0.600000000000001E+01
   -0.600000000000000E+01
   -0.600000000000000E+01
   -0.600000000000000E+01
   -0.600000000000000E+01
   -0.600000000000000E+01
   -0.600000000000000E+01
   -0.600000000000000E+01
   -0.600000000000000E+01
   -0.600000000000000E+01
   -0.600000000000000E+01
   -0.600000000000000E+01
   -0.600000000000000E+01
   -0.600000000000000E+01
   -0.600000000000000E+01
   -0.600000000000000E+01
   -0.600000000000000E+01
   -0.600000000000000E+01
   -0.600000000000000E+01
   -0.600000000000000E+01
   -0.600000000000000E+01
   -0.600000000000000E+01
   -0.600000000000000E+01
   -0.600000000000000E+01
   -0.600000000000000E+01
   -0.600000000000000E+01
   -0.600000000000000E+01
   -0.600000000000000E+01
   -0.600000000000000E+01
   -0.600000000000000E+01
   -0.600000000000000E+01
   -0.600000000000000E+01
   -0.600000000000000E+01
   -0.600000000000000E+01
   -0.600000000000000E+01
   -0.600000000000000E+01
   -0.600000000000000E+01
   -0.600000000000000E+01
   -0.600000000000000E+01
   -0.600000000000000E+01
   -0.600000000000000E+01
   -0.600000000000000E+01
   -0.600000000000000E+01
   -0.600000000000000E+01
   -0.600000000000000E+01
   -0.600000000000000E+01
   -0.600000000000000E+01
   -0.600000000000000E+01
   -0.600000000000000E+01
   -0.600000000000000E+01
   -0.600000000000000E+01
   -0.600000000000000E+01
   -0.600000000000000E+01
   -0.600000000000000E+01
   -0.600000000000000E+01
   -0.600000000000000E+01
   -0.600000000000000E+01
   -0.600000000000000E+01
   -0.600000000000000E+01
   -0.600000000000000E+01
   -0.600000000000000E+01
   -0.600000000000000E+01
   -0.600000000000000E+01
   -0.600000000000000E+01
   -0.600000000000000E+01
   -0.600000000000000E+01
   -0.600000000000000E+01
   -0.600000000000000E+01
   -0.600000000000000E+01
   -0.600000000000000E+01
   -0.600000000000000E+01
   -0.600000000000000E+01
   -0.600000000000000E+01
   -0.600000000000000E+01
   -0.600000000000000E+01
   -0.600000000000000E+01
   -0.600000000000000E+01
   -0.600000000000000E+01
   -0.600000000000000E+01
   -0.600000000000000E+01
   -0.600000000000000E+01
   -0.600000000000000E+01
   -0.600000000000000E+01
   -0.600000000000000E+01
   -0.600000000000000E+01
   -0.600000000000000E+01
   -0.600000000000000E+01
   -0.600000000000000E+01
   -0.600000000000000E+01
   -0.600000000000000E+01
   -0.600000000000000E+01
   -0.600000000000000E+01
   -0.600000000000000E+01
   -0.600000000000000E+01
   -0.600000000000000E+01
   -0.600000000000000E+01
   -0.600000000000000E+01
   -0.600000000000000E+01
   -0.600000000000000E+01
   -0.600000000000000E+01
   -0.600000000000000E+01
   -0.600000000000000E+01
   -0.600000000000000E+01
   -0.600000000000000E+01
   -0.600000000000000E+01
   -0.600000000000000E+01
   -0.600000000000000E+01
   -0.600000000000000E+01
   -0.600000000000000E+01
   -0.600000000000000E+01
   -0.600000000000000E+01
   -0.600000000000000E+01
   -0.600000000000000E+01
   -0.600000000000000E+01
   -0.600000000000000E+01
   -0.600000000000000E+01
   -0.600000000000000E+01
   -0.600000000000000E+01
   -0.600000000000000E+01
   -0.600000000000000E+01
   -0.600000000000000E+01
   -0.600000000000000E+01
   -0.600000000000000E+01
   -0.600000000000000E+01
   -0.600000000000000E+01
   -0.600000000000000E+01
   -0.600000000000000E+01
   -0.600000000000000E+01
   -0.600000000000000E+01
   -0.600000000000000E+01
   -0.600000000000000E+01
   -0.600000000000000E+01
   -0.600000000000000E+01
   -0.600000000000000E+01
   -0.600000000000000E+01
   -0.600000000000000E+01
   -0.600000000000000E+01
   -0.600000000000000E+01
   -0.600000000000000E+01
   -0.600000000000000E+01
   -0.600000000000000E+01
   -0.600000000000000E+01
   -0.600000000000000E+01
   -0.600000000000000E+01
   -0.600000000000000E+01
   -0.600000000000000E+01
   -0.600000000000000E+01
   -0.600000000000000E+01
   -0.600000000000000E+01
   -0.600000000000000E+01
   -0.600000000000000E+01
   -0.600000000000000E+01
   -0.600000000000000E+01
   -0.600000000000000E+01
   -0.600000000000000E+01
   -0.600000000000000E+01
   -0.600000000000000E+01
   -0.600000000000000E+01
   -0.600000000000000E+01
   -0.600000000000000E+01
   -0.600000000000000E+01
   -0.600000000000000E+01
   -0.600000000000000E+01
   -0.600000000000000E+01
   -0.600000000000000E+01
   -0.600000000000000E+01
   -0.600000000000000E+01
   -0.600000000000000E+01
   -0.600000000000000E+01
   -0.600000000000000E+01
   -0.600000000000000E+01
   -0.600000000000000E+01
   -0.600000000000000E+01
   -0.600000000000000E+01
   -0.600000000000000E+01
   -0.600000000000000E+01
   -0.600000000000000E+01
   -0.600000000000000E+01
   -0.600000000000000E+01
   -0.600000000000000E+01
   -0.600000000000000E+01
   -0.600000000000000E+01
   -0.600000000000000E+01
   -0.600000000000000E+01
   -0.600000000000000E+01
   -0.600000000000000E+01
   -0.600000000000000E+01
   -0.600000000000000E+01
   -0.600000000000000E+01
   -0.600000000000000E+01
   -0.600000000000000E+01
   -0.600000000000000E+01
   -0.600000000000000E+01
   -0.600000000000000E+01
   -0.600000000000000E+01
   -0.600000000000000E+01
   -0.600000000000000E+01
   -0.600000000000000E+01
   -0.600000000000000E+01
   -0.600000000000000E+01
   -0.600000000000000E+01
   -0.600000000000000E+01
   -0.600000000000000E+01
   -0.600000000000000E+01
   -0.600000000000000E+01
   -0.600000000000000E+01
   -0.600000000000000E+01
   -0.600000000000000E+01
   -0.600000000000000E+01
   -0.600000000000000E+01
   -0.600000000000000E+01
   -0.600000000000000E+01
   -0.600000000000000E+01
   -0.600000000000000E+01
   -0.600000000000000E+01
   -0.600000000000000E+01
   -0.600000000000000E+01
   -0.600000000000000E+01
   -0.600000000000000E+01
   -0.600000000000000E+01
   -0.600000000000000E+01
   -0.600000000000000E+01
   -0.600000000000000E+01
   -0.600000000000000E+01
   -0.600000000000000E+01
   -0.600000000000000E+01
   -0.600000000000000E+01
   -0.600000000000000E+01
   -0.600000000000000E+01
   -0.600000000000000E+01
   -0.600000000000000E+01
   -0.600000000000000E+01
   -0.600000000000000E+01
   -0.600000000000000E+01
   -0.600000000000000E+01
   -0.600000000000000E+01
   -0.600000000000000E+01
   -0.600000000000000E+01
   -0.600000000000000E+01
   -0.600000000000000E+01
   -0.600000000000000E+01
   -0.600000000000000E+01
   -0.600000000000000E+01
   -0.600000000000000E+01
   -0.600000000000000E+01
   -0.600000000000000E+01
   -0.600000000000000E+01
   -0.600000000000000E+01
   -0.600000000000000E+01
   -0.600000000000000E+01
   -0.600000000000000E+01
   -0.600000000000000E+01
   -0.600000000000000E+01
   -0.600000000000000E+01
   -0.600000000000000E+01
   -0.600000000000000E+01
   -0.600000000000000E+01
   -0.600000000000000E+01
   -0.600000000000000E+01
   -0.600000000000000E+01
   -0.600000000000000E+01
   -0.600000000000000E+01
   -0.600000000000000E+01
