!pp_gamess_Sc_r32
ECP,Sc,10,3,0
6;                                     !Vf
 1 , 8.68432435 , 11.00000000 ;
 2 , 12.96081047 , 1293.12711368 ;
 2 , 3.42726018 , -59.34807006 ;
 2 , 13.92649869 , -6626.33658022 ;
 2 , 14.11355210 , 5365.41708240 ;
 3 , 3.87834215 , 95.52756789 ;
6;                                     !Vs-Vf
 2 , 14.11363493 , -1440.62357854 ;
 2 , 4.42786296 , 1446.79489764 ;
 2 , 7.46074548 , 1050.04127472 ;
 2 , 10.23497103 , -1912.41836536 ;
 2 , 4.52530004 , -1650.47187099 ;
 2 , 13.07922465 , 2533.37356676 ;
6;                                     !Vp-Vf
 2 , 9.83953250 , -2010.30180022 ;
 2 , 7.25097401 , 5631.76707687 ;
 2 , 11.82021185 , 1509.60262739 ;
 2 , 14.07360771 , -828.78506213 ;
 2 , 7.08429214 , -4735.68663471 ;
 2 , 14.07300873 , 448.64562297 ;
6;                                     !Vd-Vf
 2 , 11.29587976 , -601.89600974 ;
 2 , 5.72021715 , -579.31395114 ;
 2 , 6.53279002 , 1763.89134660 ;
 2 , 8.11391472 , -2851.88304886 ;
 2 , 9.95756387 , 4919.92224516 ;
 2 , 10.23976149 , -2662.25824067 ;
